T,2014,09,06,00,03,05
B,264380,17561,153,3447,159639,6061,175,3447,980.3,302.1
G,3127464,105896,160,3447,1842913,32564,140,3447,980.3,302.1
R,1283136,62567,6743,3447,758550,33704,6649,3447,980.3,302.1
D,NBXX,9999,2.423e-5,1.714e-5,1.117e-5,2.920e-6,3.066e-6,2.362e-6
Y,188467,980.3,302.1,297.9,68.9,13.1,5.7,0,0000
T,2014,09,06,00,08,05
B,263678,17409,144,3448,159351,6109,158,3447,980.3,302.1
G,3130292,105872,160,3448,1845215,32118,119,3447,980.3,302.1
R,1283451,61911,6677,3448,758897,33231,6635,3447,980.3,302.1
D,NBXX,9999,2.400e-5,1.711e-5,1.081e-5,3.213e-6,2.927e-6,2.129e-6
Y,188583,980.3,302.1,297.9,68.7,13.1,5.7,0,0000
T,2014,09,06,00,13,05
B,262855,17474,180,3447,159107,6132,167,3447,980.2,302.0
G,3126574,104665,131,3447,1840890,32285,105,3447,980.2,302.0
R,1281432,61846,6482,3447,758246,33077,6585,3447,980.2,302.0
D,NBXX,9999,2.420e-5,1.679e-5,1.099e-5,3.173e-6,3.005e-6,2.223e-6
Y,188413,980.2,302.0,297.9,68.9,13.1,5.7,0,0000
T,2014,09,06,00,18,05
B,262852,17315,195,3447,159922,6064,156,3448,980.1,302.0
G,3130007,104706,154,3447,1845101,32242,140,3448,980.1,302.0
R,1282914,61333,6449,3447,758854,33403,6536,3448,980.1,302.0
D,NBXX,9999,2.370e-5,1.674e-5,1.070e-5,2.943e-6,2.956e-6,2.466e-6
Y,188621,980.1,302.0,297.9,69.0,13.1,5.7,0,0000
T,2014,09,06,00,23,05
B,263501,17315,171,3447,159879,6091,162,3447,980.1,302.0
G,3125747,104786,175,3447,1843720,32076,134,3447,980.1,302.0
R,1282963,61748,6434,3447,759063,33301,6423,3447,980.1,302.0
D,NBXX,9999,2.363e-5,1.681e-5,1.105e-5,3.053e-6,2.915e-6,2.499e-6
Y,188363,980.1,302.0,297.9,69.2,13.1,5.7,0,0000
T,2014,09,06,00,28,05
B,263293,17322,180,3448,158569,5934,174,3447,980.0,302.0
G,3130934,104557,146,3448,1845886,32405,110,3447,980.0,302.0
R,1283641,61601,6478,3448,760692,32784,6525,3447,980.0,302.0
D,NBXX,9999,2.362e-5,1.670e-5,1.084e-5,2.511e-6,3.024e-6,2.073e-6
Y,188622,980.0,302.0,297.8,69.2,13.1,5.7,0,0000
T,2014,09,06,00,33,05
B,263996,17265,171,3447,159412,5856,192,3447,980.0,302.0
G,3131881,104184,142,3447,1843926,31747,137,3447,980.0,302.0
R,1282831,60942,6451,3447,759016,32812,6441,3447,980.0,302.0
D,NBXX,9999,2.327e-5,1.656e-5,1.053e-5,2.188e-6,2.802e-6,2.172e-6
Y,188734,980.0,302.0,297.8,69.3,13.1,5.7,0,0000
T,2014,09,06,00,38,05
B,263229,17077,144,3447,159588,6096,200,3447,980.0,302.0
G,3124700,103861,133,3447,1846482,32086,100,3447,980.0,302.0
R,1282643,61525,6438,3447,758389,33335,6523,3447,980.0,302.0
D,NBXX,9999,2.291e-5,1.655e-5,1.084e-5,3.047e-6,2.949e-6,2.448e-6
Y,188300,980.0,302.0,297.8,69.5,13.1,5.7,0,0000
T,2014,09,06,00,43,05
B,263690,17196,149,3447,159035,5943,151,3448,980.0,301.9
G,3130382,104178,144,3447,1849860,32296,113,3448,980.0,301.9
R,1279722,61358,6328,3447,760981,33044,6586,3448,980.0,301.9
D,NBXX,9999,2.334e-5,1.656e-5,1.084e-5,2.696e-6,2.972e-6,2.323e-6
Y,188643,980.0,301.9,297.8,69.5,13.1,5.7,0,0000
T,2014,09,06,00,48,05
B,263308,17137,155,3447,159133,6076,153,3447,980.0,301.9
G,3127698,104722,146,3447,1844660,32805,131,3447,980.0,301.9
R,1282171,61682,6451,3447,758733,33062,6322,3447,980.0,301.9
D,NBXX,9999,2.321e-5,1.675e-5,1.109e-5,3.109e-6,3.137e-6,2.418e-6
Y,188481,980.0,301.9,297.8,69.5,13.1,5.7,0,0000
T,2014,09,06,00,53,05
B,263001,17107,171,3448,159536,5985,164,3447,979.9,301.9
G,3128448,104550,120,3448,1851156,32627,112,3447,979.9,301.9
R,1281586,61308,6374,3448,759963,32955,6506,3447,979.9,301.9
D,NBXX,9999,2.308e-5,1.671e-5,1.082e-5,2.756e-6,3.098e-6,2.298e-6
Y,188471,979.9,301.9,297.7,69.5,13.1,5.7,0,0000
T,2014,09,06,00,58,05
B,263840,17216,158,3447,158695,6134,155,3447,979.9,301.9
G,3130312,104286,144,3447,1843996,32422,161,3447,979.9,301.9
R,1280498,61013,6491,3447,755635,32956,6338,3447,979.9,301.9
D,NBXX,9999,2.333e-5,1.658e-5,1.070e-5,3.235e-6,2.997e-6,2.341e-6
Y,188639,979.9,301.9,297.7,69.3,13.1,5.7,0,0000
T,2014,09,06,01,03,05
B,263526,17437,141,3447,159678,5884,153,3448,979.9,301.8
G,3128408,104538,119,3447,1848064,32168,135,3448,979.9,301.8
R,1281167,61276,6362,3447,757759,32908,6310,3448,979.9,301.8
D,NBXX,9999,2.411e-5,1.669e-5,1.096e-5,2.533e-6,2.939e-6,2.413e-6
Y,188524,979.9,301.8,297.7,69.5,13.1,5.7,0,0000
T,2014,09,06,01,08,05
B,263832,17152,163,3447,158799,6080,153,3447,979.8,301.8
G,3130405,104238,149,3447,1847460,32208,103,3447,979.8,301.8
R,1280011,60618,6420,3447,759403,32961,6454,3447,979.8,301.8
D,NBXX,9999,2.310e-5,1.658e-5,1.043e-5,3.044e-6,2.949e-6,2.316e-6
Y,188645,979.8,301.8,297.7,69.7,13.1,5.7,0,0000
T,2014,09,06,01,13,05
B,263624,17360,154,3448,159150,5948,150,3447,979.8,301.8
G,3128684,105106,109,3448,1843787,32448,106,3447,979.8,301.8
R,1280166,60819,6299,3448,757139,32757,6238,3447,979.8,301.8
D,NBXX,9999,2.382e-5,1.688e-5,1.079e-5,2.698e-6,3.047e-6,2.435e-6
Y,188486,979.8,301.8,297.6,69.7,13.1,5.7,0,0000
T,2014,09,06,01,18,05
B,263591,18189,176,3447,159573,6190,177,3447,979.8,301.8
G,3129663,112159,103,3447,1843168,33694,120,3447,979.8,301.8
R,1280438,65244,6287,3447,757154,33703,6343,3447,979.8,301.8
D,NBXX,9999,2.622e-5,1.910e-5,1.346e-5,3.267e-6,3.431e-6,2.947e-6
Y,188600,979.8,301.8,297.5,70.2,13.1,5.7,0,0000
T,2014,09,06,01,23,05
B,264194,18708,161,3447,159254,6079,170,3448,979.8,301.8
G,3134853,117254,154,3447,1844979,34025,95,3448,979.8,301.8
R,1280895,66435,6527,3447,756151,33631,6300,3448,979.8,301.8
D,NBXX,9999,2.777e-5,2.063e-5,1.405e-5,2.958e-6,3.505e-6,2.752e-6
Y,188914,979.8,301.8,297.6,70.6,13.0,5.7,0,0000
T,2014,09,06,01,28,05
B,264113,18573,184,3447,159803,6247,173,3447,979.7,301.8
G,3132756,116708,138,3447,1847721,34432,135,3447,979.7,301.8
R,1282341,66457,6456,3447,759599,33733,6215,3447,979.7,301.8
D,NBXX,9999,2.728e-5,2.048e-5,1.414e-5,3.393e-6,3.634e-6,2.919e-6
Y,188787,979.7,301.8,297.6,70.8,13.1,5.7,0,0000
T,2014,09,06,01,33,05
B,263584,18781,148,3448,159525,6244,148,3447,979.8,301.8
G,3133797,117401,159,3448,1845898,34361,118,3447,979.8,301.8
R,1280231,65622,6333,3448,759108,33452,6299,3447,979.8,301.8
D,NBXX,9999,2.825e-5,2.068e-5,1.370e-5,3.644e-6,3.610e-6,2.797e-6
Y,188795,979.8,301.8,297.7,70.5,13.1,5.7,0,0000
T,2014,09,06,01,38,05
B,264109,19078,190,3447,159623,6446,183,3447,979.7,301.9
G,3130023,119715,132,3447,1846954,34901,127,3447,979.7,301.9
R,1279556,68135,6324,3447,759133,33923,6316,3447,979.7,301.9
D,NBXX,9999,2.880e-5,2.146e-5,1.527e-5,3.964e-6,3.797e-6,3.084e-6
Y,188622,979.7,301.9,297.7,70.8,13.1,5.7,0,0000
T,2014,09,06,01,43,05
B,264796,19412,178,3447,160026,6380,179,3448,979.7,301.9
G,3130201,120993,163,3447,1845830,34948,111,3448,979.7,301.9
R,1282461,67696,6181,3447,759870,33988,6214,3448,979.7,301.9
D,NBXX,9999,2.974e-5,2.186e-5,1.510e-5,3.764e-6,3.802e-6,3.269e-6
Y,188632,979.7,301.9,297.7,70.6,13.1,5.7,0,0000
T,2014,09,06,01,48,05
B,263856,19178,175,3447,159069,6484,142,3447,979.6,301.9
G,3131425,119860,138,3447,1846019,34544,123,3447,979.6,301.9
R,1281016,66957,6409,3447,756245,33726,6293,3447,979.6,301.9
D,NBXX,9999,2.937e-5,2.149e-5,1.446e-5,4.299e-6,3.679e-6,2.904e-6
Y,188706,979.6,301.9,297.7,70.6,13.1,5.7,0,0000
T,2014,09,06,01,53,05
B,263319,18799,133,3448,158007,6281,189,3447,979.7,301.8
G,3131112,118759,116,3448,1844363,34828,107,3447,979.7,301.8
R,1283527,66991,6337,3448,756875,33768,6334,3447,979.7,301.8
D,NBXX,9999,2.827e-5,2.116e-5,1.443e-5,3.684e-6,3.786e-6,2.934e-6
Y,188632,979.7,301.8,297.7,70.5,13.1,5.7,0,0000
T,2014,09,06,01,58,05
B,262812,19299,160,3447,159627,6291,126,3447,979.7,301.8
G,3131467,118901,128,3447,1842944,34607,114,3447,979.7,301.8
R,1281029,66680,6236,3447,755568,33594,6322,3447,979.7,301.8
D,NBXX,9999,3.005e-5,2.119e-5,1.439e-5,3.874e-6,3.705e-6,2.926e-6
Y,188709,979.7,301.8,297.7,70.6,13.1,5.7,0,0000
T,2014,09,06,02,03,05
B,263483,18914,177,3447,158893,6372,183,3448,979.7,301.9
G,3132885,119482,131,3447,1846149,34794,131,3448,979.7,301.9
R,1280961,67007,6262,3447,758431,34022,6372,3448,979.7,301.9
D,NBXX,9999,2.848e-5,2.135e-5,1.454e-5,3.820e-6,3.749e-6,3.132e-6
Y,188795,979.7,301.9,297.7,70.5,13.1,5.7,0,0000
T,2014,09,06,02,08,05
B,262507,19948,161,3447,159619,6493,114,3447,979.7,301.9
G,3131719,124531,127,3447,1844458,35881,151,3447,979.7,301.9
R,1282033,67696,6195,3447,756954,34263,6334,3447,979.7,301.9
D,NBXX,9999,3.220e-5,2.295e-5,1.501e-5,4.575e-6,4.093e-6,3.351e-6
Y,188724,979.7,301.9,297.7,70.0,13.1,5.7,0,0000
T,2014,09,06,02,13,05
B,263186,20927,180,3448,160165,6555,169,3447,979.6,301.9
G,3132141,134384,139,3448,1844446,37412,123,3447,979.6,301.9
R,1280659,72784,6339,3448,756650,34469,6227,3447,979.6,301.9
D,NBXX,9999,3.481e-5,2.606e-5,1.817e-5,4.458e-6,4.583e-6,3.470e-6
Y,188695,979.6,301.9,297.7,69.8,13.1,5.7,0,0000
T,2014,09,06,02,18,05
B,263492,21047,169,3447,158640,6544,188,3447,979.6,301.9
G,3129365,135636,135,3447,1843411,37174,147,3447,979.6,301.9
R,1278520,73736,6312,3447,757476,34519,6257,3447,979.6,301.9
D,NBXX,9999,3.508e-5,2.648e-5,1.882e-5,4.367e-6,4.508e-6,3.515e-6
Y,188582,979.6,301.9,297.7,69.8,13.1,5.7,0,0000
T,2014,09,06,02,23,05
B,262335,20569,151,3447,159771,6482,181,3448,979.6,301.8
G,3135303,129726,122,3447,1851018,36325,129,3448,979.6,301.8
R,1281163,69992,6273,3447,758475,34202,6238,3448,979.6,301.8
D,NBXX,9999,3.394e-5,2.455e-5,1.647e-5,4.329e-6,4.226e-6,3.330e-6
Y,188941,979.6,301.8,297.7,70.0,13.1,5.7,0,0000
T,2014,09,06,02,28,05
B,262478,20270,193,3447,159292,6546,148,3447,979.5,301.8
G,3134019,129518,107,3447,1845809,35765,128,3447,979.5,301.8
R,1280364,70038,6318,3447,756941,34171,6371,3447,979.5,301.8
D,NBXX,9999,3.295e-5,2.451e-5,1.639e-5,4.490e-6,4.064e-6,3.195e-6
Y,188863,979.5,301.8,297.7,70.0,13.1,5.7,0,0000
T,2014,09,06,02,33,05
B,263472,20456,151,3448,159039,6425,171,3447,979.5,301.8
G,3132954,129637,153,3448,1846238,35749,136,3447,979.5,301.8
R,1278425,70630,6295,3448,758284,34475,6282,3447,979.5,301.8
D,NBXX,9999,3.335e-5,2.454e-5,1.689e-5,4.118e-6,4.046e-6,3.488e-6
Y,188744,979.5,301.8,297.7,70.2,13.1,5.7,0,0000
T,2014,09,06,02,38,05
B,263353,20698,187,3447,158847,6602,159,3447,979.4,301.8
G,3132314,134192,129,3447,1843586,36581,131,3447,979.4,301.8
R,1279705,72830,6151,3447,757081,34477,6305,3447,979.4,301.8
D,NBXX,9999,3.405e-5,2.600e-5,1.830e-5,4.582e-6,4.318e-6,3.559e-6
Y,188760,979.4,301.8,297.7,70.2,13.1,5.7,0,0000
T,2014,09,06,02,43,05
B,262537,20944,156,3447,159695,6497,145,3448,979.3,301.8
G,3129687,135846,108,3447,1849054,37335,82,3448,979.3,301.8
R,1280489,73295,6314,3447,758478,34664,6131,3448,979.3,301.8
D,NBXX,9999,3.519e-5,2.658e-5,1.858e-5,4.486e-6,4.588e-6,3.670e-6
Y,188601,979.3,301.8,297.7,70.2,13.1,5.7,0,0000
T,2014,09,06,02,48,05
B,263393,21737,170,3447,158313,6611,163,3447,979.3,301.8
G,3133688,141457,122,3447,1849771,37595,115,3447,979.3,301.8
R,1279493,75525,6223,3447,758275,34953,6298,3447,979.3,301.8
D,NBXX,9999,3.732e-5,2.828e-5,1.994e-5,4.667e-6,4.641e-6,3.809e-6
Y,188843,979.3,301.8,297.7,70.2,13.1,5.7,0,0000
T,2014,09,06,02,53,05
B,264085,21425,142,3447,159371,6545,177,3447,979.4,301.8
G,3133726,138937,150,3447,1845118,37100,119,3447,979.4,301.8
R,1282196,74475,6313,3447,756446,34633,6186,3447,979.4,301.8
D,NBXX,9999,3.621e-5,2.747e-5,1.922e-5,4.450e-6,4.473e-6,3.600e-6
Y,188846,979.4,301.8,297.7,70.2,13.1,5.7,0,0000
T,2014,09,06,02,58,05
B,262518,20897,160,3448,159780,6498,144,3447,979.3,301.8
G,3132001,135306,170,3448,1846202,36779,138,3447,979.3,301.8
R,1280598,72633,6014,3448,758084,34373,6261,3447,979.3,301.8
D,NBXX,9999,3.504e-5,2.634e-5,1.829e-5,4.491e-6,4.367e-6,3.621e-6
Y,188686,979.3,301.8,297.7,70.3,13.1,5.7,0,0000
T,2014,09,06,03,03,05
B,263012,20963,149,3447,159107,6571,183,3447,979.3,301.8
G,3131739,133875,139,3447,1842082,36444,86,3447,979.3,301.8
R,1279733,72711,6262,3447,758486,34309,6302,3447,979.3,301.8
D,NBXX,9999,3.502e-5,2.592e-5,1.815e-5,4.575e-6,4.290e-6,3.377e-6
Y,188725,979.3,301.8,297.6,70.3,13.1,5.7,0,0000
T,2014,09,06,03,08,05
B,262564,20804,163,3447,160189,6426,168,3448,979.3,301.8
G,3132221,132176,80,3447,1846671,36600,127,3448,979.3,301.8
R,1282114,71501,6250,3447,757670,34447,6292,3448,979.3,301.8
D,NBXX,9999,3.464e-5,2.538e-5,1.735e-5,4.156e-6,4.340e-6,3.450e-6
Y,188754,979.3,301.8,297.6,70.3,13.1,5.7,0,0000
T,2014,09,06,03,13,05
B,262740,20548,192,3447,159231,6380,154,3447,979.4,301.8
G,3130429,131133,102,3447,1844913,36959,120,3447,979.4,301.8
R,1280791,70589,6225,3447,757006,33938,6158,3447,979.4,301.8
D,NBXX,9999,3.373e-5,2.507e-5,1.694e-5,3.939e-6,4.458e-6,3.267e-6
Y,188646,979.4,301.8,297.6,70.3,13.1,5.7,0,0000
T,2014,09,06,03,18,05
B,262321,20701,168,3448,158973,6379,179,3447,979.4,301.7
G,3133653,131050,109,3448,1841829,36292,123,3447,979.4,301.7
R,1281442,70432,6184,3448,756104,34217,6262,3447,979.4,301.7
D,NBXX,9999,3.430e-5,2.500e-5,1.678e-5,3.967e-6,4.236e-6,3.393e-6
Y,188786,979.4,301.7,297.6,70.3,13.1,5.7,0,0000
T,2014,09,06,03,23,05
B,263186,20477,175,3447,158457,6553,165,3447,979.3,301.7
G,3129397,131022,103,3447,1841449,36421,115,3447,979.3,301.7
R,1280355,70157,6106,3447,755416,34185,6316,3447,979.3,301.7
D,NBXX,9999,3.345e-5,2.505e-5,1.665e-5,4.478e-6,4.294e-6,3.396e-6
Y,188584,979.3,301.7,297.6,70.3,13.1,5.7,0,0000
T,2014,09,06,03,28,05
B,261675,21234,143,3425,157609,6513,140,3426,979.3,301.7
G,3114356,134727,131,3425,1821173,36716,102,3426,979.3,301.7
R,1272114,72477,6154,3425,747686,33981,6156,3426,979.3,301.7
D,NBXX,9999,3.637e-5,2.642e-5,1.841e-5,4.663e-6,4.433e-6,3.424e-6
Y,188884,979.3,301.7,297.6,70.2,13.1,5.7,0,0008
T,2014,09,06,03,33,05
B,255880,20677,135,3354,155401,6390,150,3354,979.4,301.7
G,3043342,129425,131,3354,1784782,35924,108,3354,979.4,301.7
R,1244986,69358,6006,3354,733905,33301,6045,3354,979.4,301.7
D,NBXX,9999,3.603e-5,2.569e-5,1.740e-5,4.692e-6,4.447e-6,3.455e-6
Y,188483,979.4,301.7,297.5,70.3,13.1,5.7,0,0008
T,2014,09,06,03,38,05
B,264638,20940,177,3448,159032,6391,156,3447,979.4,301.7
G,3136295,133098,110,3448,1845523,36655,118,3447,979.4,301.7
R,1283610,71379,6045,3448,756811,34618,6175,3447,979.4,301.7
D,NBXX,9999,3.453e-5,2.561e-5,1.746e-5,3.892e-6,4.342e-6,3.782e-6
Y,188946,979.4,301.7,297.5,70.5,13.1,5.7,0,0000
T,2014,09,06,03,43,05
B,263825,20792,190,3447,160221,6540,117,3447,979.4,301.7
G,3136692,133591,109,3447,1849216,36592,107,3447,979.4,301.7
R,1279845,71549,6326,3447,759005,34184,6091,3447,979.4,301.7
D,NBXX,9999,3.436e-5,2.576e-5,1.753e-5,4.496e-6,4.322e-6,3.404e-6
Y,189025,979.4,301.7,297.5,70.6,13.1,5.7,0,0000
T,2014,09,06,03,48,05
B,263482,21805,142,3447,158935,6759,156,3448,979.4,301.7
G,3131260,139294,125,3447,1841406,37466,112,3448,979.4,301.7
R,1280245,73647,6092,3447,754974,34567,6083,3448,979.4,301.7
D,NBXX,9999,3.760e-5,2.763e-5,1.900e-5,5.224e-6,4.606e-6,3.806e-6
Y,188696,979.4,301.7,297.5,70.5,13.1,5.7,0,0000
T,2014,09,06,03,53,05
B,263643,20800,161,3447,159219,6470,169,3447,979.4,301.6
G,3132964,129042,120,3447,1847396,36416,113,3447,979.4,301.6
R,1280732,69055,6163,3447,756198,34153,6163,3447,979.4,301.6
D,NBXX,9999,3.435e-5,2.438e-5,1.603e-5,4.211e-6,4.274e-6,3.442e-6
Y,188799,979.4,301.6,297.4,70.2,13.1,5.7,0,0000
T,2014,09,06,03,58,05
B,264064,20161,148,3448,158633,6436,149,3447,979.4,301.6
G,3131062,127173,142,3448,1841863,35805,108,3447,979.4,301.6
R,1280610,68037,5999,3448,755619,33812,6064,3447,979.4,301.6
D,NBXX,9999,3.239e-5,2.380e-5,1.559e-5,4.199e-6,4.085e-6,3.426e-6
Y,188629,979.4,301.6,297.4,70.0,13.1,5.7,0,0000
T,2014,09,06,04,03,05
B,264156,19932,146,3447,160045,6391,139,3447,979.3,301.6
G,3133259,126419,111,3447,1849070,35591,88,3447,979.3,301.6
R,1279694,67510,5894,3447,758879,33765,5971,3447,979.3,301.6
D,NBXX,9999,3.174e-5,2.356e-5,1.543e-5,4.105e-6,4.025e-6,3.543e-6
Y,188817,979.3,301.6,297.4,70.2,13.1,5.7,0,0000
T,2014,09,06,04,08,05
B,263365,20225,148,3447,159605,6469,138,3448,979.4,301.6
G,3135965,125296,129,3447,1850198,35502,95,3448,979.4,301.6
R,1282670,66910,6077,3447,756574,33992,6155,3448,979.4,301.6
D,NBXX,9999,3.279e-5,2.316e-5,1.472e-5,4.379e-6,3.975e-6,3.386e-6
Y,188981,979.4,301.6,297.4,70.0,13.1,5.7,0,0000
T,2014,09,06,04,13,05
B,263360,21537,198,3447,159721,6545,166,3447,979.4,301.5
G,3135118,134550,128,3447,1847026,36927,113,3447,979.4,301.5
R,1281060,69337,5948,3447,756883,33902,6058,3447,979.4,301.5
D,NBXX,9999,3.655e-5,2.608e-5,1.642e-5,4.327e-6,4.424e-6,3.513e-6
Y,188930,979.4,301.5,297.3,69.8,13.1,5.7,0,0000
T,2014,09,06,04,18,05
B,263662,23225,173,3448,159166,6832,184,3447,979.4,301.4
G,3134628,149413,116,3448,1850265,38776,136,3447,979.4,301.4
R,1280758,74886,5948,3448,758563,34820,6145,3447,979.4,301.4
D,NBXX,9999,4.171e-5,3.076e-5,1.981e-5,5.223e-6,5.007e-6,4.027e-6
Y,188845,979.4,301.4,297.2,70.2,13.1,5.7,0,0000
T,2014,09,06,04,23,05
B,262328,24372,167,3447,159368,7027,187,3447,979.4,301.5
G,3133003,154162,139,3447,1846397,38885,102,3447,979.4,301.5
R,1279536,76585,5957,3447,753761,35006,5960,3447,979.4,301.5
D,NBXX,9999,4.564e-5,3.229e-5,2.102e-5,5.933e-6,5.048e-6,4.276e-6
Y,188802,979.4,301.5,297.2,70.2,13.1,5.7,0,0000
T,2014,09,06,04,28,05
B,263521,24378,177,3447,159408,6945,144,3448,979.4,301.4
G,3133523,153982,121,3447,1846185,39117,138,3448,979.4,301.4
R,1278675,76576,5985,3447,755956,34596,6214,3448,979.4,301.4
D,NBXX,9999,4.544e-5,3.222e-5,2.084e-5,5.699e-6,5.109e-6,3.823e-6
Y,188833,979.4,301.4,297.2,70.2,13.1,5.7,0,0000
T,2014,09,06,04,33,05
B,263929,23125,152,3447,158830,6783,153,3447,979.4,301.4
G,3134698,145303,119,3447,1838988,38344,107,3447,979.4,301.4
R,1282657,73655,5848,3447,753635,34332,5897,3447,979.4,301.4
D,NBXX,9999,4.151e-5,2.948e-5,1.924e-5,5.231e-6,4.877e-6,3.951e-6
Y,188904,979.4,301.4,297.2,70.3,13.1,5.7,0,0000
T,2014,09,06,04,38,05
B,263586,23332,143,3448,158721,6915,150,3447,979.5,301.4
G,3133000,148480,102,3448,1845632,38752,120,3447,979.5,301.4
R,1278738,74751,6017,3448,757155,34388,6016,3447,979.5,301.4
D,NBXX,9999,4.228e-5,3.050e-5,1.982e-5,5.714e-6,5.017e-6,3.823e-6
Y,188747,979.5,301.4,297.2,70.2,13.1,5.7,0,0000
T,2014,09,06,04,43,05
B,263331,22551,127,3447,158955,6630,181,3447,979.5,301.4
G,3135612,143352,134,3447,1844420,38218,107,3447,979.5,301.4
R,1278421,72642,6019,3447,757881,33947,5931,3447,979.5,301.4
D,NBXX,9999,3.989e-5,2.884e-5,1.859e-5,4.793e-6,4.828e-6,3.607e-6
Y,188960,979.5,301.4,297.2,70.2,13.1,5.7,0,0000
T,2014,09,06,04,48,05
B,263728,21924,148,3447,159565,6722,145,3448,979.6,301.4
G,3136067,139764,154,3447,1850242,37232,119,3448,979.6,301.4
R,1276055,71898,6079,3447,756223,34162,5984,3448,979.6,301.4
D,NBXX,9999,3.790e-5,2.770e-5,1.811e-5,5.095e-6,4.501e-6,3.677e-6
Y,188987,979.6,301.4,297.2,70.2,13.0,5.7,0,0000
T,2014,09,06,04,53,05
B,263724,21237,134,3447,159421,6578,157,3447,979.5,301.4
G,3133109,133316,114,3447,1843678,36133,113,3447,979.5,301.4
R,1279528,69554,6016,3447,754070,33519,5852,3447,979.5,301.4
D,NBXX,9999,3.579e-5,2.572e-5,1.670e-5,4.664e-6,4.186e-6,3.390e-6
Y,188808,979.5,301.4,297.2,70.2,13.1,5.7,0,0000
T,2014,09,06,04,58,05
B,262889,20905,158,3448,159678,6456,147,3447,979.6,301.4
G,3137876,131920,139,3448,1841080,36407,113,3447,979.6,301.4
R,1280561,68288,5845,3448,757019,33300,5850,3447,979.6,301.4
D,NBXX,9999,3.491e-5,2.521e-5,1.601e-5,4.303e-6,4.249e-6,3.374e-6
Y,189042,979.6,301.4,297.2,70.0,13.1,5.7,0,0000
T,2014,09,06,05,03,05
B,262175,20943,173,3447,159117,6460,159,3447,979.5,301.4
G,3133965,129358,122,3447,1845982,35970,116,3447,979.5,301.4
R,1278412,67877,5814,3447,756180,33161,5656,3447,979.5,301.4
D,NBXX,9999,3.511e-5,2.446e-5,1.597e-5,4.264e-6,4.128e-6,3.465e-6
Y,188860,979.5,301.4,297.2,70.0,13.1,5.7,0,0000
T,2014,09,06,05,08,05
B,263850,20214,153,3447,159371,6404,140,3447,979.4,301.4
G,3136920,127849,138,3447,1846063,35355,108,3447,979.4,301.4
R,1279579,67470,5812,3447,753845,33049,5700,3447,979.4,301.4
D,NBXX,9999,3.259e-5,2.394e-5,1.566e-5,4.111e-6,3.920e-6,3.354e-6
Y,189039,979.4,301.4,297.1,70.2,13.1,5.7,0,0000
T,2014,09,06,05,13,05
B,262553,20006,166,3447,159937,6427,160,3448,979.5,301.4
G,3133846,124890,123,3447,1845489,35102,115,3448,979.5,301.4
R,1278109,66887,5924,3447,755384,32974,5847,3448,979.5,301.4
D,NBXX,9999,3.213e-5,2.305e-5,1.515e-5,4.150e-6,3.851e-6,3.131e-6
Y,188853,979.5,301.4,297.2,70.0,13.1,5.7,0,0000
T,2014,09,06,05,18,05
B,263767,20373,150,3447,159675,6465,153,3447,979.5,301.4
G,3133307,127404,145,3447,1845397,35821,126,3447,979.5,301.4
R,1278284,67868,5796,3447,755055,32954,5883,3447,979.5,301.4
D,NBXX,9999,3.307e-5,2.384e-5,1.582e-5,4.269e-6,4.071e-6,3.188e-6
Y,188820,979.5,301.4,297.2,70.0,13.1,5.7,0,0000
T,2014,09,06,05,23,05
B,263110,20199,176,3448,160153,6385,148,3447,979.5,301.4
G,3137259,126653,113,3448,1846963,35258,108,3447,979.5,301.4
R,1280316,67000,5920,3448,755501,33009,5936,3447,979.5,301.4
D,NBXX,9999,3.261e-5,2.357e-5,1.510e-5,3.999e-6,3.901e-6,3.080e-6
Y,189004,979.5,301.4,297.2,70.0,13.1,5.7,0,0000
T,2014,09,06,05,28,05
B,263515,20098,153,3447,159625,6456,135,3447,979.6,301.4
G,3133526,124755,109,3447,1846633,35187,123,3447,979.6,301.4
R,1278893,65876,5739,3447,756634,33505,5655,3447,979.6,301.4
D,NBXX,9999,3.233e-5,2.302e-5,1.477e-5,4.313e-6,3.885e-6,3.729e-6
Y,188833,979.6,301.4,297.2,70.0,13.1,5.7,0,0000
T,2014,09,06,05,33,05
B,262851,19993,123,3447,158671,6242,146,3448,979.5,301.4
G,3136085,125884,118,3447,1844237,35387,104,3448,979.5,301.4
R,1280501,65884,5823,3447,756654,32547,5840,3448,979.5,301.4
D,NBXX,9999,3.223e-5,2.334e-5,1.455e-5,3.761e-6,3.939e-6,2.922e-6
Y,188988,979.5,301.4,297.2,69.8,13.1,5.7,0,0000
T,2014,09,06,05,38,05
B,263038,20143,109,3447,159678,6441,140,3447,979.4,301.4
G,3140370,127129,121,3447,1848729,35486,147,3447,979.4,301.4
R,1278647,66614,5811,3447,756164,32518,5840,3447,979.4,301.4
D,NBXX,9999,3.272e-5,2.367e-5,1.505e-5,4.441e-6,3.941e-6,2.934e-6
Y,189247,979.4,301.4,297.1,69.8,13.1,5.7,0,0000
T,2014,09,06,05,43,05
B,263829,20589,134,3448,159489,6311,131,3447,979.4,301.3
G,3136385,127732,110,3448,1847103,35732,118,3447,979.4,301.3
R,1279930,67122,5750,3448,756508,32862,5730,3447,979.4,301.3
D,NBXX,9999,3.385e-5,2.392e-5,1.546e-5,3.931e-6,4.051e-6,3.263e-6
Y,188951,979.4,301.3,297.1,70.0,13.1,5.7,0,0000
T,2014,09,06,05,48,05
B,264483,20628,128,3447,159170,6495,143,3447,979.4,301.4
G,3135262,126373,117,3447,1848697,35226,125,3447,979.4,301.4
R,1281850,66618,5850,3447,757624,33072,5832,3447,979.4,301.4
D,NBXX,9999,3.380e-5,2.350e-5,1.495e-5,4.425e-6,3.887e-6,3.225e-6
Y,188938,979.4,301.4,297.1,70.0,13.1,5.7,0,0000
T,2014,09,06,05,53,05
B,263594,20640,167,3447,160062,6353,141,3448,979.3,301.4
G,3138520,127715,124,3447,1848984,35546,114,3448,979.3,301.4
R,1281219,66987,5748,3447,754929,32740,5822,3448,979.3,301.4
D,NBXX,9999,3.394e-5,2.388e-5,1.528e-5,3.926e-6,3.975e-6,3.101e-6
Y,189136,979.3,301.4,297.2,69.8,13.1,5.7,0,0000
T,2014,09,06,05,58,05
B,263215,20760,154,3447,160359,6341,144,3447,979.3,301.3
G,3139826,127053,138,3447,1849067,35268,118,3447,979.3,301.3
R,1280482,66396,5672,3447,755463,32898,5749,3447,979.3,301.3
D,NBXX,9999,3.444e-5,2.365e-5,1.504e-5,3.957e-6,3.879e-6,3.318e-6
Y,189215,979.3,301.3,297.1,70.0,13.1,5.7,0,0000
T,2014,09,06,06,03,05
B,263421,20124,151,3448,158687,6269,124,3447,979.4,301.3
G,3140816,127563,117,3448,1845046,35411,129,3447,979.4,301.3
R,1281796,67044,5677,3448,754801,32618,5624,3447,979.4,301.3
D,NBXX,9999,3.248e-5,2.380e-5,1.549e-5,3.794e-6,3.928e-6,3.223e-6
Y,189219,979.4,301.3,297.1,70.0,13.1,5.7,0,0000
T,2014,09,06,06,08,05
B,263981,20826,173,3447,158384,6305,137,3447,979.4,301.3
G,3136632,127737,111,3447,1845612,35421,103,3447,979.4,301.3
R,1279671,66937,5752,3447,755833,33075,5716,3447,979.4,301.3
D,NBXX,9999,3.439e-5,2.392e-5,1.536e-5,3.735e-6,3.954e-6,3.401e-6
Y,189021,979.4,301.3,297.1,70.0,13.1,5.7,0,0000
T,2014,09,06,06,13,05
B,262789,20848,161,3447,159728,6277,149,3448,979.4,301.3
G,3138275,128510,98,3447,1847580,35478,115,3448,979.4,301.3
R,1279361,66265,5624,3447,757356,33035,5668,3448,979.4,301.3
D,NBXX,9999,3.475e-5,2.415e-5,1.508e-5,3.726e-6,3.963e-6,3.501e-6
Y,189121,979.4,301.3,297.1,70.0,13.1,5.7,0,0000
T,2014,09,06,06,18,05
B,264206,21067,136,3447,159961,6334,150,3447,979.4,301.3
G,3137990,128427,103,3447,1849585,35421,124,3447,979.4,301.3
R,1278715,67074,5780,3447,755705,32660,5714,3447,979.4,301.3
D,NBXX,9999,3.516e-5,2.412e-5,1.545e-5,3.895e-6,3.944e-6,3.134e-6
Y,189103,979.4,301.3,297.1,70.0,13.1,5.7,0,0000
T,2014,09,06,06,23,05
B,263905,20706,160,3448,159835,6358,138,3447,979.3,301.3
G,3140471,127394,110,3448,1850427,35333,106,3447,979.3,301.3
R,1280988,66039,5783,3448,756290,32403,5664,3447,979.3,301.3
D,NBXX,9999,3.411e-5,2.377e-5,1.478e-5,3.966e-6,3.915e-6,2.993e-6
Y,189198,979.3,301.3,297.0,70.0,13.1,5.7,0,0000
T,2014,09,06,06,28,05
B,263932,20709,145,3447,159898,6139,140,3447,979.3,301.3
G,3141634,126245,133,3447,1848633,35379,127,3447,979.3,301.3
R,1277329,65260,5907,3447,755542,32435,5688,3447,979.3,301.3
D,NBXX,9999,3.416e-5,2.337e-5,1.429e-5,3.330e-6,3.906e-6,2.935e-6
Y,189324,979.3,301.3,297.0,70.2,13.1,5.7,0,0000
T,2014,09,06,06,33,05
B,263783,20168,130,3447,159467,6331,162,3448,979.3,301.3
G,3137410,125244,134,3447,1851976,34584,121,3448,979.3,301.3
R,1281550,65456,5608,3447,756080,32503,5688,3448,979.3,301.3
D,NBXX,9999,3.250e-5,2.311e-5,1.452e-5,3.902e-6,3.670e-6,3.148e-6
Y,189068,979.3,301.3,297.0,70.3,13.1,5.7,0,0000
T,2014,09,06,06,38,05
B,263499,20262,161,3447,159963,6202,166,3447,979.3,301.3
G,3135156,125652,128,3447,1845234,34739,129,3447,979.3,301.3
R,1278071,65084,5674,3447,757854,32556,5724,3447,979.3,301.3
D,NBXX,9999,3.273e-5,2.327e-5,1.430e-5,3.404e-6,3.729e-6,3.145e-6
Y,188932,979.3,301.3,297.0,70.3,13.1,5.7,0,0000
T,2014,09,06,06,43,05
B,262589,20425,147,3448,158715,6209,155,3447,979.3,301.3
G,3140650,126879,110,3448,1848162,35188,112,3447,979.3,301.3
R,1278512,65746,5585,3448,757410,32651,5639,3447,979.3,301.3
D,NBXX,9999,3.354e-5,2.360e-5,1.482e-5,3.583e-6,3.867e-6,3.330e-6
Y,189209,979.3,301.3,297.1,70.3,13.1,5.7,0,0000
T,2014,09,06,06,48,05
B,264263,20730,158,3447,159577,6325,141,3447,979.4,301.3
G,3137652,127682,131,3447,1847809,34970,93,3447,979.4,301.3
R,1278329,66052,5682,3447,756542,32559,5634,3447,979.4,301.3
D,NBXX,9999,3.407e-5,2.389e-5,1.495e-5,3.817e-6,3.805e-6,3.204e-6
Y,189083,979.4,301.3,297.0,70.3,13.1,5.7,0,0000
T,2014,09,06,06,53,05
B,263917,20821,132,3447,160137,6306,145,3448,979.5,301.2
G,3139934,129127,117,3447,1849462,35422,104,3448,979.5,301.2
R,1279332,66777,5617,3447,756223,32354,5658,3448,979.5,301.2
D,NBXX,9999,3.451e-5,2.429e-5,1.541e-5,3.855e-6,3.924e-6,3.092e-6
Y,189221,979.5,301.2,297.0,70.3,13.1,5.7,0,0000
T,2014,09,06,06,58,05
B,263021,21021,160,3447,159585,6268,127,3447,979.6,301.2
G,3140344,128991,115,3447,1846778,34974,92,3447,979.6,301.2
R,1275838,66056,5695,3447,756745,31991,5529,3447,979.6,301.2
D,NBXX,9999,3.531e-5,2.425e-5,1.509e-5,3.770e-6,3.790e-6,2.941e-6
Y,189246,979.6,301.2,296.9,70.5,13.1,5.7,0,0000
T,2014,09,06,07,03,05
B,263872,20866,140,3448,159249,6396,138,3447,979.6,301.1
G,3141447,130829,117,3448,1849569,34966,116,3447,979.6,301.1
R,1281013,66810,5642,3448,756924,32317,5582,3447,979.6,301.1
D,NBXX,9999,3.463e-5,2.480e-5,1.542e-5,4.130e-6,3.777e-6,3.099e-6
Y,189257,979.6,301.1,296.9,70.8,13.1,5.7,0,0000
T,2014,09,06,07,08,05
B,263625,20982,172,3447,159060,6424,117,3447,979.5,301.1
G,3137586,130898,110,3447,1849054,35467,114,3447,979.5,301.1
R,1279786,67033,5666,3447,754370,32324,5594,3447,979.5,301.1
D,NBXX,9999,3.500e-5,2.488e-5,1.556e-5,4.189e-6,3.948e-6,3.085e-6
Y,189079,979.5,301.1,296.9,70.8,13.1,5.7,0,0000
T,2014,09,06,07,13,05
B,263681,21418,140,3447,159176,6430,131,3448,979.6,301.1
G,3137560,132100,107,3447,1850939,35827,112,3448,979.6,301.1
R,1279811,66929,5381,3447,755418,32755,5568,3448,979.6,301.1
D,NBXX,9999,3.640e-5,2.526e-5,1.572e-5,4.262e-6,4.060e-6,3.570e-6
Y,189077,979.6,301.1,296.9,71.0,13.1,5.7,0,0000
T,2014,09,06,07,18,05
B,264500,21542,169,3447,158974,6554,164,3447,979.6,301.1
G,3138585,134342,126,3447,1845199,35909,97,3447,979.6,301.1
R,1276697,67101,5522,3447,753291,32807,5617,3447,979.6,301.1
D,NBXX,9999,3.636e-5,2.595e-5,1.577e-5,4.370e-6,4.084e-6,3.501e-6
Y,189139,979.6,301.1,296.9,71.0,13.1,5.7,0,0000
T,2014,09,06,07,23,05
B,264693,21680,179,3447,159636,6455,129,3447,979.7,301.1
G,3139646,134679,133,3447,1846926,36298,114,3447,979.7,301.1
R,1278179,67508,5744,3447,755451,32299,5599,3447,979.7,301.1
D,NBXX,9999,3.683e-5,2.603e-5,1.584e-5,4.141e-6,4.194e-6,3.024e-6
Y,189204,979.7,301.1,296.9,71.0,13.1,5.7,0,0000
T,2014,09,06,07,28,05
B,264358,21529,147,3448,159852,6244,136,3447,979.7,301.1
G,3143203,132965,88,3448,1847898,35833,110,3447,979.7,301.1
R,1279218,67036,5659,3448,755632,32421,5601,3447,979.7,301.1
D,NBXX,9999,3.653e-5,2.546e-5,1.558e-5,3.609e-6,4.056e-6,3.155e-6
Y,189364,979.7,301.1,296.8,71.0,13.1,5.7,0,0000
T,2014,09,06,07,33,05
B,262785,21395,147,3447,160385,6447,121,3447,979.7,301.1
G,3140201,132891,113,3447,1848694,35595,103,3447,979.7,301.1
R,1278969,66857,5418,3447,756141,32427,5680,3447,979.7,301.1
D,NBXX,9999,3.656e-5,2.547e-5,1.559e-5,4.396e-6,3.982e-6,3.273e-6
Y,189237,979.7,301.1,296.8,71.0,13.1,5.7,0,0000
T,2014,09,06,07,38,05
B,264013,21278,132,3447,159837,6458,138,3448,979.8,301.1
G,3140277,132563,132,3447,1848880,35849,96,3448,979.8,301.1
R,1281487,67473,5587,3447,756222,31835,5520,3448,979.8,301.1
D,NBXX,9999,3.589e-5,2.536e-5,1.590e-5,4.328e-6,4.054e-6,2.872e-6
Y,189242,979.8,301.1,296.8,71.1,13.1,5.7,0,0000
T,2014,09,06,07,43,05
B,263108,21563,159,3447,158936,6318,112,3447,979.8,301.1
G,3141637,134371,119,3447,1850368,35846,132,3447,979.8,301.1
R,1279235,67508,5463,3447,754433,32566,5365,3447,979.8,301.1
D,NBXX,9999,3.699e-5,2.590e-5,1.618e-5,3.963e-6,4.043e-6,3.551e-6
Y,189324,979.8,301.1,296.8,71.1,13.1,5.7,0,0000
T,2014,09,06,07,48,05
B,263983,21679,147,3448,159012,6304,148,3447,979.9,301.1
G,3148057,133739,126,3448,1848412,35753,111,3447,979.9,301.1
R,1278745,67473,5633,3448,756030,32587,5595,3447,979.9,301.1
D,NBXX,9999,3.705e-5,2.562e-5,1.589e-5,3.778e-6,3.999e-6,3.285e-6
Y,189657,979.9,301.1,296.8,71.3,13.1,5.7,0,0000
T,2014,09,06,07,53,05
B,264228,21595,151,3447,159310,6483,137,3447,979.9,301.1
G,3144252,135011,132,3447,1850705,35570,122,3447,979.9,301.1
R,1279917,68009,5582,3447,758319,32291,5565,3447,979.9,301.1
D,NBXX,9999,3.675e-5,2.607e-5,1.625e-5,4.331e-6,3.946e-6,3.144e-6
Y,189482,979.9,301.1,296.8,71.5,13.1,5.7,0,0000
T,2014,09,06,07,58,05
B,263490,21985,150,3447,160380,6454,141,3448,979.9,301.1
G,3140177,136628,117,3447,1852950,35435,115,3448,979.9,301.1
R,1279313,68344,5502,3447,757368,32321,5607,3448,979.9,301.1
D,NBXX,9999,3.813e-5,2.664e-5,1.650e-5,4.279e-6,3.923e-6,3.191e-6
Y,189236,979.9,301.1,296.8,71.5,13.1,5.7,0,0000
T,2014,09,06,08,03,05
B,263697,21489,155,3447,159387,6544,156,3447,980.0,301.0
G,3138216,135136,102,3447,1855658,35559,109,3447,980.0,301.0
R,1280026,67805,5583,3447,758294,32236,5474,3447,980.0,301.0
D,NBXX,9999,3.647e-5,2.621e-5,1.615e-5,4.476e-6,3.980e-6,3.161e-6
Y,189117,980.0,301.0,296.8,71.6,13.1,5.7,0,0000
T,2014,09,06,08,08,05
B,264007,22142,135,3448,159408,6400,157,3447,980.0,301.0
G,3137234,140829,115,3448,1842550,36100,122,3447,980.0,301.0
R,1276312,69707,5598,3448,753999,32761,5540,3447,980.0,301.0
D,NBXX,9999,3.848e-5,2.800e-5,1.738e-5,4.083e-6,4.147e-6,3.468e-6
Y,189003,980.0,301.0,296.8,71.8,13.0,5.7,0,0000
T,2014,09,06,08,13,05
B,238954,20695,114,3133,143078,5919,137,3133,980.0,301.0
G,2839846,132850,77,3133,1664932,32616,98,3133,980.0,301.0
R,1159426,64967,4981,3133,678235,29296,4963,3133,980.0,301.0
D,NBXX,9999,4.076e-5,2.988e-5,1.864e-5,4.560e-6,4.138e-6,3.284e-6
Y,188285,980.0,301.0,296.8,72.1,13.1,5.7,0,0008
T,2014,09,06,08,18,05
B,262886,22631,144,3425,158819,6403,162,3426,980.1,301.0
G,3124819,146232,112,3425,1839233,36401,109,3426,980.1,301.0
R,1272847,71769,5532,3425,752910,32283,5539,3426,980.1,301.0
D,NBXX,9999,4.023e-5,2.989e-5,1.881e-5,4.110e-6,4.286e-6,3.243e-6
Y,189521,980.1,301.0,296.8,72.3,13.1,5.7,0,0008
T,2014,09,06,08,23,05
B,264779,24187,149,3447,159179,6604,125,3447,980.1,301.0
G,3140605,156330,114,3447,1852849,36178,110,3447,980.1,301.0
R,1278066,76065,5460,3447,756246,32877,5541,3447,980.1,301.0
D,NBXX,9999,4.463e-5,3.283e-5,2.137e-5,4.714e-6,4.161e-6,3.617e-6
Y,189262,980.1,301.0,296.8,72.4,13.1,5.7,0,0000
T,2014,09,06,08,28,05
B,262547,23873,176,3448,160078,6646,160,3447,980.1,301.0
G,3139665,153362,108,3448,1850566,36055,87,3447,980.1,301.0
R,1277808,74138,5609,3448,755341,32641,5429,3447,980.1,301.0
D,NBXX,9999,4.406e-5,3.192e-5,2.015e-5,4.792e-6,4.140e-6,3.451e-6
Y,189150,980.1,301.0,296.8,72.8,13.1,5.7,0,0000
T,2014,09,06,08,33,05
B,264014,23550,166,3447,160096,6349,112,3447,980.0,301.0
G,3142493,150553,120,3447,1852799,36144,94,3447,980.0,301.0
R,1277667,73504,5449,3447,756126,32613,5583,3447,980.0,301.0
D,NBXX,9999,4.287e-5,3.099e-5,1.977e-5,3.969e-6,4.147e-6,3.435e-6
Y,189376,980.0,301.0,296.8,72.9,13.1,5.7,0,0000
T,2014,09,06,08,38,05
B,264390,23404,145,3447,160495,6498,149,3448,980.0,301.0
G,3140145,153134,90,3447,1853488,35908,122,3448,980.0,301.0
R,1278787,73511,5493,3447,756813,32454,5404,3448,980.0,301.0
D,NBXX,9999,4.226e-5,3.184e-5,1.984e-5,4.339e-6,4.079e-6,3.418e-6
Y,189234,980.0,301.0,296.8,73.1,13.1,5.7,0,0000
T,2014,09,06,08,43,05
B,265294,22864,173,3447,159439,6472,124,3447,980.0,301.0
G,3140086,146631,133,3447,1847842,35438,94,3447,980.0,301.0
R,1278893,71784,5338,3447,754187,32408,5384,3447,980.0,301.0
D,NBXX,9999,4.035e-5,2.979e-5,1.889e-5,4.190e-6,3.929e-6,3.519e-6
Y,189230,980.0,301.0,296.8,73.2,13.1,5.7,0,0000
T,2014,09,06,08,48,05
B,264248,23869,149,3448,159241,6496,132,3447,980.0,301.0
G,3136729,152861,120,3448,1849786,36041,113,3447,980.0,301.0
R,1277579,73269,5477,3448,756030,32573,5452,3447,980.0,301.0
D,NBXX,9999,4.378e-5,3.180e-5,1.970e-5,4.401e-6,4.132e-6,3.490e-6
Y,188972,980.0,301.0,296.8,73.4,13.1,5.7,0,0000
T,2014,09,06,08,53,05
B,264251,24068,153,3447,159908,6468,139,3447,980.0,300.9
G,3140367,154327,119,3447,1846429,36336,110,3447,980.0,300.9
R,1281379,74301,5418,3447,755705,32585,5322,3447,980.0,300.9
D,NBXX,9999,4.435e-5,3.220e-5,2.036e-5,4.269e-6,4.210e-6,3.592e-6
Y,189247,980.0,300.9,296.7,73.6,13.1,5.7,0,0000
T,2014,09,06,08,58,05
B,264697,24947,119,3447,159963,6599,144,3448,980.0,300.9
G,3150732,160004,132,3447,1856322,36757,84,3448,980.0,300.9
R,1281068,75088,5535,3447,756795,32656,5449,3448,980.0,300.9
D,NBXX,9999,4.703e-5,3.383e-5,2.069e-5,4.738e-6,4.306e-6,3.458e-6
Y,189874,980.0,300.9,296.7,73.9,13.1,5.7,0,0000
T,2014,09,06,09,03,05
B,263445,24772,152,3447,160142,6580,145,3447,980.0,300.9
G,3148595,159061,117,3447,1854492,36731,96,3447,980.0,300.9
R,1278312,74890,5585,3447,757712,32378,5384,3447,980.0,300.9
D,NBXX,9999,4.673e-5,3.357e-5,2.066e-5,4.655e-6,4.310e-6,3.328e-6
Y,189745,980.0,300.9,296.7,74.1,13.1,5.7,0,0000
T,2014,09,06,09,08,05
B,263506,24442,145,3448,158788,6482,118,3447,980.1,300.9
G,3144533,156942,102,3448,1846258,36138,112,3447,980.1,300.9
R,1278360,74942,5321,3448,753378,32296,5425,3447,980.1,300.9
D,NBXX,9999,4.581e-5,3.296e-5,2.085e-5,4.475e-6,4.141e-6,3.442e-6
Y,189444,980.1,300.9,296.7,74.2,13.1,5.7,0,0000
T,2014,09,06,09,13,05
B,264609,24155,143,3447,159775,6495,99,3447,980.1,300.9
G,3146408,157615,98,3447,1849379,35841,93,3447,980.1,300.9
R,1279642,74045,5286,3447,755352,32381,5223,3447,980.1,300.9
D,NBXX,9999,4.469e-5,3.315e-5,2.042e-5,4.505e-6,4.046e-6,3.648e-6
Y,189613,980.1,300.9,296.6,74.5,13.1,5.7,0,0000
T,2014,09,06,09,18,05
B,263920,23166,147,3447,159441,6356,162,3448,980.1,300.9
G,3146126,148766,111,3447,1846757,35230,91,3448,980.1,300.9
R,1279148,71111,5437,3447,754796,31929,5354,3448,980.1,300.9
D,NBXX,9999,4.160e-5,3.038e-5,1.842e-5,3.881e-6,3.848e-6,3.165e-6
Y,189596,980.1,300.9,296.6,74.5,13.1,5.7,0,0000
T,2014,09,06,09,23,05
B,264719,23376,142,3447,159766,6369,106,3447,980.1,300.9
G,3142342,145975,91,3447,1851562,35227,107,3447,980.1,300.9
R,1278748,71122,5529,3447,755992,31931,5384,3447,980.1,300.9
D,NBXX,9999,4.225e-5,2.956e-5,1.835e-5,4.088e-6,3.865e-6,3.087e-6
Y,189367,980.1,300.9,296.7,75.0,13.1,5.7,0,0000
T,2014,09,06,09,28,05
B,264135,22871,167,3448,160239,6443,118,3447,980.0,300.9
G,3144363,143701,96,3448,1854235,35054,108,3447,980.0,300.9
R,1278945,69953,5432,3448,757994,32094,5460,3447,980.0,300.9
D,NBXX,9999,4.072e-5,2.881e-5,1.763e-5,4.231e-6,3.805e-6,3.206e-6
Y,189434,980.0,300.9,296.7,75.0,13.1,5.7,0,0000
T,2014,09,06,09,33,05
B,263505,23438,143,3447,159887,6598,128,3447,980.0,300.9
G,3145218,150264,141,3447,1852641,36202,93,3447,980.0,300.9
R,1278386,71823,5362,3447,756007,32013,5287,3447,980.0,300.9
D,NBXX,9999,4.268e-5,3.085e-5,1.898e-5,4.800e-6,4.148e-6,3.332e-6
Y,189541,980.0,300.9,296.7,75.2,13.1,5.7,0,0000
T,2014,09,06,09,38,05
B,264501,23678,139,3447,159720,6492,126,3447,980.0,301.0
G,3147466,149890,105,3447,1852503,36657,114,3447,980.0,301.0
R,1278155,71947,5291,3447,754236,32646,5293,3447,980.0,301.0
D,NBXX,9999,4.317e-5,3.070e-5,1.911e-5,4.422e-6,4.288e-6,3.773e-6
Y,189677,980.0,301.0,296.8,75.2,13.1,5.7,0,0000
T,2014,09,06,09,43,05
B,264266,23106,147,3447,159172,6417,130,3448,980.0,301.0
G,3147170,145655,115,3447,1851173,35892,128,3448,980.0,301.0
R,1281700,70407,5278,3447,754804,32443,5501,3448,980.0,301.0
D,NBXX,9999,4.143e-5,2.937e-5,1.792e-5,4.159e-6,4.037e-6,3.468e-6
Y,189659,980.0,301.0,296.8,75.0,13.1,5.7,0,0000
T,2014,09,06,09,48,05
B,264080,22239,152,3447,159946,6450,146,3447,980.0,301.0
G,3146700,142077,90,3447,1850692,35015,108,3447,980.0,301.0
R,1280499,69083,5610,3447,754121,31588,5259,3447,980.0,301.0
D,NBXX,9999,3.874e-5,2.827e-5,1.707e-5,4.205e-6,3.784e-6,2.890e-6
Y,189630,980.0,301.0,296.8,74.9,13.1,5.7,0,0000
T,2014,09,06,09,53,05
B,263692,22295,167,3448,160227,6454,155,3447,980.0,301.0
G,3148051,139339,97,3448,1849090,34593,86,3447,980.0,301.0
R,1279464,67607,5489,3448,757918,31479,5265,3447,980.0,301.0
D,NBXX,9999,3.893e-5,2.740e-5,1.626e-5,4.164e-6,3.655e-6,2.919e-6
Y,189657,980.0,301.0,296.8,75.0,13.1,5.7,0,0000
T,2014,09,06,09,58,05
B,264570,22247,144,3447,159867,6472,150,3447,980.0,301.0
G,3146435,140391,119,3447,1847763,35259,105,3447,980.0,301.0
R,1275647,68834,5340,3447,755393,32230,5379,3447,980.0,301.0
D,NBXX,9999,3.865e-5,2.774e-5,1.715e-5,4.252e-6,3.852e-6,3.442e-6
Y,189614,980.0,301.0,296.8,75.0,13.1,5.7,0,0000
T,2014,09,06,10,03,05
B,264943,23685,128,3447,159254,6699,156,3448,980.0,301.0
G,3144208,150854,115,3447,1852029,37926,101,3448,980.0,301.0
R,1278491,71226,5330,3447,753791,32935,5384,3448,980.0,301.0
D,NBXX,9999,4.301e-5,3.106e-5,1.856e-5,4.952e-6,4.696e-6,3.851e-6
Y,189480,980.0,301.0,296.8,75.2,13.1,5.7,0,0000
T,2014,09,06,10,08,05
B,264087,25073,165,3447,160006,7257,143,3447,980.0,301.0
G,3146633,160916,130,3447,1856272,40059,122,3447,980.0,301.0
R,1279960,75919,5534,3447,757775,33230,5485,3447,980.0,301.0
D,NBXX,9999,4.744e-5,3.416e-5,2.121e-5,6.656e-6,5.347e-6,3.804e-6
Y,189626,980.0,301.0,296.8,75.5,13.1,5.7,0,0000
T,2014,09,06,10,13,05
B,264647,25724,143,3448,160212,7099,166,3447,980.0,301.1
G,3145357,165217,115,3448,1851480,41114,77,3447,980.0,301.1
R,1279492,76854,5347,3448,756445,33750,5350,3447,980.0,301.1
D,NBXX,9999,4.927e-5,3.556e-5,2.203e-5,6.128e-6,5.708e-6,4.368e-6
Y,189494,980.0,301.1,296.9,75.5,13.1,5.7,0,0000
T,2014,09,06,10,18,05
B,264761,24780,173,3447,159885,7184,138,3447,980.0,301.1
G,3144167,154914,119,3447,1855124,39892,91,3447,980.0,301.1
R,1279862,73491,5296,3447,755451,33125,5479,3447,980.0,301.1
D,NBXX,9999,4.633e-5,3.233e-5,1.988e-5,6.367e-6,5.319e-6,3.916e-6
Y,189477,980.0,301.1,296.9,75.5,13.1,5.7,0,0000
T,2014,09,06,10,23,05
B,264336,24645,137,3447,160107,7213,145,3448,980.0,301.1
G,3146783,155096,135,3447,1853775,40069,101,3448,980.0,301.1
R,1282522,74398,5452,3447,756592,33167,5471,3448,980.0,301.1
D,NBXX,9999,4.614e-5,3.234e-5,2.026e-5,6.587e-6,5.351e-6,3.804e-6
Y,189635,980.0,301.1,296.9,75.7,13.1,5.7,0,0000
T,2014,09,06,10,28,05
B,264279,23052,134,3447,159588,7011,159,3447,980.0,301.1
G,3144946,145499,116,3447,1850297,38130,95,3447,980.0,301.1
R,1278635,71562,5387,3447,756959,32680,5444,3447,980.0,301.1
D,NBXX,9999,4.121e-5,2.937e-5,1.868e-5,5.936e-6,4.763e-6,3.612e-6
Y,189524,980.0,301.1,297.0,75.0,13.1,5.7,0,0000
T,2014,09,06,10,33,05
B,263870,23015,138,3448,159413,6912,132,3447,980.0,301.1
G,3144351,145506,121,3448,1855331,38322,115,3447,980.0,301.1
R,1279505,70669,5526,3448,756640,32601,5462,3447,980.0,301.1
D,NBXX,9999,4.128e-5,2.937e-5,1.799e-5,5.751e-6,4.820e-6,3.446e-6
Y,189433,980.0,301.1,297.0,75.0,13.1,5.7,0,0000
T,2014,09,06,10,38,05
B,264511,23114,126,3447,158791,6759,148,3447,980.0,301.2
G,3146019,145239,134,3447,1849507,38118,103,3447,980.0,301.2
R,1279522,70469,5535,3447,754195,32930,5423,3447,980.0,301.2
D,NBXX,9999,4.143e-5,2.926e-5,1.789e-5,5.224e-6,4.745e-6,3.667e-6
Y,189589,980.0,301.2,297.0,75.0,13.1,5.7,0,0000
T,2014,09,06,10,43,05
B,264352,23293,155,3447,159012,6900,121,3448,980.1,301.2
G,3146207,145446,124,3447,1850603,38332,95,3448,980.1,301.2
R,1280699,70866,5367,3447,758055,32586,5466,3448,980.1,301.2
D,NBXX,9999,4.202e-5,2.933e-5,1.819e-5,5.657e-6,4.815e-6,3.527e-6
Y,189600,980.1,301.2,297.0,75.0,13.1,5.7,0,0000
T,2014,09,06,10,48,05
B,264112,22574,132,3447,160559,6860,118,3447,980.0,301.2
G,3148326,142556,129,3447,1850470,37538,97,3447,980.0,301.2
R,1280594,70238,5514,3447,756278,32751,5634,3447,980.0,301.2
D,NBXX,9999,3.996e-5,2.839e-5,1.758e-5,5.651e-6,4.559e-6,3.409e-6
Y,189729,980.0,301.2,297.1,74.9,13.1,5.7,0,0000
T,2014,09,06,10,53,05
B,263783,21739,153,3448,159684,6735,137,3447,980.0,301.2
G,3150199,134434,117,3448,1850959,36594,126,3447,980.0,301.2
R,1280971,67733,5488,3448,756908,32123,5477,3447,980.0,301.2
D,NBXX,9999,3.733e-5,2.581e-5,1.615e-5,5.154e-6,4.253e-6,3.153e-6
Y,189787,980.0,301.2,297.1,74.4,13.1,5.7,0,0000
T,2014,09,06,10,58,05
B,264814,20985,155,3447,159906,6519,125,3447,979.9,301.3
G,3144890,130496,115,3447,1850771,35460,79,3447,979.9,301.3
R,1278478,66162,5681,3447,757355,31971,5497,3447,979.9,301.3
D,NBXX,9999,3.479e-5,2.469e-5,1.512e-5,4.442e-6,3.944e-6,2.937e-6
Y,189521,979.9,301.3,297.2,74.2,13.1,5.7,0,0000
T,2014,09,06,11,03,05
B,264858,21058,140,3447,159264,6469,153,3448,979.9,301.3
G,3144678,127870,91,3447,1846164,34964,98,3448,979.9,301.3
R,1279395,65662,5498,3447,754425,31915,5367,3448,979.9,301.3
D,NBXX,9999,3.495e-5,2.387e-5,1.501e-5,4.234e-6,3.788e-6,3.115e-6
Y,189508,979.9,301.3,297.2,74.4,13.1,5.7,0,0000
T,2014,09,06,11,08,05
B,263828,21167,165,3447,160328,6370,128,3447,979.8,301.3
G,3148141,130154,123,3447,1853452,35022,144,3447,979.8,301.3
R,1279365,65958,5471,3447,756388,32218,5632,3447,979.8,301.3
D,NBXX,9999,3.554e-5,2.452e-5,1.502e-5,4.007e-6,3.769e-6,3.136e-6
Y,189717,979.8,301.3,297.3,74.4,13.1,5.7,0,0000
T,2014,09,06,11,13,05
B,263301,20745,180,3448,159249,6480,156,3447,979.8,301.3
G,3143698,127639,88,3448,1849753,35316,112,3447,979.8,301.3
R,1280796,65403,5537,3448,757677,31830,5572,3447,979.8,301.3
D,NBXX,9999,3.421e-5,2.381e-5,1.464e-5,4.236e-6,3.904e-6,2.883e-6
Y,189394,979.8,301.3,297.3,74.4,13.1,5.7,0,0000
T,2014,09,06,11,18,05
B,264731,20101,146,3447,159826,6262,138,3447,979.8,301.4
G,3145776,121440,96,3447,1853233,33802,131,3447,979.8,301.4
R,1280507,63831,5613,3447,757242,31699,5628,3447,979.8,301.4
D,NBXX,9999,3.207e-5,2.183e-5,1.358e-5,3.644e-6,3.409e-6,2.705e-6
Y,189574,979.8,301.4,297.3,73.1,13.1,5.7,0,0000
T,2014,09,06,11,23,05
B,264600,19754,140,3447,159080,6381,133,3448,979.8,301.4
G,3145070,120443,126,3447,1851925,34067,101,3448,979.8,301.4
R,1280731,63346,5559,3447,757465,31712,5638,3448,979.8,301.4
D,NBXX,9999,3.107e-5,2.152e-5,1.330e-5,4.053e-6,3.491e-6,2.738e-6
Y,189532,979.8,301.4,297.3,72.8,13.1,5.7,0,0000
T,2014,09,06,11,28,05
B,264348,19497,151,3447,159406,6231,119,3447,979.8,301.3
G,3140829,121304,124,3447,1853498,33792,76,3447,979.8,301.3
R,1279589,63192,5704,3447,756627,31521,5537,3447,979.8,301.3
D,NBXX,9999,3.035e-5,2.185e-5,1.320e-5,3.625e-6,3.432e-6,2.603e-6
Y,189275,979.8,301.3,297.3,72.9,13.1,5.7,0,0000
T,2014,09,06,11,33,05
B,263458,20468,180,3448,159814,6285,140,3447,979.8,301.4
G,3150105,128045,129,3448,1852724,34633,116,3447,979.8,301.4
R,1282684,65773,5557,3448,758897,32207,5709,3447,979.8,301.4
D,NBXX,9999,3.337e-5,2.384e-5,1.470e-5,3.680e-6,3.651e-6,2.986e-6
Y,189781,979.8,301.4,297.3,73.4,13.0,5.7,0,0000
T,2014,09,06,11,38,05
B,264048,21118,131,3447,159588,6410,141,3447,979.8,301.4
G,3140427,129239,127,3447,1852299,34773,132,3447,979.8,301.4
R,1280874,66135,5749,3447,758289,32221,5560,3447,979.8,301.4
D,NBXX,9999,3.541e-5,2.433e-5,1.495e-5,4.190e-6,3.720e-6,2.976e-6
Y,189251,979.8,301.4,297.4,73.1,13.1,5.7,0,0000
T,2014,09,06,11,43,05
B,265000,20982,149,3447,159972,6262,168,3447,979.7,301.5
G,3144056,130569,115,3447,1853942,34886,115,3447,979.7,301.5
R,1281395,66416,5687,3447,757193,32336,5729,3447,979.7,301.5
D,NBXX,9999,3.460e-5,2.471e-5,1.503e-5,3.508e-6,3.754e-6,2.965e-6
Y,189470,979.7,301.5,297.5,73.7,13.1,5.7,0,0000
T,2014,09,06,11,48,05
B,264426,20713,156,3447,160082,6329,114,3448,979.7,301.5
G,3143438,126596,132,3447,1851087,34354,78,3448,979.7,301.5
R,1279245,65293,5532,3447,756069,32153,5621,3448,979.7,301.5
D,NBXX,9999,3.408e-5,2.348e-5,1.458e-5,3.916e-6,3.593e-6,3.056e-6
Y,189433,979.7,301.5,297.5,73.2,13.1,5.7,0,0000
T,2014,09,06,11,53,05
B,264694,20993,131,3447,159287,6529,125,3447,979.7,301.5
G,3143058,128557,125,3447,1849335,34828,107,3447,979.7,301.5
R,1278369,65859,5704,3447,754584,32642,5711,3447,979.7,301.5
D,NBXX,9999,3.492e-5,2.409e-5,1.476e-5,4.567e-6,3.738e-6,3.183e-6
Y,189410,979.7,301.5,297.5,73.2,13.1,5.7,0,0000
T,2014,09,06,11,58,05
B,264309,20600,160,3448,159615,6275,114,3447,979.6,301.6
G,3144115,127150,94,3448,1848227,34497,108,3447,979.6,301.6
R,1279721,65330,5651,3448,756095,32453,5754,3447,979.6,301.6
D,NBXX,9999,3.377e-5,2.365e-5,1.441e-5,3.768e-6,3.645e-6,3.066e-6
Y,189419,979.6,301.6,297.6,73.1,13.1,5.7,0,0000
T,2014,09,06,12,03,05
B,264317,20802,148,3447,160484,6449,157,3447,979.5,301.6
G,3143321,128397,133,3447,1851003,34569,99,3447,979.5,301.6
R,1280428,65534,5722,3447,756445,31979,5882,3447,979.5,301.6
D,NBXX,9999,3.428e-5,2.404e-5,1.437e-5,4.187e-6,3.656e-6,2.618e-6
Y,189426,979.5,301.6,297.6,72.9,13.1,5.7,0,0000
T,2014,09,06,12,08,05
B,263817,21024,153,3447,159528,6224,164,3448,979.5,301.6
G,3142821,127659,117,3447,1845076,35088,92,3448,979.5,301.6
R,1281609,65647,5545,3447,756866,32797,5837,3448,979.5,301.6
D,NBXX,9999,3.504e-5,2.382e-5,1.457e-5,3.480e-6,3.826e-6,3.268e-6
Y,189396,979.5,301.6,297.6,72.4,13.1,5.7,0,0000
T,2014,09,06,12,13,05
B,263046,21819,159,3447,158764,6156,140,3447,979.5,301.6
G,3140167,134249,128,3447,1845466,35254,134,3447,979.5,301.6
R,1277707,66958,5774,3447,755439,32609,5727,3447,979.5,301.6
D,NBXX,9999,3.775e-5,2.591e-5,1.540e-5,3.393e-6,3.871e-6,3.107e-6
Y,189235,979.5,301.6,297.7,71.9,13.1,5.7,0,0000
T,2014,09,06,12,18,05
B,264987,22745,143,3448,158846,6466,135,3447,979.5,301.6
G,3141432,139847,107,3448,1843152,35652,100,3447,979.5,301.6
R,1278877,69080,5831,3448,757222,32634,5734,3447,979.5,301.6
D,NBXX,9999,4.019e-5,2.767e-5,1.664e-5,4.294e-6,4.015e-6,3.070e-6
Y,189257,979.5,301.6,297.7,70.3,13.1,5.7,0,0000
T,2014,09,06,12,23,05
B,263758,23021,140,3447,159435,6648,170,3447,979.5,301.7
G,3136847,142497,128,3447,1850954,35872,111,3447,979.5,301.7
R,1282179,69839,5924,3447,757023,33477,5683,3447,979.5,301.7
D,NBXX,9999,4.125e-5,2.856e-5,1.699e-5,4.823e-6,4.086e-6,3.526e-6
Y,189034,979.5,301.7,297.7,70.8,13.1,5.7,0,0000
T,2014,09,06,12,28,05
B,264899,22434,177,3447,159240,6547,147,3448,979.4,301.7
G,3138349,139059,111,3447,1849330,36070,135,3448,979.4,301.7
R,1281150,68555,5895,3447,755935,33008,5726,3448,979.4,301.7
D,NBXX,9999,3.909e-5,2.745e-5,1.621e-5,4.374e-6,4.137e-6,3.231e-6
Y,189125,979.4,301.7,297.7,70.8,13.1,5.7,0,0000
T,2014,09,06,12,33,05
B,264128,23641,174,3447,159399,6505,151,3447,979.4,301.7
G,3139403,143636,127,3447,1852165,36855,95,3447,979.4,301.7
R,1281462,70432,5714,3447,756860,33133,5793,3447,979.4,301.7
D,NBXX,9999,4.301e-5,2.889e-5,1.745e-5,4.302e-6,4.392e-6,3.392e-6
Y,189189,979.4,301.7,297.7,70.3,13.1,5.7,0,0000
T,2014,09,06,12,38,05
B,264330,22929,160,3448,160362,6436,120,3447,979.3,301.7
G,3141838,144278,134,3448,1846589,36649,121,3447,979.3,301.7
R,1280446,70382,5951,3448,757593,33306,5882,3447,979.3,301.7
D,NBXX,9999,4.094e-5,2.904e-5,1.721e-5,4.255e-6,4.310e-6,3.279e-6
Y,189281,979.3,301.7,297.7,70.3,13.1,5.7,0,0000
T,2014,09,06,12,43,05
B,264566,23578,169,3447,158291,6506,161,3447,979.3,301.7
G,3141832,144809,124,3447,1844937,37082,112,3447,979.3,301.7
R,1280560,70068,5988,3447,755723,33510,5879,3447,979.3,301.7
D,NBXX,9999,4.270e-5,2.921e-5,1.699e-5,4.270e-6,4.449e-6,3.375e-6
Y,189336,979.3,301.7,297.7,70.3,13.1,5.7,0,0000
T,2014,09,06,12,48,05
B,264380,23850,153,3447,160105,6798,147,3448,979.3,301.8
G,3138723,149690,119,3447,1844938,37643,122,3448,979.3,301.8
R,1283414,72493,5932,3447,754934,33871,5943,3448,979.3,301.8
D,NBXX,9999,4.370e-5,3.079e-5,1.841e-5,5.283e-6,4.632e-6,3.561e-6
Y,189148,979.3,301.8,297.8,70.2,13.1,5.7,0,0000
T,2014,09,06,12,53,05
B,264366,24310,175,3447,159480,6644,162,3447,979.2,301.8
G,3136414,151148,140,3447,1846549,37307,108,3447,979.2,301.8
R,1281573,72563,6027,3447,756287,34145,5878,3447,979.2,301.8
D,NBXX,9999,4.499e-5,3.128e-5,1.848e-5,4.684e-6,4.536e-6,3.731e-6
Y,189008,979.2,301.8,297.8,70.3,13.1,5.7,0,0000
T,2014,09,06,12,58,05
B,264777,23743,168,3448,159453,6675,167,3447,979.1,301.8
G,3138721,147033,132,3448,1845082,36896,114,3447,979.1,301.8
R,1285271,72122,5978,3448,756786,33600,6043,3447,979.1,301.8
D,NBXX,9999,4.314e-5,2.995e-5,1.802e-5,4.762e-6,4.402e-6,3.280e-6
Y,189093,979.1,301.8,297.8,70.3,13.1,5.7,0,0000
T,2014,09,06,13,03,05
B,263628,23320,154,3447,159772,6701,145,3447,979.1,301.8
G,3136056,145202,132,3447,1849131,36510,112,3447,979.1,301.8
R,1277391,70432,5900,3447,757799,33526,6056,3447,979.1,301.8
D,NBXX,9999,4.227e-5,2.942e-5,1.724e-5,5.050e-6,4.288e-6,3.351e-6
Y,188986,979.1,301.8,297.9,70.2,13.1,5.7,0,0000
T,2014,09,06,13,08,05
B,263756,23306,161,3447,159173,6586,150,3448,979.1,301.9
G,3139518,144778,148,3447,1844899,36489,132,3448,979.1,301.9
R,1280387,70521,6093,3447,757381,33621,6155,3448,979.1,301.9
D,NBXX,9999,4.218e-5,2.922e-5,1.700e-5,4.651e-6,4.252e-6,3.167e-6
Y,189196,979.1,301.9,297.9,68.0,13.0,5.7,0,0000
T,2014,09,06,13,13,05
B,263924,22629,163,3447,159572,6477,132,3447,979.1,301.9
G,3136485,140258,94,3447,1846912,36175,115,3447,979.1,301.9
R,1279697,69572,5849,3447,756775,33786,6015,3447,979.1,301.9
D,NBXX,9999,4.010e-5,2.787e-5,1.671e-5,4.365e-6,4.194e-6,3.557e-6
Y,189012,979.1,301.9,298.0,67.4,13.1,5.7,0,0000
T,2014,09,06,13,18,05
B,263248,22926,162,3448,159197,6672,130,3447,979.0,301.9
G,3136757,140046,111,3448,1846373,36389,106,3447,979.0,301.9
R,1281090,70073,5966,3448,755707,33678,6070,3447,979.0,301.9
D,NBXX,9999,4.121e-5,2.780e-5,1.686e-5,5.033e-6,4.260e-6,3.357e-6
Y,188974,979.0,301.9,298.0,67.9,13.1,5.7,0,0000
T,2014,09,06,13,23,05
B,263713,23290,180,3447,159235,6611,187,3447,979.0,302.0
G,3140690,144219,114,3447,1850016,36263,115,3447,979.0,302.0
R,1282584,71181,6069,3447,759487,33905,6111,3447,979.0,302.0
D,NBXX,9999,4.194e-5,2.907e-5,1.740e-5,4.536e-6,4.212e-6,3.375e-6
Y,189267,979.0,302.0,298.0,68.7,13.1,5.7,0,0000
T,2014,09,06,13,28,05
B,264232,23299,153,3447,158987,6634,142,3448,978.9,302.0
G,3141161,144022,143,3447,1847412,36413,114,3448,978.9,302.0
R,1280386,70783,6184,3447,758403,33946,5985,3448,978.9,302.0
D,NBXX,9999,4.208e-5,2.900e-5,1.722e-5,4.821e-6,4.244e-6,3.425e-6
Y,189295,978.9,302.0,298.1,68.9,13.1,5.7,0,0000
T,2014,09,06,13,33,05
B,264371,23150,170,3447,159607,6448,169,3447,978.9,302.0
G,3137545,141605,120,3447,1852717,36102,131,3447,978.9,302.0
R,1281820,70287,6168,3447,759622,33904,5978,3447,978.9,302.0
D,NBXX,9999,4.143e-5,2.829e-5,1.689e-5,4.087e-6,4.165e-6,3.406e-6
Y,189077,978.9,302.0,298.0,68.9,13.1,5.7,0,0000
T,2014,09,06,13,38,05
B,264806,24008,145,3448,160045,6771,155,3447,978.8,302.0
G,3141604,147803,99,3448,1846159,37046,117,3447,978.8,302.0
R,1284165,72450,6241,3448,759319,34644,6063,3447,978.8,302.0
D,NBXX,9999,4.409e-5,3.019e-5,1.805e-5,5.194e-6,4.463e-6,3.733e-6
Y,189267,978.8,302.0,298.0,69.0,13.1,5.7,0,0000
T,2014,09,06,13,43,05
B,263363,22983,164,3447,159855,6543,181,3447,978.7,302.0
G,3134213,141392,99,3447,1839632,36149,147,3447,978.7,302.0
R,1280242,70127,6202,3447,753813,34162,6173,3447,978.7,302.0
D,NBXX,9999,4.116e-5,2.827e-5,1.667e-5,4.430e-6,4.193e-6,3.417e-6
Y,188875,978.7,302.0,298.0,68.7,13.1,5.7,0,0000
T,2014,09,06,13,48,05
B,243278,20422,146,3196,146197,6018,142,3201,978.8,302.0
G,2892353,126157,95,3196,1691113,32962,88,3201,978.8,302.0
R,1182999,63619,5753,3196,693391,31048,5753,3201,978.8,302.0
D,NBXX,9999,3.858e-5,2.681e-5,1.583e-5,4.432e-6,4.058e-6,2.988e-6
Y,187985,978.8,302.0,298.0,67.7,13.1,5.7,0,0008
T,2014,09,06,13,53,05
B,263710,21349,163,3447,159830,6324,151,3447,978.8,302.0
G,3135492,131357,114,3447,1848954,34928,90,3447,978.8,302.0
R,1280188,67571,6250,3447,756829,33426,6167,3447,978.8,302.0
D,NBXX,9999,3.614e-5,2.511e-5,1.506e-5,3.840e-6,3.820e-6,2.931e-6
Y,188952,978.8,302.0,298.0,66.7,13.1,5.7,0,0000
T,2014,09,06,13,58,05
B,262273,20551,164,3420,157504,6260,171,3421,978.8,302.0
G,3107139,124900,136,3420,1831257,34326,113,3421,978.8,302.0
R,1269641,64848,5996,3420,752233,32916,6132,3421,978.8,302.0
D,NBXX,9999,3.394e-5,2.342e-5,1.384e-5,3.661e-6,3.708e-6,2.915e-6
Y,188721,978.8,302.0,298.0,65.1,13.1,5.7,0,0008
T,2014,09,06,14,03,05
B,236456,18220,129,3091,142312,5745,123,3093,978.7,302.0
G,2802190,111184,81,3091,1650125,30588,87,3093,978.7,302.0
R,1147985,58076,5619,3091,676749,29623,5514,3093,978.7,302.0
D,NBXX,9999,3.308e-5,2.293e-5,1.333e-5,4.202e-6,3.598e-6,2.679e-6
Y,188313,978.7,302.0,298.0,64.5,13.1,5.7,0,0008
T,2014,09,06,14,08,05
B,256815,19045,121,3349,155212,6016,168,3349,978.6,302.0
G,3041390,114256,156,3349,1790489,32576,116,3349,978.6,302.0
R,1244711,61462,6041,3349,735088,32187,6025,3349,978.6,302.0
D,NBXX,9999,3.066e-5,2.081e-5,1.237e-5,3.450e-6,3.369e-6,2.737e-6
Y,188644,978.6,302.0,298.0,62.7,13.1,5.7,0,0008
T,2014,09,06,14,13,05
B,261341,19825,133,3423,157267,6237,184,3424,978.5,302.0
G,3106444,119767,135,3423,1821590,33348,124,3424,978.5,302.0
R,1269973,63764,6174,3423,746932,32863,6254,3424,978.5,302.0
D,NBXX,9999,3.197e-5,2.179e-5,1.294e-5,3.720e-6,3.396e-6,2.661e-6
Y,188513,978.5,302.0,298.0,63.0,13.1,5.7,0,0008
T,2014,09,06,14,18,05
B,262913,21193,170,3447,158767,6290,147,3447,978.5,302.0
G,3124480,128397,114,3447,1837082,34291,117,3447,978.5,302.0
R,1278476,66694,6307,3447,753334,33309,6335,3447,978.5,302.0
D,NBXX,9999,3.584e-5,2.431e-5,1.440e-5,3.780e-6,3.647e-6,2.712e-6
Y,188286,978.5,302.0,298.1,64.3,13.1,5.7,0,0000
T,2014,09,06,14,23,05
B,259888,20875,145,3399,156627,6158,172,3397,978.4,302.1
G,3079755,127932,131,3399,1805428,34118,119,3397,978.4,302.1
R,1263044,65969,6052,3399,742780,32705,6097,3397,978.4,302.1
D,NBXX,9999,3.559e-5,2.474e-5,1.469e-5,3.591e-6,3.747e-6,2.843e-6
Y,188212,978.4,302.1,298.1,64.8,13.1,5.7,0,0008
T,2014,09,06,14,28,05
B,251321,20630,141,3285,150940,6019,123,3287,978.3,302.1
G,2980353,126915,133,3285,1747573,33355,141,3287,978.3,302.1
R,1218153,65253,5867,3285,716355,32054,5909,3287,978.3,302.1
D,NBXX,9999,3.719e-5,2.576e-5,1.572e-5,3.935e-6,3.834e-6,3.112e-6
Y,188459,978.3,302.1,298.2,65.0,13.1,5.7,0,0008
T,2014,09,06,14,33,05
B,262887,22132,148,3447,159836,6509,129,3448,978.2,302.1
G,3126345,132913,125,3447,1842580,35322,121,3448,978.2,302.1
R,1278101,67827,6266,3447,759986,33866,6257,3448,978.2,302.1
D,NBXX,9999,3.890e-5,2.573e-5,1.520e-5,4.598e-6,3.971e-6,3.142e-6
Y,188399,978.2,302.1,298.2,64.5,13.1,5.7,0,0000
T,2014,09,06,14,38,05
B,262857,22105,168,3447,159301,6331,203,3447,978.2,302.1
G,3129327,134564,132,3447,1840414,35461,114,3447,978.2,302.1
R,1280004,68797,6280,3447,755249,34155,6376,3447,978.2,302.1
D,NBXX,9999,3.849e-5,2.621e-5,1.565e-5,3.717e-6,4.007e-6,3.212e-6
Y,188579,978.2,302.1,298.2,64.6,13.1,5.7,0,0000
T,2014,09,06,14,43,05
B,263060,21991,136,3448,159408,6418,152,3447,978.1,302.1
G,3126372,132255,113,3448,1843581,35695,107,3447,978.1,302.1
R,1277889,67672,6350,3448,755760,33958,6174,3447,978.1,302.1
D,NBXX,9999,3.840e-5,2.554e-5,1.511e-5,4.289e-6,4.105e-6,3.210e-6
Y,188346,978.1,302.1,298.2,65.0,13.1,5.7,0,0000
T,2014,09,06,14,48,05
B,255770,21141,151,3351,153844,6289,152,3349,978.0,302.1
G,3027410,128907,123,3351,1779454,34155,111,3349,978.0,302.1
R,1236710,66000,6181,3351,731506,33103,6155,3349,978.0,302.1
D,NBXX,9999,3.755e-5,2.580e-5,1.527e-5,4.366e-6,3.966e-6,3.208e-6
Y,187661,978.0,302.1,298.2,65.6,13.1,5.7,0,0008
T,2014,09,06,14,53,05
B,263591,22115,136,3447,159425,6481,157,3448,978.0,302.1
G,3126722,134658,127,3447,1840182,35356,139,3448,978.0,302.1
R,1281063,68424,6467,3447,755126,34096,6501,3448,978.0,302.1
D,NBXX,9999,3.863e-5,2.627e-5,1.517e-5,4.417e-6,3.973e-6,2.937e-6
Y,188422,978.0,302.1,298.2,66.1,13.1,5.7,0,0000
T,2014,09,06,14,58,05
B,263556,22116,200,3447,159057,6479,131,3447,977.9,302.2
G,3126769,133664,125,3447,1833659,35410,92,3447,977.9,302.2
R,1280984,68362,6415,3447,753175,33871,6461,3447,977.9,302.2
D,NBXX,9999,3.854e-5,2.598e-5,1.520e-5,4.296e-6,4.011e-6,2.869e-6
Y,188425,977.9,302.2,298.2,65.8,13.1,5.7,0,0000
T,2014,09,06,15,03,05
B,262315,21813,182,3448,158069,6251,161,3447,977.9,302.2
G,3129085,133283,136,3448,1831430,35047,111,3447,977.9,302.2
R,1279905,68050,6386,3448,750510,34182,6326,3447,977.9,302.2
D,NBXX,9999,3.787e-5,2.581e-5,1.515e-5,3.640e-6,3.880e-6,3.195e-6
Y,188510,977.9,302.2,298.2,64.6,13.1,5.7,0,0000
T,2014,09,06,15,08,05
B,261027,21457,182,3425,157513,6254,162,3425,977.8,302.1
G,3103894,130556,177,3425,1826826,34790,132,3425,977.8,302.1
R,1270797,66983,6304,3425,749353,33680,6372,3425,977.8,302.1
D,NBXX,9999,3.706e-5,2.526e-5,1.475e-5,3.716e-6,3.862e-6,2.989e-6
Y,188247,977.8,302.1,298.2,64.2,13.1,5.7,0,0008
T,2014,09,06,15,13,05
B,263691,22346,143,3447,160125,6410,202,3448,977.7,302.1
G,3131760,135710,158,3447,1847136,35876,133,3448,977.7,302.1
R,1277926,68779,6428,3447,758592,34472,6363,3448,977.7,302.1
D,NBXX,9999,3.914e-5,2.653e-5,1.560e-5,4.004e-6,4.110e-6,3.327e-6
Y,188727,977.7,302.1,298.2,64.8,13.1,5.7,0,0000
T,2014,09,06,15,18,05
B,263927,22748,190,3447,157618,6484,187,3447,977.7,302.2
G,3124082,138358,163,3447,1825173,35823,117,3447,977.7,302.2
R,1279054,70471,6331,3447,750655,34578,6584,3447,977.7,302.2
D,NBXX,9999,4.023e-5,2.747e-5,1.653e-5,4.121e-6,4.128e-6,3.297e-6
Y,188262,977.7,302.2,298.2,65.0,13.1,5.7,0,0000
T,2014,09,06,15,23,05
B,262911,22315,157,3448,158557,6446,152,3447,977.6,302.2
G,3125827,135434,124,3448,1836301,35851,104,3447,977.6,302.2
R,1277794,68635,6331,3448,752183,34164,6272,3447,977.6,302.2
D,NBXX,9999,3.940e-5,2.654e-5,1.565e-5,4.325e-6,4.153e-6,3.282e-6
Y,188313,977.6,302.2,298.2,65.0,13.1,5.7,0,0000
T,2014,09,06,15,28,05
B,261819,21677,154,3425,156893,6360,162,3425,977.6,302.2
G,3106931,131740,151,3425,1819400,34937,119,3425,977.6,302.2
R,1273320,67489,6377,3425,747585,34023,6399,3425,977.6,302.2
D,NBXX,9999,3.767e-5,2.561e-5,1.493e-5,4.105e-6,3.912e-6,3.107e-6
Y,188432,977.6,302.2,298.3,64.6,13.1,5.7,0,0008
T,2014,09,06,15,33,05
B,260922,21336,165,3426,157232,6386,173,3426,977.5,302.2
G,3111209,129874,145,3426,1816145,34902,95,3426,977.5,302.2
R,1272446,66994,6345,3426,746329,34020,6467,3426,977.5,302.2
D,NBXX,9999,3.676e-5,2.498e-5,1.462e-5,4.171e-6,3.897e-6,3.087e-6
Y,188637,977.5,302.2,298.3,65.1,13.1,5.7,0,0008
T,2014,09,06,15,38,05
B,262799,21332,199,3447,159271,6373,170,3447,977.4,302.3
G,3126237,129813,124,3447,1845925,34077,111,3447,977.4,302.3
R,1277899,67259,6485,3447,759366,34167,6576,3447,977.4,302.3
D,NBXX,9999,3.617e-5,2.476e-5,1.447e-5,3.886e-6,3.585e-6,2.948e-6
Y,188393,977.4,302.3,298.3,63.8,13.1,5.7,0,0000
T,2014,09,06,15,43,05
B,263564,20978,187,3448,159224,6351,178,3447,977.4,302.3
G,3120970,128125,110,3448,1836651,34361,119,3447,977.4,302.3
R,1280860,67458,6512,3448,756240,34190,6338,3447,977.4,302.3
D,NBXX,9999,3.490e-5,2.430e-5,1.466e-5,3.784e-6,3.699e-6,3.091e-6
Y,188019,977.4,302.3,298.4,63.5,13.1,5.7,0,0000
T,2014,09,06,15,48,05
B,263472,21239,165,3447,158944,6259,142,3447,977.4,302.3
G,3128947,130196,115,3447,1833376,34849,116,3447,977.4,302.3
R,1279472,67841,6418,3447,751701,34065,6494,3447,977.4,302.3
D,NBXX,9999,3.594e-5,2.485e-5,1.489e-5,3.709e-6,3.821e-6,2.977e-6
Y,188556,977.4,302.3,298.4,66.3,13.1,5.7,0,0000
T,2014,09,06,15,53,05
B,259581,21500,182,3401,157061,6442,145,3403,977.3,302.3
G,3087166,130460,143,3401,1813638,34711,100,3403,977.3,302.3
R,1265888,67492,6419,3401,743425,34188,6384,3403,977.3,302.3
D,NBXX,9999,3.765e-5,2.548e-5,1.511e-5,4.472e-6,3.914e-6,3.251e-6
Y,188555,977.3,302.3,298.4,66.9,13.1,5.7,0,0008
T,2014,09,06,15,58,05
B,264824,21944,170,3447,158172,6362,154,3447,977.3,302.4
G,3128520,133379,133,3447,1831921,35255,127,3447,977.3,302.4
R,1280480,68247,6454,3447,751347,34351,6521,3447,977.3,302.4
D,NBXX,9999,3.771e-5,2.585e-5,1.507e-5,3.872e-6,3.940e-6,3.100e-6
Y,188531,977.3,302.4,298.4,67.4,13.1,5.7,0,0000
T,2014,09,06,16,03,05
B,262706,22151,165,3448,158171,6327,177,3447,977.4,302.4
G,3126443,134357,127,3448,1839568,35316,120,3447,977.4,302.4
R,1280236,68764,6445,3448,755709,34860,6470,3447,977.4,302.4
D,NBXX,9999,3.883e-5,2.619e-5,1.544e-5,3.852e-6,3.975e-6,3.466e-6
Y,188350,977.4,302.4,298.5,68.0,13.1,5.7,0,0000
T,2014,09,06,16,08,05
B,263879,22726,211,3447,158645,6590,155,3447,977.4,302.4
G,3128893,137149,143,3447,1833344,35754,125,3447,977.4,302.4
R,1279896,69510,6560,3447,752416,34840,6612,3447,977.4,302.4
D,NBXX,9999,4.022e-5,2.703e-5,1.573e-5,4.491e-6,4.093e-6,3.266e-6
Y,188553,977.4,302.4,298.5,68.5,13.1,5.7,0,0000
T,2014,09,06,16,13,05
B,261967,22687,173,3447,158464,6537,161,3447,977.2,302.5
G,3129350,138377,151,3447,1831525,35828,97,3447,977.2,302.5
R,1280636,69995,6641,3447,752363,35021,6642,3447,977.2,302.5
D,NBXX,9999,4.074e-5,2.742e-5,1.593e-5,4.594e-6,4.122e-6,3.292e-6
Y,188581,977.2,302.5,298.5,68.5,13.1,5.7,0,0000
T,2014,09,06,16,18,05
B,262871,22587,193,3447,159423,6497,177,3448,977.1,302.5
G,3125963,136125,130,3447,1844807,35895,122,3448,977.1,302.5
R,1279475,70307,6572,3447,758403,35013,6296,3448,977.1,302.5
D,NBXX,9999,4.006e-5,2.675e-5,1.645e-5,4.269e-6,4.151e-6,3.592e-6
Y,188376,977.1,302.5,298.6,67.9,13.1,5.7,0,0000
T,2014,09,06,16,23,05
B,263293,22561,188,3447,160206,6351,184,3447,977.2,302.5
G,3125318,135562,113,3447,1847822,35671,137,3447,977.2,302.5
R,1281707,69618,6603,3447,756950,34827,6681,3447,977.2,302.5
D,NBXX,9999,3.987e-5,2.658e-5,1.567e-5,3.786e-6,4.086e-6,3.161e-6
Y,188337,977.2,302.5,298.6,68.2,13.1,5.7,0,0000
T,2014,09,06,16,28,05
B,262731,22352,170,3448,159171,6324,185,3447,977.2,302.5
G,3133780,135851,131,3448,1840692,35505,122,3447,977.2,302.5
R,1280947,69310,6719,3448,757083,34771,6769,3447,977.2,302.5
D,NBXX,9999,3.942e-5,2.656e-5,1.535e-5,3.808e-6,4.006e-6,2.991e-6
Y,188794,977.2,302.5,298.6,68.0,13.1,5.7,0,0000
T,2014,09,06,16,33,05
B,262247,21835,215,3447,158103,6349,205,3447,977.1,302.6
G,3127002,133963,157,3447,1830842,35099,149,3447,977.1,302.6
R,1280882,69012,6743,3447,754534,34711,6686,3447,977.1,302.6
D,NBXX,9999,3.771e-5,2.603e-5,1.521e-5,3.680e-6,3.879e-6,2.992e-6
Y,188439,977.1,302.6,298.6,67.4,13.1,5.7,0,0000
T,2014,09,06,16,38,05
B,263134,22163,174,3447,158965,6515,174,3448,977.2,302.6
G,3129688,133456,132,3447,1846761,34933,111,3448,977.2,302.6
R,1282690,68841,6782,3447,758401,34827,6689,3448,977.2,302.6
D,NBXX,9999,3.876e-5,2.586e-5,1.503e-5,4.385e-6,3.837e-6,3.012e-6
Y,188601,977.2,302.6,298.7,67.9,13.1,5.7,0,0000
T,2014,09,06,16,43,05
B,263332,21604,204,3447,159273,6301,155,3447,977.1,302.6
G,3125575,132946,126,3447,1837293,35122,141,3447,977.1,302.6
R,1283382,69367,6794,3447,756059,35097,6833,3447,977.1,302.6
D,NBXX,9999,3.694e-5,2.575e-5,1.523e-5,3.676e-6,3.906e-6,3.066e-6
Y,188352,977.1,302.6,298.7,67.4,13.1,5.7,0,0000
T,2014,09,06,16,48,05
B,263132,21742,200,3448,159431,6255,141,3447,977.1,302.7
G,3128798,130749,130,3448,1840019,34842,131,3447,977.1,302.7
R,1280786,68851,6840,3448,757596,35003,6785,3447,977.1,302.7
D,NBXX,9999,3.748e-5,2.501e-5,1.497e-5,3.617e-6,3.812e-6,3.038e-6
Y,188493,977.1,302.7,298.7,66.6,13.1,5.7,0,0000
T,2014,09,06,16,53,05
B,261789,22084,167,3424,157513,6522,154,3425,977.1,302.7
G,3105677,133907,133,3424,1822728,35064,147,3425,977.1,302.7
R,1272942,68777,6849,3424,751830,34541,6887,3425,977.1,302.7
D,NBXX,9999,3.896e-5,2.632e-5,1.505e-5,4.601e-6,3.950e-6,2.733e-6
Y,188411,977.1,302.7,298.7,66.4,13.1,5.7,0,0008
T,2014,09,06,16,58,05
B,247552,19682,173,3253,150399,5883,148,3254,977.0,302.7
G,2943724,122601,124,3253,1737213,32445,129,3254,977.0,302.7
R,1207960,64172,6396,3253,716290,32874,6589,3254,977.0,302.7
D,NBXX,9999,3.494e-5,2.487e-5,1.437e-5,3.600e-6,3.690e-6,2.834e-6
Y,187972,977.0,302.7,298.8,66.1,13.1,5.7,0,0008
T,2014,09,06,17,03,05
B,262833,21139,210,3447,159250,6409,178,3447,977.0,302.7
G,3124557,127462,145,3447,1842589,34397,126,3447,977.0,302.7
R,1280214,67244,7208,3447,757576,35454,6819,3447,977.0,302.7
D,NBXX,9999,3.552e-5,2.403e-5,1.371e-5,3.941e-6,3.679e-6,3.028e-6
Y,188291,977.0,302.7,298.8,65.3,13.1,5.7,0,0000
T,2014,09,06,17,08,05
B,263328,21155,185,3448,159161,6231,197,3447,977.0,302.8
G,3126333,128469,119,3448,1843465,34555,141,3447,977.0,302.8
R,1282694,67774,6954,3448,756301,35084,6916,3447,977.0,302.8
D,NBXX,9999,3.547e-5,2.435e-5,1.408e-5,3.382e-6,3.743e-6,2.894e-6
Y,188343,977.0,302.8,298.8,65.6,13.1,5.7,0,0000
T,2014,09,06,17,13,05
B,262694,21006,179,3447,159720,6371,188,3447,977.0,302.8
G,3122881,127035,132,3447,1840056,34184,136,3447,977.0,302.8
R,1280549,67906,6911,3447,757964,34883,6804,3447,977.0,302.8
D,NBXX,9999,3.522e-5,2.394e-5,1.433e-5,3.908e-6,3.632e-6,2.896e-6
Y,188190,977.0,302.8,298.9,65.6,13.1,5.7,0,0000
T,2014,09,06,17,18,05
B,263859,20977,219,3447,159109,6404,203,3448,977.0,302.8
G,3122914,128099,150,3447,1840900,34324,119,3448,977.0,302.8
R,1281985,68771,6977,3447,759944,35449,6971,3448,977.0,302.8
D,NBXX,9999,3.466e-5,2.428e-5,1.467e-5,3.726e-6,3.672e-6,3.061e-6
Y,188192,977.0,302.8,298.9,65.6,13.1,5.7,0,0000
T,2014,09,06,17,23,05
B,264083,21193,176,3447,158381,6357,191,3447,977.0,302.9
G,3122525,127324,139,3447,1838388,34257,141,3447,977.0,302.9
R,1280631,67885,7119,3447,757252,35328,7104,3447,977.0,302.9
D,NBXX,9999,3.549e-5,2.403e-5,1.395e-5,3.782e-6,3.652e-6,2.805e-6
Y,188168,977.0,302.9,298.9,65.6,13.1,5.7,0,0000
T,2014,09,06,17,28,05
B,263522,20845,183,3448,159787,6350,185,3447,977.1,302.9
G,3120991,125666,163,3448,1841064,34039,142,3447,977.1,302.9
R,1282528,67386,7074,3448,756734,35533,7035,3447,977.1,302.9
D,NBXX,9999,3.455e-5,2.352e-5,1.368e-5,3.801e-6,3.582e-6,3.002e-6
Y,188020,977.1,302.9,299.0,65.1,13.1,5.7,0,0000
T,2014,09,06,17,33,05
B,262862,21213,139,3447,159139,6371,198,3447,977.0,302.9
G,3120966,126720,156,3447,1837529,34583,142,3447,977.0,302.9
R,1283315,68382,7109,3447,758495,35925,6983,3447,977.0,302.9
D,NBXX,9999,3.595e-5,2.386e-5,1.429e-5,4.018e-6,3.754e-6,3.244e-6
Y,188074,977.0,302.9,299.0,65.3,13.1,5.7,0,0000
T,2014,09,06,17,38,05
B,263429,20886,196,3447,159127,6348,225,3448,977.0,302.9
G,3121678,125111,140,3447,1836115,34208,137,3448,977.0,302.9
R,1283572,67298,7024,3447,757939,35459,6984,3448,977.0,302.9
D,NBXX,9999,3.451e-5,2.335e-5,1.367e-5,3.600e-6,3.637e-6,3.009e-6
Y,188117,977.0,302.9,299.0,64.3,13.1,5.7,0,0000
T,2014,09,06,17,43,05
B,263004,20727,185,3447,158679,6357,178,3447,977.0,302.9
G,3119135,124971,174,3447,1838194,34065,138,3447,977.0,302.9
R,1280985,67855,7156,3447,755694,35735,7161,3447,977.0,302.9
D,NBXX,9999,3.432e-5,2.332e-5,1.386e-5,3.871e-6,3.591e-6,2.987e-6
Y,187963,977.0,302.9,299.0,64.2,13.1,5.7,0,0000
T,2014,09,06,17,48,05
B,262365,20649,182,3448,159445,6252,209,3447,977.0,303.0
G,3124845,125184,168,3448,1835810,34424,142,3447,977.0,303.0
R,1283083,67455,7279,3448,758506,35540,7183,3447,977.0,303.0
D,NBXX,9999,3.413e-5,2.332e-5,1.348e-5,3.495e-6,3.689e-6,2.761e-6
Y,188254,977.0,303.0,299.0,64.5,13.1,5.7,0,0000
T,2014,09,06,17,53,05
B,262804,20675,195,3447,159209,6282,207,3447,977.0,303.0
G,3123861,126027,143,3447,1837210,34482,176,3447,977.0,303.0
R,1281731,67379,7319,3447,757710,35716,7174,3447,977.0,303.0
D,NBXX,9999,3.407e-5,2.359e-5,1.345e-5,3.513e-6,3.704e-6,2.855e-6
Y,188249,977.0,303.0,299.0,65.0,13.1,5.7,0,0000
T,2014,09,06,17,58,05
B,263102,20777,191,3447,158811,6508,202,3448,977.0,303.0
G,3122935,125726,139,3447,1833624,34450,149,3448,977.0,303.0
R,1283165,68088,7228,3447,757892,36234,7313,3448,977.0,303.0
D,NBXX,9999,3.435e-5,2.352e-5,1.382e-5,4.218e-6,3.705e-6,3.123e-6
Y,188193,977.0,303.0,299.1,64.6,13.1,5.7,0,0000
T,2014,09,06,18,03,05
B,263312,20653,163,3447,159168,6389,204,3447,976.9,303.0
G,3117331,124713,169,3447,1838027,34320,135,3447,976.9,303.0
R,1283490,67685,7405,3447,758341,36043,7367,3447,976.9,303.0
D,NBXX,9999,3.403e-5,2.326e-5,1.340e-5,3.948e-6,3.681e-6,2.841e-6
Y,187854,976.9,303.0,299.1,64.3,13.1,5.7,0,0000
T,2014,09,06,18,08,05
B,262924,20726,175,3448,158627,6316,174,3447,976.9,303.0
G,3125314,124163,149,3448,1834553,34268,103,3447,976.9,303.0
R,1283046,68225,7326,3448,757921,36016,7626,3447,976.9,303.0
D,NBXX,9999,3.442e-5,2.301e-5,1.361e-5,3.819e-6,3.659e-6,2.704e-6
Y,188282,976.9,303.0,299.1,64.3,13.1,5.7,0,0000
T,2014,09,06,18,13,05
B,263300,20838,188,3447,158504,6367,189,3447,977.0,303.0
G,3121698,125348,157,3447,1838611,34269,129,3447,977.0,303.0
R,1283908,68628,7442,3447,757944,36034,7198,3447,977.0,303.0
D,NBXX,9999,3.455e-5,2.342e-5,1.406e-5,3.831e-6,3.656e-6,2.926e-6
Y,188118,977.0,303.0,299.1,64.0,13.1,5.7,0,0000
T,2014,09,06,18,18,05
B,263587,20597,196,3447,159463,6264,215,3448,977.0,303.1
G,3118222,123935,125,3447,1840047,33952,143,3448,977.0,303.1
R,1283946,67787,7374,3447,759724,36061,7548,3448,977.0,303.1
D,NBXX,9999,3.361e-5,2.302e-5,1.334e-5,3.366e-6,3.571e-6,2.735e-6
Y,187908,977.0,303.1,299.1,64.2,13.1,5.7,0,0000
T,2014,09,06,18,23,05
B,262243,20399,174,3447,158821,6444,187,3447,977.0,303.1
G,3124339,123825,158,3447,1840100,34008,153,3447,977.0,303.1
R,1280633,67628,7358,3447,758260,35976,7260,3447,977.0,303.1
D,NBXX,9999,3.349e-5,2.289e-5,1.354e-5,4.202e-6,3.555e-6,2.936e-6
Y,188278,977.0,303.1,299.1,64.2,13.1,5.7,0,0000
T,2014,09,06,18,28,05
B,263151,20406,203,3447,159632,6381,178,3447,977.0,303.1
G,3114829,124032,140,3447,1831807,33960,144,3447,977.0,303.1
R,1284287,67698,7335,3447,759277,36210,7537,3447,977.0,303.1
D,NBXX,9999,3.323e-5,2.309e-5,1.331e-5,3.871e-6,3.583e-6,2.865e-6
Y,187703,977.0,303.1,299.1,64.2,13.1,5.7,0,0000
T,2014,09,06,18,33,05
B,262288,20865,215,3448,157982,6445,196,3447,977.0,303.1
G,3119477,123947,179,3448,1841116,34234,129,3447,977.0,303.1
R,1284323,67794,7465,3448,759232,36082,7430,3447,977.0,303.1
D,NBXX,9999,3.475e-5,2.299e-5,1.335e-5,4.027e-6,3.648e-6,2.774e-6
Y,187929,977.0,303.1,299.1,64.0,13.1,5.7,0,0000
T,2014,09,06,18,38,05
B,262241,20161,212,3447,159327,6309,208,3447,977.1,303.0
G,3118394,122040,159,3447,1832944,34028,144,3447,977.1,303.0
R,1281079,66959,7459,3447,757836,35937,7426,3447,977.1,303.0
D,NBXX,9999,3.255e-5,2.241e-5,1.292e-5,3.570e-6,3.585e-6,2.716e-6
Y,187918,977.1,303.0,299.0,63.5,13.1,5.7,0,0000
T,2014,09,06,18,43,05
B,262472,20454,232,3447,159249,6229,206,3448,977.0,303.0
G,3118292,121624,161,3447,1839511,33645,148,3448,977.0,303.0
R,1282141,67225,7439,3447,760048,35795,7448,3448,977.0,303.0
D,NBXX,9999,3.334e-5,2.227e-5,1.306e-5,3.236e-6,3.459e-6,2.612e-6
Y,187912,977.0,303.0,299.0,63.7,13.1,5.7,0,0000
T,2014,09,06,18,48,05
B,261847,20214,191,3447,159266,6233,234,3447,977.0,303.0
G,3117608,121607,168,3447,1839932,33958,164,3447,977.0,303.0
R,1282459,67421,7372,3447,759188,36185,7528,3447,977.0,303.0
D,NBXX,9999,3.279e-5,2.227e-5,1.317e-5,3.343e-6,3.555e-6,2.846e-6
Y,187871,977.0,303.0,299.0,64.0,13.1,5.7,0,0000
T,2014,09,06,18,53,05
B,263060,20106,179,3448,159760,6394,190,3447,977.0,303.0
G,3118354,120344,157,3448,1841031,33731,153,3447,977.0,303.0
R,1282750,67054,7498,3448,758246,36240,7610,3447,977.0,303.0
D,NBXX,9999,3.237e-5,2.187e-5,1.278e-5,3.966e-6,3.492e-6,2.733e-6
Y,187861,977.0,303.0,299.0,64.0,13.1,5.7,0,0000
T,2014,09,06,18,58,05
B,262891,20241,232,3447,158457,6337,186,3447,977.1,302.9
G,3117176,121848,125,3447,1840105,33690,128,3447,977.1,302.9
R,1281340,67045,7634,3447,759457,36476,7529,3447,977.1,302.9
D,NBXX,9999,3.265e-5,2.238e-5,1.274e-5,3.620e-6,3.500e-6,2.834e-6
Y,187844,977.1,302.9,298.9,64.2,13.1,5.7,0,0000
T,2014,09,06,19,03,05
B,263098,20325,207,3447,158957,6447,200,3448,977.2,302.9
G,3122368,121739,151,3447,1841760,33929,150,3448,977.2,302.9
R,1284096,66676,7449,3447,759841,36114,7510,3448,977.2,302.9
D,NBXX,9999,3.290e-5,2.226e-5,1.260e-5,3.980e-6,3.538e-6,2.726e-6
Y,188159,977.2,302.9,298.9,64.3,13.1,5.7,0,0000
T,2014,09,06,19,08,05
B,263763,20271,235,3447,159888,6209,210,3447,977.1,302.9
G,3121931,122400,128,3447,1838638,33774,130,3447,977.1,302.9
R,1282116,67164,7377,3447,759723,36153,7442,3447,977.1,302.9
D,NBXX,9999,3.245e-5,2.249e-5,1.305e-5,3.068e-6,3.509e-6,2.874e-6
Y,188132,977.1,302.9,298.9,64.8,13.1,5.7,0,0000
T,2014,09,06,19,13,05
B,262984,20539,173,3448,159169,6242,195,3447,977.1,302.9
G,3117298,123462,165,3448,1838760,33955,141,3447,977.1,302.9
R,1280126,67774,7398,3448,759751,36054,7446,3447,977.1,302.9
D,NBXX,9999,3.373e-5,2.287e-5,1.345e-5,3.504e-6,3.568e-6,2.818e-6
Y,187797,977.1,302.9,298.9,64.6,13.1,5.7,0,0000
T,2014,09,06,19,18,05
B,263609,20950,187,3447,159351,6341,207,3447,977.2,302.8
G,3113461,124930,134,3447,1838434,34342,137,3447,977.2,302.8
R,1282536,68383,7520,3447,758740,36271,7310,3447,977.2,302.8
D,NBXX,9999,3.473e-5,2.339e-5,1.378e-5,3.655e-6,3.713e-6,2.935e-6
Y,187620,977.2,302.8,298.8,65.1,13.1,5.7,0,0000
T,2014,09,06,19,23,05
B,262826,20268,163,3447,159210,6313,190,3448,977.2,302.8
G,3117022,124486,147,3447,1835527,34265,166,3448,977.2,302.8
R,1280709,67727,7400,3447,759190,36158,7587,3448,977.2,302.8
D,NBXX,9999,3.295e-5,2.319e-5,1.331e-5,3.764e-6,3.658e-6,2.764e-6
Y,187835,977.2,302.8,298.8,65.5,13.1,5.7,0,0000
T,2014,09,06,19,28,05
B,263109,20592,188,3447,158891,6364,173,3447,977.2,302.8
G,3112250,124595,150,3447,1834188,34129,130,3447,977.2,302.8
R,1282792,68394,7400,3447,755336,35647,7426,3447,977.2,302.8
D,NBXX,9999,3.386e-5,2.330e-5,1.379e-5,3.879e-6,3.647e-6,2.550e-6
Y,187547,977.2,302.8,298.8,65.6,13.1,5.7,0,0000
T,2014,09,06,19,33,05
B,252361,19997,187,3311,151834,6316,200,3311,977.1,302.8
G,2989755,121001,149,3311,1757105,33289,121,3311,977.1,302.8
R,1230223,66178,7072,3311,724021,34815,7056,3311,977.1,302.8
D,NBXX,9999,3.450e-5,2.373e-5,1.423e-5,4.410e-6,3.812e-6,3.023e-6
Y,187565,977.1,302.8,298.8,65.6,13.1,5.7,0,0008
T,2014,09,06,19,38,05
B,237129,18873,206,3127,144034,5743,156,3128,977.2,302.8
G,2822494,114152,102,3127,1662321,31052,136,3128,977.2,302.8
R,1160047,62649,6589,3127,687515,32652,6605,3128,977.2,302.8
D,NBXX,9999,3.480e-5,2.371e-5,1.450e-5,3.752e-6,3.685e-6,2.998e-6
Y,187491,977.2,302.8,298.8,65.8,13.1,5.7,0,0008
T,2014,09,06,19,43,05
B,263340,20927,192,3447,158620,6310,256,3448,977.3,302.8
G,3117898,125707,165,3447,1828306,34336,112,3448,977.3,302.8
R,1283756,67727,7171,3447,753471,35941,7337,3448,977.3,302.8
D,NBXX,9999,3.453e-5,2.358e-5,1.358e-5,3.378e-6,3.691e-6,2.946e-6
Y,187888,977.3,302.8,298.8,65.8,13.1,5.7,0,0000
T,2014,09,06,19,48,05
B,263042,20929,179,3447,158880,6289,186,3447,977.4,302.8
G,3118233,125029,151,3447,1833626,33998,158,3447,977.4,302.8
R,1281875,68444,7169,3447,757168,35648,7207,3447,977.4,302.8
D,NBXX,9999,3.490e-5,2.335e-5,1.416e-5,3.637e-6,3.574e-6,2.882e-6
Y,187908,977.4,302.8,298.7,65.6,13.1,5.7,0,0000
T,2014,09,06,19,53,05
B,263041,21069,198,3448,158679,6375,194,3447,977.5,302.7
G,3119245,126515,171,3448,1836029,34987,147,3447,977.5,302.7
R,1283049,68833,7310,3448,756845,35828,7239,3447,977.5,302.7
D,NBXX,9999,3.524e-5,2.378e-5,1.425e-5,3.812e-6,3.870e-6,2.863e-6
Y,187915,977.5,302.7,298.7,65.6,13.1,5.7,0,0000
T,2014,09,06,19,58,05
B,262101,21850,163,3447,158383,6766,170,3447,977.6,302.7
G,3120791,133096,157,3447,1837885,35557,127,3447,977.6,302.7
R,1279859,70600,7272,3447,759018,36577,7237,3447,977.6,302.7
D,NBXX,9999,3.811e-5,2.585e-5,1.545e-5,5.299e-6,4.054e-6,3.381e-6
Y,188063,977.6,302.7,298.7,67.4,13.1,5.7,0,0000
T,2014,09,06,20,03,05
B,263060,21503,185,3447,159509,6715,183,3448,977.6,302.7
G,3118731,130839,104,3447,1839152,35358,126,3448,977.6,302.7
R,1283261,69529,7138,3447,759039,36002,7137,3448,977.6,302.7
D,NBXX,9999,3.667e-5,2.519e-5,1.487e-5,4.938e-6,4.015e-6,3.156e-6
Y,187939,977.6,302.7,298.6,67.4,13.1,5.7,0,0000
T,2014,09,06,20,08,05
B,262888,21215,185,3447,158951,6429,150,3447,977.6,302.7
G,3119328,128885,147,3447,1831950,34722,144,3447,977.6,302.7
R,1281559,68631,7143,3447,756481,35657,7051,3447,977.6,302.7
D,NBXX,9999,3.593e-5,2.454e-5,1.441e-5,4.189e-6,3.793e-6,3.022e-6
Y,187975,977.6,302.7,298.6,67.2,13.1,5.7,0,0000
T,2014,09,06,20,13,05
B,263723,20133,188,3448,159849,6292,196,3447,977.6,302.6
G,3113477,120658,146,3448,1832884,33705,129,3447,977.6,302.6
R,1282211,67103,7351,3448,756005,35438,7222,3447,977.6,302.6
D,NBXX,9999,3.222e-5,2.201e-5,1.318e-5,3.537e-6,3.500e-6,2.612e-6
Y,187566,977.6,302.6,298.6,66.1,13.1,5.7,0,0000
T,2014,09,06,20,18,05
B,262586,18355,158,3447,158865,6148,205,3447,977.7,302.6
G,3122860,111925,134,3447,1833334,32689,127,3447,977.7,302.6
R,1281470,63891,7264,3447,757642,34796,7236,3447,977.7,302.6
D,NBXX,9999,2.704e-5,1.914e-5,1.126e-5,3.239e-6,3.149e-6,2.269e-6
Y,188188,977.7,302.6,298.5,65.3,13.1,5.7,0,0000
T,2014,09,06,20,23,05
B,263099,17777,152,3447,158656,6079,194,3448,977.7,302.6
G,3116874,104492,124,3447,1832573,31508,161,3448,977.7,302.6
R,1282666,61585,7107,3447,758557,34153,7217,3448,977.7,302.6
D,NBXX,9999,2.520e-5,1.685e-5,9.940e-6,3.046e-6,2.782e-6,1.983e-6
Y,187826,977.7,302.6,298.5,64.6,13.1,5.7,0,0000
T,2014,09,06,20,28,05
B,262297,17036,192,3447,158295,5946,189,3447,977.8,302.6
G,3117932,103469,145,3447,1835955,31541,145,3447,977.8,302.6
R,1282497,61597,7139,3447,754129,34333,7105,3447,977.8,302.6
D,NBXX,9999,2.294e-5,1.651e-5,1.000e-5,2.566e-6,2.791e-6,2.158e-6
Y,187890,977.8,302.6,298.5,64.6,13.1,5.7,0,0000
T,2014,09,06,20,33,05
B,263146,17317,192,3447,158746,5972,199,3447,977.7,302.5
G,3118690,102162,135,3447,1833188,31144,142,3447,977.7,302.5
R,1281729,60479,7192,3447,756179,33994,7017,3447,977.7,302.5
D,NBXX,9999,2.361e-5,1.609e-5,9.357e-6,2.556e-6,2.667e-6,1.980e-6
Y,187936,977.7,302.5,298.4,64.6,13.1,5.7,0,0000
T,2014,09,06,20,38,05
B,261522,17076,183,3426,158468,5928,176,3425,977.6,302.5
G,3102341,100954,136,3426,1824729,31103,161,3425,977.6,302.5
R,1275505,60407,6968,3426,752127,34267,6973,3425,977.6,302.5
D,NBXX,9999,2.330e-5,1.587e-5,9.636e-6,2.646e-6,2.701e-6,2.401e-6
Y,188097,977.6,302.5,298.4,64.8,13.1,5.7,0,0008
T,2014,09,06,20,43,05
B,261649,17211,175,3447,159040,5948,179,3447,977.7,302.4
G,3115242,103921,143,3447,1830859,31510,115,3447,977.7,302.4
R,1279944,61800,7005,3447,755994,33650,6944,3447,977.7,302.4
D,NBXX,9999,2.369e-5,1.669e-5,1.040e-5,2.699e-6,2.801e-6,1.969e-6
Y,187727,977.7,302.4,298.3,65.0,13.1,5.7,0,0000
T,2014,09,06,20,48,05
B,250532,16558,199,3280,151198,5661,146,3280,977.7,302.4
G,2961865,97889,118,3280,1741006,29819,127,3280,977.7,302.4
R,1216930,58176,6673,3280,719686,32794,6832,3280,977.7,302.4
D,NBXX,9999,2.392e-5,1.639e-5,9.838e-6,2.564e-6,2.755e-6,2.307e-6
Y,187572,977.7,302.4,298.2,64.8,13.1,5.7,0,0008
T,2014,09,06,20,53,05
B,243051,15732,164,3193,147353,5441,155,3193,977.8,302.3
G,2872477,94230,119,3193,1698724,28903,154,3193,977.8,302.3
R,1182462,56737,6317,3193,701436,31612,6571,3193,977.8,302.3
D,NBXX,9999,2.287e-5,1.613e-5,1.016e-5,2.455e-6,2.735e-6,2.320e-6
Y,186865,977.8,302.3,298.2,65.0,13.1,5.7,0,0008
T,2014,09,06,20,58,05
B,262431,17554,183,3448,158787,6225,196,3447,977.8,302.3
G,3115514,102958,151,3448,1834496,31402,155,3447,977.8,302.3
R,1280390,61042,7058,3448,756955,33835,7098,3447,977.8,302.3
D,NBXX,9999,2.450e-5,1.637e-5,9.771e-6,3.422e-6,2.751e-6,1.935e-6
Y,187689,977.8,302.3,298.1,65.1,13.1,5.7,0,0000
T,2014,09,06,21,03,05
B,262668,17294,176,3447,158745,5929,185,3447,977.9,302.3
G,3112752,102215,137,3447,1831010,31237,151,3447,977.9,302.3
R,1279739,60676,6920,3447,757479,33661,6774,3447,977.9,302.3
D,NBXX,9999,2.372e-5,1.617e-5,9.890e-6,2.548e-6,2.711e-6,2.161e-6
Y,187577,977.9,302.3,298.1,65.1,13.1,5.7,0,0000
T,2014,09,06,21,08,05
B,263066,17190,182,3447,158598,5875,154,3448,977.9,302.2
G,3116036,102778,154,3447,1839249,31255,136,3448,977.9,302.2
R,1277939,61158,6842,3447,757560,33657,6821,3448,977.9,302.2
D,NBXX,9999,2.340e-5,1.631e-5,1.025e-5,2.439e-6,2.703e-6,2.192e-6
Y,187776,977.9,302.2,298.1,65.3,13.1,5.7,0,0000
T,2014,09,06,21,13,05
B,263387,16996,199,3447,159158,6034,156,3447,977.9,302.2
G,3112557,99894,142,3447,1832440,31271,136,3447,977.9,302.2
R,1279574,60135,6723,3447,756609,33745,6968,3447,977.9,302.2
D,NBXX,9999,2.267e-5,1.544e-5,9.560e-6,2.847e-6,2.727e-6,2.217e-6
Y,187565,977.9,302.2,298.1,65.0,13.1,5.7,0,0000
T,2014,09,06,21,18,05
B,263647,16844,171,3448,159299,5966,190,3447,977.9,302.2
G,3120111,100342,126,3448,1839833,30981,131,3447,977.9,302.2
R,1278258,59923,7032,3448,753900,33266,6595,3447,977.9,302.2
D,NBXX,9999,2.213e-5,1.551e-5,9.502e-6,2.604e-6,2.621e-6,1.982e-6
Y,187967,977.9,302.2,298.0,64.8,13.1,5.7,0,0000
T,2014,09,06,21,23,05
B,262729,16882,149,3447,159608,5923,164,3447,977.9,302.1
G,3117534,102149,124,3447,1835484,31047,130,3447,977.9,302.1
R,1277116,60243,6829,3447,754561,33558,6673,3447,977.9,302.1
D,NBXX,9999,2.257e-5,1.611e-5,9.816e-6,2.684e-6,2.649e-6,2.258e-6
Y,187866,977.9,302.1,298.0,65.3,13.1,5.7,0,0000
T,2014,09,06,21,28,05
B,262777,16890,200,3447,158421,5867,200,3448,977.9,302.1
G,3113754,99228,147,3447,1831765,31049,152,3448,977.9,302.1
R,1277391,59896,6685,3447,754309,33057,6844,3448,977.9,302.1
D,NBXX,9999,2.228e-5,1.520e-5,9.577e-6,2.189e-6,2.642e-6,1.921e-6
Y,187637,977.9,302.1,297.9,65.0,13.1,5.7,0,0000
T,2014,09,06,21,33,05
B,263156,16670,161,3447,159480,5802,174,3447,977.9,302.1
G,3116127,98661,154,3447,1834384,30743,117,3447,977.9,302.1
R,1276690,59359,6756,3447,757837,33486,6837,3447,977.9,302.1
D,NBXX,9999,2.175e-5,1.501e-5,9.211e-6,2.203e-6,2.551e-6,2.152e-6
Y,187781,977.9,302.1,297.9,64.5,13.1,5.7,0,0000
T,2014,09,06,21,38,05
B,262338,16455,192,3448,159033,5889,146,3447,978.1,302.1
G,3116090,97549,115,3448,1836796,30690,118,3447,978.1,302.1
R,1276007,58755,6831,3448,755795,33391,6783,3447,978.1,302.1
D,NBXX,9999,2.123e-5,1.467e-5,8.833e-6,2.519e-6,2.551e-6,2.088e-6
Y,187724,978.1,302.1,297.9,64.5,13.1,5.7,0,0000
T,2014,09,06,21,43,05
B,262386,16102,173,3447,158969,5707,208,3447,978.0,302.1
G,3115118,96031,125,3447,1832351,30232,108,3447,978.0,302.1
R,1276809,59263,6724,3447,755613,32997,6706,3447,978.0,302.1
D,NBXX,9999,1.997e-5,1.420e-5,9.265e-6,1.791e-6,2.406e-6,1.965e-6
Y,187720,978.0,302.1,297.9,64.5,13.1,5.7,0,0000
T,2014,09,06,21,48,05
B,262243,16052,192,3447,157760,5903,182,3448,978.0,302.1
G,3113399,94762,147,3447,1834133,30325,118,3448,978.0,302.1
R,1278809,58060,6412,3447,754978,33217,6618,3448,978.0,302.1
D,NBXX,9999,1.987e-5,1.380e-5,8.765e-6,2.429e-6,2.426e-6,2.368e-6
Y,187616,978.0,302.1,297.9,64.5,13.1,5.7,0,0000
T,2014,09,06,21,53,05
B,263275,16065,180,3447,158188,5848,148,3447,978.1,302.1
G,3111692,95044,123,3447,1835804,30648,141,3447,978.1,302.1
R,1274212,58085,6744,3447,758176,32910,6647,3447,978.1,302.1
D,NBXX,9999,1.988e-5,1.391e-5,8.616e-6,2.362e-6,2.537e-6,1.961e-6
Y,187513,978.1,302.1,298.0,64.6,13.1,5.7,0,0000
T,2014,09,06,21,58,05
B,262203,15871,178,3448,158227,5719,193,3447,978.3,302.1
G,3118327,94393,128,3448,1836712,30440,126,3447,978.3,302.1
R,1278976,58272,6596,3448,755337,32709,6656,3447,978.3,302.1
D,NBXX,9999,1.930e-5,1.362e-5,8.731e-6,1.867e-6,2.444e-6,1.900e-6
Y,187859,978.3,302.1,297.9,64.5,13.1,5.7,0,0000
T,2014,09,06,22,03,05
B,262046,16826,164,3447,159161,6009,147,3447,978.3,302.0
G,3116906,102308,141,3447,1837975,31262,129,3447,978.3,302.0
R,1278212,61989,6661,3447,753753,33345,6828,3447,978.3,302.0
D,NBXX,9999,2.251e-5,1.613e-5,1.088e-5,2.989e-6,2.700e-6,2.126e-6
Y,187828,978.3,302.0,297.8,64.5,13.1,5.7,0,0000
T,2014,09,06,22,08,05
B,262747,16365,184,3447,158943,5952,180,3448,978.3,302.0
G,3111281,99646,112,3447,1839597,30985,106,3448,978.3,302.0
R,1276592,60151,6451,3447,756645,32850,6673,3448,978.3,302.0
D,NBXX,9999,2.076e-5,1.536e-5,1.004e-5,2.570e-6,2.646e-6,2.091e-6
Y,187488,978.3,302.0,297.8,64.6,13.1,5.7,0,0000
T,2014,09,06,22,13,05
B,257475,16097,169,3379,155254,5963,172,3380,978.3,301.9
G,3061972,96235,146,3379,1800827,30462,116,3380,978.3,301.9
R,1254284,58314,6448,3379,739165,32136,6583,3380,978.3,301.9
D,NBXX,9999,2.100e-5,1.476e-5,9.446e-6,3.040e-6,2.618e-6,1.903e-6
Y,188233,978.3,301.9,297.7,64.8,13.1,5.7,0,0008
T,2014,09,06,22,18,05
B,254614,15782,185,3347,153291,5651,110,3344,978.3,301.9
G,3023468,94201,128,3347,1774512,29811,134,3344,978.3,301.9
R,1242288,57359,6332,3347,729732,31843,6452,3344,978.3,301.9
D,NBXX,9999,2.072e-5,1.449e-5,9.277e-6,2.432e-6,2.541e-6,2.021e-6
Y,187640,978.3,301.9,297.7,65.1,13.1,5.7,0,0008
T,2014,09,06,22,23,05
B,247959,14983,124,3246,149486,5517,149,3244,978.3,301.9
G,2943345,90936,118,3246,1728305,28951,124,3244,978.3,301.9
R,1204827,55338,6159,3246,712223,30715,6092,3244,978.3,301.9
D,NBXX,9999,1.951e-5,1.423e-5,9.199e-6,2.526e-6,2.519e-6,2.019e-6
Y,188354,978.3,301.9,297.7,65.1,13.1,5.7,0,0008
T,2014,09,06,22,28,05
B,254283,15506,143,3348,153253,5540,154,3349,978.2,301.9
G,3021483,93259,127,3348,1779806,29488,150,3349,978.2,301.9
R,1239163,57040,6445,3348,732304,31764,6328,3349,978.2,301.9
D,NBXX,9999,1.990e-5,1.419e-5,9.155e-6,2.070e-6,2.424e-6,1.988e-6
Y,187460,978.2,301.9,297.6,65.0,13.1,5.7,0,0008
T,2014,09,06,22,33,05
B,246491,15059,140,3241,149872,5329,130,3241,978.2,301.9
G,2935644,91165,128,3241,1730815,28923,100,3241,978.2,301.9
R,1202728,55313,6210,3241,710375,30708,6170,3241,978.2,301.9
D,NBXX,9999,2.006e-5,1.439e-5,9.134e-6,2.008e-6,2.535e-6,1.925e-6
Y,188150,978.2,301.9,297.7,65.6,13.1,5.7,0,0008
T,2014,09,06,22,38,05
B,254987,15345,149,3346,154485,5429,155,3346,978.2,301.9
G,3026177,92462,138,3346,1782413,29650,117,3346,978.2,301.9
R,1240836,56112,6349,3346,732474,30995,6238,3346,978.2,301.9
D,NBXX,9999,1.922e-5,1.389e-5,8.662e-6,1.649e-6,2.473e-6,1.624e-6
Y,187865,978.2,301.9,297.7,65.1,13.1,5.7,0,0008
T,2014,09,06,22,43,05
B,262354,16031,202,3447,158635,5766,168,3447,978.2,301.9
G,3117196,94948,162,3447,1832967,30252,105,3447,978.2,301.9
R,1279433,57728,6586,3447,754751,32678,6455,3447,978.2,301.9
D,NBXX,9999,1.977e-5,1.380e-5,8.537e-6,2.002e-6,2.380e-6,2.025e-6
Y,187846,978.2,301.9,297.8,65.3,13.1,5.7,0,0000
T,2014,09,06,22,48,05
B,262213,15937,144,3447,157810,5784,191,3447,978.3,301.9
G,3118894,95158,152,3447,1834478,30467,137,3447,978.3,301.9
R,1279295,57898,6488,3447,752517,32266,6502,3447,978.3,301.9
D,NBXX,9999,1.963e-5,1.384e-5,8.681e-6,2.193e-6,2.435e-6,1.807e-6
Y,187948,978.3,301.9,297.8,65.3,13.1,5.7,0,0000
T,2014,09,06,22,53,05
B,250892,15816,137,3283,151343,5794,165,3284,978.3,301.9
G,2970496,95492,131,3283,1751194,29763,132,3284,978.3,301.9
R,1218675,56255,6117,3283,721729,31135,6235,3284,978.3,301.9
D,NBXX,9999,2.154e-5,1.546e-5,9.416e-6,3.100e-6,2.684e-6,2.079e-6
Y,187948,978.3,301.9,297.7,65.0,13.1,5.7,0,0008
T,2014,09,06,22,58,05
B,259721,16444,186,3403,156481,5801,160,3403,978.3,301.8
G,3082544,99270,148,3403,1806680,31046,113,3403,978.3,301.8
R,1264072,59084,6218,3403,742952,32131,6429,3403,978.3,301.8
D,NBXX,9999,2.162e-5,1.552e-5,9.994e-6,2.353e-6,2.743e-6,2.101e-6
Y,188160,978.3,301.8,297.6,65.5,13.1,5.7,0,0008
T,2014,09,06,23,03,05
B,261818,17150,164,3448,159388,5860,198,3447,978.3,301.8
G,3119060,103917,134,3448,1835210,31667,145,3447,978.3,301.8
R,1275923,60695,6473,3448,753151,32702,6397,3447,978.3,301.8
D,NBXX,9999,2.335e-5,1.661e-5,1.057e-5,2.349e-6,2.821e-6,2.198e-6
Y,187904,978.3,301.8,297.5,66.4,13.1,5.7,0,0000
T,2014,09,06,23,08,05
B,261721,16922,164,3447,158358,5992,151,3447,978.3,301.7
G,3121724,102333,123,3447,1822026,31554,129,3447,978.3,301.7
R,1275576,59748,6334,3447,751306,32496,6534,3447,978.3,301.7
D,NBXX,9999,2.283e-5,1.610e-5,9.997e-6,2.930e-6,2.783e-6,2.070e-6
Y,188120,978.3,301.7,297.5,66.1,13.1,5.7,0,0000
T,2014,09,06,23,13,05
B,262786,17215,154,3447,157918,6031,180,3448,978.3,301.7
G,3117261,104663,131,3447,1824446,31987,118,3448,978.3,301.7
R,1274938,60406,6384,3447,751941,32665,6319,3448,978.3,301.7
D,NBXX,9999,2.346e-5,1.688e-5,1.054e-5,2.906e-6,2.933e-6,2.295e-6
Y,187850,978.3,301.7,297.5,66.6,13.1,5.7,0,0000
T,2014,09,06,23,18,05
B,261269,17122,133,3447,156850,6088,167,3447,978.3,301.7
G,3117355,102365,105,3447,1820077,31934,126,3447,978.3,301.7
R,1274784,59485,6203,3447,749055,32671,6270,3447,978.3,301.7
D,NBXX,9999,2.360e-5,1.616e-5,1.013e-5,3.313e-6,2.925e-6,2.471e-6
Y,187855,978.3,301.7,297.4,66.7,13.1,5.7,0,0000
T,2014,09,06,23,23,05
B,261930,17455,189,3448,158106,5944,174,3447,978.2,301.7
G,3119500,108513,141,3448,1831676,32383,119,3447,978.2,301.7
R,1275157,61490,6336,3448,753392,32935,6400,3447,978.2,301.7
D,NBXX,9999,2.430e-5,1.807e-5,1.118e-5,2.613e-6,3.053e-6,2.446e-6
Y,187930,978.2,301.7,297.4,67.4,13.1,5.7,0,0000
T,2014,09,06,23,28,05
B,262520,17785,153,3447,158830,6092,152,3447,978.2,301.7
G,3118541,107577,124,3447,1836720,32033,120,3447,978.2,301.7
R,1276183,61146,6525,3447,753780,32693,6274,3447,978.2,301.7
D,NBXX,9999,2.541e-5,1.779e-5,1.090e-5,3.236e-6,2.948e-6,2.237e-6
Y,187927,978.2,301.7,297.4,68.0,13.1,5.7,0,0000
T,2014,09,06,23,33,05
B,259605,17053,147,3412,157174,5796,163,3413,978.2,301.7
G,3087729,102651,103,3412,1809302,31427,104,3413,978.2,301.7
R,1265059,59339,6242,3412,744366,32327,6309,3413,978.2,301.7
D,NBXX,9999,2.371e-5,1.657e-5,1.020e-5,2.485e-6,2.865e-6,2.281e-6
Y,187979,978.2,301.7,297.4,67.2,13.1,5.7,0,0008
T,2014,09,06,23,38,05
B,261924,17363,165,3447,158168,6058,150,3447,978.2,301.6
G,3119681,105246,130,3447,1838224,31671,102,3447,978.2,301.6
R,1277620,60532,6328,3447,756348,32809,6323,3447,978.2,301.6
D,NBXX,9999,2.419e-5,1.705e-5,1.059e-5,3.135e-6,2.834e-6,2.403e-6
Y,187996,978.2,301.6,297.4,67.2,13.1,5.7,0,0000
T,2014,09,06,23,43,05
B,262461,17350,180,3448,157867,5963,164,3447,978.2,301.6
G,3120376,105492,105,3448,1833450,31839,120,3447,978.2,301.6
R,1276409,60788,6292,3448,753399,32242,6343,3447,978.2,301.6
D,NBXX,9999,2.394e-5,1.712e-5,1.079e-5,2.705e-6,2.891e-6,2.077e-6
Y,187983,978.2,301.6,297.3,67.7,13.1,5.7,0,0000
T,2014,09,06,23,48,05
B,263448,16549,168,3447,157791,6008,130,3447,978.2,301.6
G,3116052,101009,104,3447,1829208,30991,123,3447,978.2,301.6
R,1275082,59368,6082,3447,749864,32204,6109,3447,978.2,301.6
D,NBXX,9999,2.143e-5,1.574e-5,1.025e-5,2.939e-6,2.632e-6,2.381e-6
Y,187776,978.2,301.6,297.3,67.4,13.1,5.7,0,0000
T,2014,09,06,23,53,05
B,261786,16723,159,3447,158921,5881,128,3448,978.2,301.5
G,3121586,102000,147,3447,1836744,31280,131,3448,978.2,301.5
R,1274819,59598,6172,3447,752920,32141,6290,3448,978.2,301.5
D,NBXX,9999,2.230e-5,1.598e-5,1.021e-5,2.676e-6,2.685e-6,2.144e-6
Y,188111,978.2,301.5,297.3,67.6,13.1,5.7,0,0000
T,2014,09,06,23,58,05
B,262768,17087,160,3447,158308,5747,174,3447,978.2,301.5
G,3115927,100320,153,3447,1837653,31248,123,3447,978.2,301.5
R,1275578,58779,5972,3447,753528,31889,6045,3447,978.2,301.5
D,NBXX,9999,2.307e-5,1.551e-5,1.000e-5,2.033e-6,2.696e-6,2.307e-6
Y,187769,978.2,301.5,297.3,67.9,13.1,5.7,0,0000
