T,2014,08,14,10,50,06
B,60111,7741,21,689,36318,1596,6,690,979.1,295.9
G,691075,53303,9,689,405930,9460,11,690,979.1,295.9
R,278227,20797,622,689,163002,6561,586,690,979.1,295.9
D,NBXX,9244,7.688e-5,5.869e-5,3.694e-5,6.995e-6,6.157e-6,6.187e-6
Y,208430,979.1,295.9,294.4,65.8,13.3,5.7,0,0000
T,2014,08,14,10,51,06
B,60094,7921,20,689,36278,1577,7,689,979.1,296.0
G,693589,52692,16,689,408645,9350,9,689,979.1,296.0
R,279205,20671,612,689,164617,6484,616,689,979.1,296.0
D,NBXX,9184,7.942e-5,5.753e-5,3.631e-5,6.768e-6,5.961e-6,5.870e-6
Y,209192,979.1,296.0,294.4,65.3,13.3,5.7,0,0000
T,2014,08,14,10,52,06
B,60213,7914,15,690,36214,1660,3,689,979.2,296.2
G,694244,52184,15,690,407857,9292,15,689,979.2,296.2
R,278487,20530,593,690,164761,6401,628,689,979.2,296.2
D,NBXX,9124,7.927e-5,5.674e-5,3.607e-5,8.072e-6,5.889e-6,5.715e-6
Y,209085,979.2,296.2,294.5,64.6,13.3,5.7,0,0000
T,2014,08,14,10,53,06
B,60615,7891,8,689,36652,1659,19,690,979.2,296.3
G,693112,52074,8,689,409735,9274,12,690,979.2,296.3
R,279206,20823,655,689,165276,6461,598,690,979.2,296.3
D,NBXX,9064,7.809e-5,5.673e-5,3.667e-5,7.696e-6,5.863e-6,5.695e-6
Y,209047,979.2,296.3,294.5,64.3,13.3,5.8,0,0000
T,2014,08,14,10,54,06
B,60559,7842,16,690,36931,1634,5,689,979.3,296.4
G,695502,52291,24,690,411195,9276,18,689,979.3,296.4
R,280886,20329,687,690,166653,6437,581,689,979.3,296.4
D,NBXX,9004,7.763e-5,5.674e-5,3.486e-5,7.546e-6,5.822e-6,5.538e-6
Y,209466,979.3,296.4,294.5,63.8,13.3,5.8,0,0000
T,2014,08,14,10,55,06
B,60656,7659,12,689,36675,1640,10,690,979.3,296.5
G,693577,52254,14,689,410183,9199,12,690,979.3,296.5
R,279680,20551,606,689,165668,6460,630,690,979.3,296.5
D,NBXX,8944,7.491e-5,5.692e-5,3.585e-5,7.512e-6,5.737e-6,5.725e-6
Y,209188,979.3,296.5,294.6,63.7,13.3,5.8,0,0000
T,2014,08,14,10,56,06
B,60411,7752,16,690,37352,1654,21,689,979.3,296.7
G,696535,51935,11,690,411869,9174,14,689,979.3,296.7
R,280797,20290,631,690,167452,6273,655,689,979.3,296.7
D,NBXX,8884,7.640e-5,5.615e-5,3.471e-5,7.621e-6,5.685e-6,5.011e-6
Y,209778,979.3,296.7,294.6,63.3,13.3,5.8,0,0000
T,2014,08,14,10,57,06
B,60669,7954,20,689,36611,1604,28,690,979.4,296.8
G,695252,51923,21,689,409978,9203,6,690,979.4,296.8
R,281358,20333,618,689,166047,6345,628,690,979.4,296.8
D,NBXX,8824,7.859e-5,5.627e-5,3.486e-5,6.608e-6,5.709e-6,5.277e-6
Y,209695,979.4,296.8,294.6,63.5,13.3,5.8,0,0000
T,2014,08,14,10,58,06
B,60483,7711,13,690,36696,1582,12,689,979.4,296.9
G,697803,52079,7,690,410245,9194,16,689,979.4,296.9
R,281736,20550,646,690,165779,6450,606,689,979.4,296.9
D,NBXX,8764,7.592e-5,5.625e-5,3.538e-5,6.801e-6,5.706e-6,5.585e-6
Y,210162,979.4,296.9,294.7,63.2,13.3,5.8,0,0000
T,2014,08,14,10,59,06
B,60924,7906,21,689,36888,1621,17,690,979.4,297.0
G,699284,52444,27,689,412257,9272,1,690,979.4,297.0
R,281173,20735,619,689,166942,6381,609,690,979.4,297.0
D,NBXX,8704,7.763e-5,5.660e-5,3.611e-5,6.911e-6,5.743e-6,5.449e-6
Y,210917,979.4,297.0,294.7,63.2,13.3,5.8,0,0000
T,2014,08,14,11,00,06
B,60423,7914,11,690,36305,1579,17,689,979.4,297.1
G,701238,52165,9,690,411429,9212,11,689,979.4,297.1
R,282146,20590,630,690,166368,6462,608,689,979.4,297.1
D,NBXX,8644,7.882e-5,5.601e-5,3.549e-5,6.746e-6,5.672e-6,5.660e-6
Y,211201,979.4,297.1,294.7,63.0,13.4,5.8,0,0000
T,2014,08,14,11,01,06
B,60327,7660,12,689,36923,1653,8,689,979.4,297.2
G,699717,51369,20,689,413194,9163,5,689,979.4,297.2
R,281553,19932,635,689,166009,6312,639,689,979.4,297.2
D,NBXX,8584,7.559e-5,5.503e-5,3.361e-5,7.905e-6,5.604e-6,5.117e-6
Y,211048,979.4,297.2,294.8,62.4,13.4,5.8,0,0000
T,2014,08,14,11,02,06
B,61012,7686,16,689,36850,1651,18,690,979.5,297.3
G,700869,50931,12,689,412886,9144,10,690,979.5,297.3
R,282079,20149,650,689,166371,6402,614,690,979.5,297.3
D,NBXX,8524,7.454e-5,5.429e-5,3.417e-5,7.368e-6,5.541e-6,5.358e-6
Y,211397,979.5,297.3,294.8,61.7,13.4,5.8,0,0000
T,2014,08,14,11,03,06
B,60704,7648,20,690,36612,1573,7,689,979.5,297.4
G,701925,51411,23,690,413387,9340,17,689,979.5,297.4
R,281968,20272,638,690,167068,6446,615,689,979.5,297.4
D,NBXX,8464,7.468e-5,5.483e-5,3.457e-5,6.592e-6,5.808e-6,5.573e-6
Y,211408,979.5,297.4,294.9,61.1,13.4,5.8,0,0000
T,2014,08,14,11,04,06
B,60838,7687,20,689,36630,1621,9,690,979.5,297.5
G,700233,50073,12,689,414683,9247,12,690,979.5,297.5
R,281068,20071,638,689,166492,6309,622,690,979.5,297.5
D,NBXX,8404,7.496e-5,5.313e-5,3.415e-5,7.111e-6,5.696e-6,5.156e-6
Y,211204,979.5,297.5,294.9,60.9,13.4,5.8,0,0000
T,2014,08,14,11,05,06
B,60406,7664,17,690,37099,1538,17,689,979.5,297.6
G,703237,50375,12,690,413109,9208,13,689,979.5,297.6
R,282934,19803,642,690,167715,6103,611,689,979.5,297.6
D,NBXX,8344,7.531e-5,5.328e-5,3.305e-5,6.098e-6,5.635e-6,4.546e-6
Y,211805,979.5,297.6,294.9,60.6,13.4,5.8,0,0000
T,2014,08,14,11,06,06
B,60686,7419,21,689,37046,1535,3,690,979.5,297.7
G,702928,49690,26,689,414443,9127,12,690,979.5,297.7
R,281738,20261,654,689,166820,6383,622,690,979.5,297.7
D,NBXX,8284,7.163e-5,5.232e-5,3.451e-5,6.073e-6,5.466e-6,5.281e-6
Y,212020,979.5,297.7,294.9,60.3,13.4,5.8,0,0000
T,2014,08,14,11,07,06
B,60584,7467,16,690,36948,1606,15,689,979.5,297.7
G,704788,49312,11,690,413887,9090,22,689,979.5,297.7
R,281690,19825,708,690,166916,6324,647,689,979.5,297.7
D,NBXX,8224,7.235e-5,5.161e-5,3.301e-5,7.040e-6,5.425e-6,4.899e-6
Y,212274,979.5,297.7,295.0,59.9,13.4,5.8,0,0000
T,2014,08,14,11,08,06
B,60397,7472,28,689,36713,1596,21,690,979.5,297.8
G,702520,50400,6,689,416911,9261,6,690,979.5,297.8
R,282562,19992,668,689,167343,6520,640,690,979.5,297.8
D,NBXX,8164,7.246e-5,5.341e-5,3.348e-5,6.616e-6,5.707e-6,5.524e-6
Y,211897,979.5,297.8,295.0,59.9,13.4,5.8,0,0000
T,2014,08,14,11,09,06
B,61004,7615,16,690,36932,1564,13,689,979.5,297.9
G,702835,50820,12,690,415486,9278,14,689,979.5,297.9
R,282364,20038,687,690,166443,6450,667,689,979.5,297.9
D,NBXX,8104,7.371e-5,5.395e-5,3.349e-5,6.345e-6,5.740e-6,5.230e-6
Y,211684,979.5,297.9,295.0,60.6,13.4,5.8,0,0000
T,2014,08,14,11,10,06
B,60674,7545,13,689,36987,1588,20,690,979.5,298.0
G,702810,52132,10,689,414537,9383,9,690,979.5,298.0
R,282370,20494,679,689,166928,6476,628,690,979.5,298.0
D,NBXX,8044,7.327e-5,5.583e-5,3.495e-5,6.677e-6,5.862e-6,5.412e-6
Y,211985,979.5,298.0,295.1,59.9,13.4,5.8,0,0000
T,2014,08,14,11,11,06
B,60908,7878,26,689,36857,1605,20,689,979.5,298.0
G,703744,51515,12,689,415053,9296,7,689,979.5,298.0
R,281998,20361,665,689,166639,6463,674,689,979.5,298.0
D,NBXX,7984,7.726e-5,5.485e-5,3.454e-5,6.653e-6,5.741e-6,5.311e-6
Y,212268,979.5,298.0,295.1,59.6,13.4,5.8,0,0000
T,2014,08,14,11,12,06
B,60748,7829,16,690,36946,1712,25,689,979.5,298.1
G,703199,51021,22,690,415874,9190,20,689,979.5,298.1
R,282422,20276,701,690,167327,6652,672,689,979.5,298.1
D,NBXX,7924,7.694e-5,5.417e-5,3.410e-5,8.299e-6,5.582e-6,5.741e-6
Y,211794,979.5,298.1,295.1,59.3,13.4,5.8,0,0000
T,2014,08,14,11,13,06
B,60753,7810,11,689,36740,1646,16,690,979.5,298.2
G,703330,51927,11,689,416136,9458,16,690,979.5,298.2
R,282141,20762,655,689,167475,6514,688,690,979.5,298.2
D,NBXX,7864,7.689e-5,5.547e-5,3.565e-5,7.544e-6,5.946e-6,5.413e-6
Y,212142,979.5,298.2,295.1,59.1,13.4,5.8,0,0000
T,2014,08,14,11,14,06
B,60820,7743,21,690,36566,1633,23,689,979.5,298.2
G,704649,52768,13,690,417245,9658,24,689,979.5,298.2
R,282814,21092,713,690,167574,6543,659,689,979.5,298.2
D,NBXX,7804,7.558e-5,5.650e-5,3.635e-5,7.134e-6,6.226e-6,5.413e-6
Y,212232,979.5,298.2,295.2,59.3,13.3,5.8,0,0000
T,2014,08,14,11,15,06
B,60585,7585,14,689,36839,1626,17,690,979.5,298.3
G,704022,51854,20,689,415616,9549,8,690,979.5,298.3
R,282786,21094,693,689,167907,6668,665,690,979.5,298.3
D,NBXX,7744,7.404e-5,5.532e-5,3.642e-5,7.279e-6,6.073e-6,5.769e-6
Y,212352,979.5,298.3,295.2,59.1,13.4,5.8,0,0000
T,2014,08,14,11,16,06
B,60685,7807,26,690,36700,1630,10,689,979.5,298.4
G,705307,51428,15,690,416749,9395,14,689,979.5,298.4
R,282796,20860,663,690,167913,6654,672,689,979.5,298.4
D,NBXX,7684,7.685e-5,5.458e-5,3.582e-5,7.282e-6,5.868e-6,5.853e-6
Y,212431,979.5,298.4,295.2,58.8,13.4,5.8,0,0000
T,2014,08,14,11,17,06
B,60346,7984,26,689,36795,1598,16,690,979.5,298.4
G,705033,51655,22,689,417412,9709,10,690,979.5,298.4
R,282732,20890,710,689,167207,6676,661,690,979.5,298.4
D,NBXX,7624,7.982e-5,5.492e-5,3.580e-5,6.800e-6,6.273e-6,5.752e-6
Y,212658,979.5,298.4,295.2,59.0,13.4,5.8,0,0000
T,2014,08,14,11,18,06
B,60942,7547,30,690,36819,1662,19,689,979.5,298.5
G,704929,51306,9,690,417024,9311,18,689,979.5,298.5
R,282992,20534,677,690,167636,6512,752,689,979.5,298.5
D,NBXX,7564,7.262e-5,5.445e-5,3.454e-5,7.423e-6,5.759e-6,5.127e-6
Y,212317,979.5,298.5,295.3,59.1,13.4,5.8,0,0000
T,2014,08,14,11,19,06
B,59703,7783,12,689,36737,1646,25,690,979.5,298.5
G,705000,51569,12,689,416119,9355,18,690,979.5,298.5
R,282202,20891,701,689,167584,6720,727,690,979.5,298.5
D,NBXX,7504,7.827e-5,5.481e-5,3.572e-5,7.786e-6,5.777e-6,5.715e-6
Y,212648,979.5,298.5,295.3,59.3,13.4,5.8,0,0000
T,2014,08,14,11,20,06
B,60396,7490,18,689,36618,1676,9,689,979.5,298.6
G,700679,50915,17,689,414947,9242,19,689,979.5,298.6
R,282592,20619,681,689,167560,6496,747,689,979.5,298.6
D,NBXX,7444,7.311e-5,5.432e-5,3.487e-5,8.138e-6,5.707e-6,5.081e-6
Y,211339,979.5,298.6,295.3,58.3,13.4,5.8,0,0000
T,2014,08,14,11,21,06
B,60439,7739,18,690,37131,1645,15,689,979.5,298.6
G,704496,50921,19,690,417414,9298,7,689,979.5,298.6
R,284111,20659,732,690,167190,6465,698,689,979.5,298.6
D,NBXX,7384,7.639e-5,5.395e-5,3.468e-5,7.628e-6,5.751e-6,4.936e-6
Y,212186,979.5,298.6,295.3,58.1,13.4,5.8,0,0000
T,2014,08,14,11,22,06
B,60906,7737,18,689,36784,1668,16,690,979.5,298.6
G,702959,51742,13,689,415587,9541,8,690,979.5,298.6
R,282361,20700,760,689,167574,6686,741,690,979.5,298.6
D,NBXX,7324,7.553e-5,5.528e-5,3.491e-5,7.692e-6,6.094e-6,5.369e-6
Y,212030,979.5,298.6,295.3,58.0,13.4,5.8,0,0000
T,2014,08,14,11,23,06
B,60919,7622,29,690,36836,1668,23,689,979.5,298.7
G,705116,50781,17,690,415182,9213,10,689,979.5,298.7
R,283616,20060,705,690,167542,6395,688,689,979.5,298.7
D,NBXX,7264,7.368e-5,5.369e-5,3.320e-5,7.479e-6,5.617e-6,4.883e-6
Y,212374,979.5,298.7,295.4,57.8,13.4,5.8,0,0000
T,2014,08,14,11,24,06
B,60484,7659,23,689,36704,1702,17,690,979.6,298.7
G,704597,50623,16,689,416889,9306,11,690,979.6,298.7
R,282931,20277,684,689,167340,6612,734,690,979.6,298.7
D,NBXX,7204,7.513e-5,5.352e-5,3.387e-5,8.236e-6,5.720e-6,5.404e-6
Y,212526,979.6,298.7,295.4,57.8,13.4,5.8,0,0000
T,2014,08,14,11,25,06
B,60912,7606,16,690,36530,1604,20,689,979.6,298.8
G,703923,50779,10,690,416135,9475,10,689,979.6,298.8
R,283891,20270,722,690,167446,6654,690,689,979.6,298.8
D,NBXX,7144,7.372e-5,5.382e-5,3.368e-5,6.855e-6,6.022e-6,5.543e-6
Y,212013,979.6,298.8,295.4,57.5,13.4,5.8,0,0000
T,2014,08,14,11,26,06
B,58289,7493,16,689,35316,1547,13,690,979.6,298.8
G,686821,49818,28,689,405601,9071,13,690,979.6,298.8
R,277393,19622,687,689,164337,6594,662,690,979.6,298.8
D,NBXX,7084,7.689e-5,5.419e-5,3.326e-5,7.056e-6,5.697e-6,5.867e-6
Y,207142,979.6,298.8,295.4,57.7,13.2,5.8,0,0000
T,2014,08,14,11,27,06
B,58635,7211,20,690,35679,1605,19,689,979.6,298.8
G,687501,49532,19,690,404857,9002,32,689,979.6,298.8
R,277885,19553,684,690,164216,6306,672,689,979.6,298.8
D,NBXX,7024,7.206e-5,5.368e-5,3.293e-5,7.656e-6,5.605e-6,5.030e-6
Y,207046,979.6,298.8,295.4,57.7,13.2,5.8,0,0000
T,2014,08,14,11,28,06
B,58838,7293,33,689,35564,1645,16,690,979.6,298.9
G,686169,48358,8,689,404856,9186,13,690,979.6,298.9
R,278205,19503,653,689,163911,6311,670,690,979.6,298.9
D,NBXX,6964,7.272e-5,5.217e-5,3.284e-5,7.918e-6,5.910e-6,5.093e-6
Y,206945,979.6,298.9,295.5,57.5,13.2,5.8,0,0000
T,2014,08,14,11,29,06
B,59213,7067,22,690,35330,1579,30,689,979.6,298.9
G,686213,48228,9,690,406362,8980,12,689,979.6,298.9
R,277207,19415,680,690,164194,6521,682,689,979.6,298.9
D,NBXX,6904,6.882e-5,5.197e-5,3.264e-5,6.856e-6,5.648e-6,5.669e-6
Y,206657,979.6,298.9,295.5,57.2,13.2,5.8,0,0000
T,2014,08,14,11,30,06
B,58673,7031,36,689,35306,1647,16,689,979.6,298.9
G,685295,47391,23,689,403857,9030,24,689,979.6,298.9
R,276731,19223,691,689,163849,6488,682,689,979.6,298.9
D,NBXX,6844,6.922e-5,5.081e-5,3.214e-5,7.994e-6,5.675e-6,5.536e-6
Y,206680,979.6,298.9,295.5,57.0,13.2,5.8,0,0000
T,2014,08,14,11,31,06
B,58444,7071,30,689,35260,1543,9,690,979.6,299.0
G,688658,48426,22,689,404860,9141,16,690,979.6,299.0
R,277424,19472,689,689,163884,6332,642,690,979.6,299.0
D,NBXX,6784,7.039e-5,5.198e-5,3.287e-5,6.775e-6,5.768e-6,5.166e-6
Y,207698,979.6,299.0,295.5,56.7,13.2,5.8,0,0000
T,2014,08,14,11,32,06
B,58294,7088,25,690,35470,1493,17,689,979.6,299.0
G,687512,47796,12,690,403444,9070,9,689,979.6,299.0
R,277769,19482,690,690,164330,6424,754,689,979.6,299.0
D,NBXX,6724,7.085e-5,5.121e-5,3.246e-5,6.124e-6,5.754e-6,5.082e-6
Y,207050,979.6,299.0,295.5,56.7,13.2,5.8,0,0000
T,2014,08,14,11,33,06
B,58291,7390,21,689,35120,1589,27,690,979.6,299.0
G,686736,48651,16,689,405172,8947,26,690,979.6,299.0
R,276124,19484,714,689,164698,6381,699,690,979.6,299.0
D,NBXX,6664,7.510e-5,5.250e-5,3.288e-5,7.342e-6,5.517e-6,5.097e-6
Y,207116,979.6,299.0,295.5,56.7,13.2,5.8,0,0000
T,2014,08,14,11,34,06
B,58957,7126,15,690,35491,1581,16,689,979.6,299.1
G,687709,48268,21,690,404910,8982,9,689,979.6,299.1
R,276860,19353,670,690,163620,6517,691,689,979.6,299.1
D,NBXX,6604,7.042e-5,5.189e-5,3.256e-5,7.324e-6,5.621e-6,5.693e-6
Y,207109,979.6,299.1,295.6,56.9,13.2,5.8,0,0000
T,2014,08,14,11,35,06
B,58358,7289,23,689,35235,1546,10,690,979.6,299.1
G,686866,48102,11,689,405252,8795,23,690,979.6,299.1
R,277490,19234,678,689,164004,6436,681,690,979.6,299.1
D,NBXX,6544,7.377e-5,5.173e-5,3.211e-5,6.950e-6,5.321e-6,5.384e-6
Y,207156,979.6,299.1,295.6,56.7,13.2,5.8,0,0000
T,2014,08,14,11,36,06
B,58101,6990,21,690,35601,1549,21,689,979.7,299.1
G,688042,48303,10,690,404621,9138,12,689,979.7,299.1
R,277757,19369,722,690,163573,6450,664,689,979.7,299.1
D,NBXX,6484,6.977e-5,5.192e-5,3.235e-5,7.002e-6,5.854e-6,5.368e-6
Y,207210,979.7,299.1,295.6,56.9,13.2,5.8,0,0000
T,2014,08,14,11,37,06
B,58124,7201,25,689,35554,1600,16,690,979.7,299.1
G,686374,47542,18,689,405154,8977,11,690,979.7,299.1
R,275918,19462,724,689,164720,6364,742,690,979.7,299.1
D,NBXX,6424,7.279e-5,5.097e-5,3.271e-5,7.681e-6,5.603e-6,4.892e-6
Y,207007,979.7,299.1,295.6,56.5,13.2,5.8,0,0000
T,2014,08,14,11,38,06
B,58239,7040,19,690,35763,1591,26,689,979.7,299.2
G,685730,47900,11,690,404658,8804,8,689,979.7,299.2
R,276938,19192,697,690,164812,6398,734,689,979.7,299.2
D,NBXX,6364,7.020e-5,5.158e-5,3.184e-5,7.506e-6,5.418e-6,5.106e-6
Y,206511,979.7,299.2,295.6,56.5,13.2,5.8,0,0000
T,2014,08,14,11,39,06
B,58527,7070,18,689,35063,1566,28,690,979.7,299.2
G,687907,47990,26,689,403825,9049,11,690,979.7,299.2
R,277749,19413,661,689,164059,6252,696,690,979.7,299.2
D,NBXX,6304,7.012e-5,5.146e-5,3.258e-5,6.958e-6,5.664e-6,4.845e-6
Y,207471,979.7,299.2,295.6,56.2,13.2,5.8,0,0000
T,2014,08,14,11,40,06
B,58480,7136,10,689,35352,1555,24,689,979.7,299.2
G,685006,47754,8,689,405878,8737,17,689,979.7,299.2
R,276840,19427,745,689,162994,6335,680,689,979.7,299.2
D,NBXX,6244,7.134e-5,5.143e-5,3.256e-5,7.049e-6,5.305e-6,4.924e-6
Y,206593,979.7,299.2,295.6,56.2,13.2,5.8,0,0000
T,2014,08,14,11,41,06
B,58948,7116,29,690,35351,1562,19,689,979.6,299.2
G,687092,47353,16,690,402876,8976,14,689,979.6,299.2
R,277716,19024,684,690,164100,6517,794,689,979.6,299.2
D,NBXX,6184,7.003e-5,5.063e-5,3.105e-5,6.777e-6,5.624e-6,5.255e-6
Y,206923,979.6,299.2,295.6,55.9,13.2,5.8,0,0000
T,2014,08,14,11,42,06
B,58356,7296,16,689,35544,1476,16,690,979.6,299.3
G,686067,48337,18,689,405035,9128,16,690,979.6,299.3
R,277108,19296,770,689,164902,6520,689,690,979.6,299.3
D,NBXX,6124,7.392e-5,5.215e-5,3.202e-5,5.976e-6,5.819e-6,5.310e-6
Y,206914,979.6,299.3,295.7,56.0,13.2,5.8,0,0000
T,2014,08,14,11,43,06
B,58454,7048,28,690,35346,1504,28,689,979.6,299.3
G,688948,47753,13,690,405418,9002,21,689,979.6,299.3
R,277192,19231,725,690,164085,6447,698,689,979.6,299.3
D,NBXX,6064,6.980e-5,5.101e-5,3.193e-5,6.005e-6,5.619e-6,5.263e-6
Y,207484,979.6,299.3,295.7,56.5,13.2,5.8,0,0000
T,2014,08,14,11,44,06
B,58638,7775,25,689,35284,1661,22,690,979.6,299.3
G,686146,51079,4,689,406033,9523,9,690,979.6,299.3
R,276730,20339,672,689,164154,6848,735,690,979.6,299.3
D,NBXX,6004,8.002e-5,5.616e-5,3.530e-5,8.269e-6,6.426e-6,6.459e-6
Y,206938,979.6,299.3,295.7,56.7,13.2,5.8,0,0000
T,2014,08,14,11,45,06
B,58374,7573,22,690,35455,1604,21,689,979.6,299.3
G,687666,50073,12,690,405781,9405,19,689,979.6,299.3
R,277183,19908,705,690,164567,6734,750,689,979.6,299.3
D,NBXX,5944,7.768e-5,5.451e-5,3.380e-5,7.688e-6,6.234e-6,5.991e-6
Y,207096,979.6,299.3,295.7,56.5,13.2,5.8,0,0000
T,2014,08,14,11,46,06
B,58810,7192,23,689,35309,1513,31,690,979.6,299.3
G,686116,48375,9,689,404517,9082,22,690,979.6,299.3
R,277519,19422,749,689,164709,6364,760,690,979.6,299.3
D,NBXX,5884,7.128e-5,5.221e-5,3.215e-5,5.980e-6,5.757e-6,4.669e-6
Y,206929,979.6,299.3,295.7,56.0,13.2,5.8,0,0000
T,2014,08,14,11,47,06
B,58325,7201,7,690,35347,1536,27,689,979.6,299.4
G,688661,47623,26,690,404677,8993,16,689,979.6,299.4
R,277300,18961,712,690,163124,6503,714,689,979.6,299.4
D,NBXX,5824,7.257e-5,5.084e-5,3.112e-5,6.878e-6,5.598e-6,5.410e-6
Y,207397,979.6,299.4,295.7,55.9,13.2,5.8,0,0000
T,2014,08,14,11,48,06
B,58611,7189,19,689,35440,1565,18,690,979.6,299.4
G,686000,47459,20,689,403906,8892,10,690,979.6,299.4
R,276532,19349,722,689,163262,6376,683,690,979.6,299.4
D,NBXX,5764,7.185e-5,5.089e-5,3.247e-5,7.074e-6,5.485e-6,5.103e-6
Y,206894,979.6,299.4,295.7,56.0,13.2,5.8,0,0000
T,2014,08,14,11,49,06
B,58147,7237,25,689,35373,1542,26,689,979.6,299.4
G,684403,47208,14,689,405824,8844,25,689,979.6,299.4
R,277205,19370,766,689,164003,6558,770,689,979.6,299.4
D,NBXX,5704,7.313e-5,5.067e-5,3.196e-5,6.715e-6,5.448e-6,5.180e-6
Y,206410,979.6,299.4,295.7,56.2,13.2,5.8,0,0000
T,2014,08,14,11,50,06
B,58166,7061,17,690,34957,1563,22,689,979.6,299.4
G,685510,47214,14,690,403752,9053,7,689,979.6,299.4
R,276873,19103,746,690,163497,6316,765,689,979.6,299.4
D,NBXX,5644,7.076e-5,5.060e-5,3.132e-5,7.243e-6,5.781e-6,4.600e-6
Y,206444,979.6,299.4,295.7,56.0,13.2,5.8,0,0000
T,2014,08,14,11,51,06
B,58373,7097,30,689,35717,1540,26,690,979.6,299.4
G,685213,47338,13,689,404303,8862,16,690,979.6,299.4
R,277550,19072,721,689,163833,6452,727,690,979.6,299.4
D,NBXX,5584,7.064e-5,5.079e-5,3.133e-5,6.489e-6,5.458e-6,5.128e-6
Y,206655,979.6,299.4,295.8,55.7,13.2,5.8,0,0000
T,2014,08,14,11,52,06
B,58101,7096,26,690,35285,1533,23,689,979.6,299.4
G,685958,47039,24,690,404360,8968,22,689,979.6,299.4
R,278141,19298,701,690,164446,6480,731,689,979.6,299.4
D,NBXX,5524,7.121e-5,5.026e-5,3.192e-5,6.667e-6,5.607e-6,5.281e-6
Y,206580,979.6,299.4,295.8,55.7,13.2,5.8,0,0000
T,2014,08,14,11,53,06
B,58584,7051,27,689,35420,1595,21,690,979.6,299.4
G,686297,47092,18,689,404223,8973,13,690,979.6,299.4
R,277123,19324,777,689,164383,6519,757,690,979.6,299.4
D,NBXX,5464,6.975e-5,5.032e-5,3.185e-5,7.331e-6,5.595e-6,5.054e-6
Y,206983,979.6,299.4,295.8,55.4,13.2,5.8,0,0000
T,2014,08,14,11,54,06
B,57996,7036,32,690,35276,1516,17,689,979.6,299.4
G,688612,47076,9,690,405344,8871,4,689,979.6,299.4
R,277255,19305,790,690,164266,6331,800,689,979.6,299.4
D,NBXX,5404,7.053e-5,5.010e-5,3.158e-5,6.459e-6,5.471e-6,4.358e-6
Y,207382,979.6,299.4,295.8,55.7,13.3,5.8,0,0000
T,2014,08,14,11,55,06
B,58152,6875,14,689,35461,1584,20,690,979.6,299.5
G,685259,46293,23,689,406655,8758,12,690,979.6,299.5
R,277387,19154,723,689,165279,6479,729,690,979.6,299.5
D,NBXX,5344,6.818e-5,4.926e-5,3.158e-5,7.569e-6,5.295e-6,5.201e-6
Y,206669,979.6,299.5,295.8,56.5,13.2,5.8,0,0000
T,2014,08,14,11,56,06
B,58178,6888,16,690,35757,1537,13,689,979.6,299.5
G,687294,47060,23,690,406182,8867,29,689,979.6,299.5
R,277472,18922,734,690,164691,6507,757,689,979.6,299.5
D,NBXX,5284,6.841e-5,5.014e-5,3.076e-5,7.030e-6,5.424e-6,5.194e-6
Y,206984,979.6,299.5,295.8,56.0,13.2,5.8,0,0000
T,2014,08,14,11,57,06
B,58064,6951,19,689,35385,1602,16,690,979.6,299.5
G,686334,47026,18,689,405961,8989,5,690,979.6,299.5
R,276809,18674,780,689,163687,6613,786,690,979.6,299.5
D,NBXX,5224,6.941e-5,5.024e-5,2.991e-5,7.846e-6,5.631e-6,5.234e-6
Y,206995,979.6,299.5,295.8,56.0,13.3,5.8,0,0000
T,2014,08,14,11,58,06
B,58627,6897,25,690,35341,1620,24,689,979.6,299.5
G,687080,46433,26,690,404263,8791,18,689,979.6,299.5
R,278038,18603,735,690,164473,6625,795,689,979.6,299.5
D,NBXX,5164,6.746e-5,4.927e-5,2.960e-5,7.721e-6,5.331e-6,5.377e-6
Y,206919,979.6,299.5,295.8,55.7,13.2,5.8,0,0000
T,2014,08,14,11,59,06
B,58321,7036,20,689,35382,1500,12,689,979.6,299.5
G,684995,46998,21,689,404811,9020,21,689,979.6,299.5
R,275775,19090,753,689,163760,6650,788,689,979.6,299.5
D,NBXX,5104,7.024e-5,5.030e-5,3.139e-5,6.364e-6,5.688e-6,5.504e-6
Y,206589,979.6,299.5,295.8,55.6,13.2,5.8,0,0000
T,2014,08,14,12,00,06
B,58105,6911,14,689,35074,1629,14,690,979.6,299.5
G,684937,46155,16,689,404312,8807,19,690,979.6,299.5
R,278477,18797,802,689,163890,6460,770,690,979.6,299.5
D,NBXX,5044,6.888e-5,4.909e-5,2.995e-5,8.336e-6,5.373e-6,4.689e-6
Y,206572,979.6,299.5,295.8,55.7,13.2,5.8,0,0000
T,2014,08,14,12,01,06
B,58091,7121,29,690,35374,1505,11,689,979.6,299.5
G,687096,46613,13,690,404755,8862,16,689,979.6,299.5
R,278455,19039,708,690,164156,6382,767,689,979.6,299.5
D,NBXX,4984,7.174e-5,4.955e-5,3.097e-5,6.416e-6,5.460e-6,4.836e-6
Y,206924,979.6,299.5,295.8,55.9,13.3,5.8,0,0000
T,2014,08,14,12,02,06
B,58521,6940,18,689,35500,1449,13,690,979.6,299.5
G,686022,45476,8,689,406490,8783,18,690,979.6,299.5
R,277529,18756,837,689,164510,6484,756,690,979.6,299.5
D,NBXX,4924,6.854e-5,4.801e-5,2.993e-5,5.548e-6,5.333e-6,4.733e-6
Y,206900,979.6,299.5,295.8,55.7,13.2,5.8,0,0000
T,2014,08,14,12,03,06
B,58745,6999,24,690,35280,1578,33,689,979.5,299.5
G,687353,46794,23,690,406299,9045,3,689,979.5,299.5
R,278604,19063,719,690,164114,6704,735,689,979.5,299.5
D,NBXX,4864,6.861e-5,4.979e-5,3.108e-5,6.957e-6,5.726e-6,5.832e-6
Y,207002,979.5,299.5,295.8,55.1,13.2,5.8,0,0000
T,2014,08,14,12,04,06
B,58170,7012,17,689,35143,1479,21,690,979.6,299.6
G,686842,46475,26,689,402810,8749,26,690,979.6,299.6
R,277879,18884,782,689,163782,6525,774,690,979.6,299.6
D,NBXX,4804,7.009e-5,4.934e-5,3.036e-5,5.998e-6,5.224e-6,4.960e-6
Y,207149,979.6,299.6,295.8,55.4,13.2,5.8,0,0000
T,2014,08,14,12,05,06
B,58070,7153,22,690,35762,1586,18,689,979.5,299.6
G,687630,47002,7,690,404390,8851,13,689,979.5,299.6
R,278542,19066,780,690,164060,6597,742,689,979.5,299.6
D,NBXX,4744,7.229e-5,5.008e-5,3.088e-5,7.621e-6,5.449e-6,5.297e-6
Y,207085,979.5,299.6,295.8,55.6,13.2,5.8,0,0000
T,2014,08,14,12,06,06
B,57633,6943,19,689,35235,1572,25,690,979.6,299.6
G,685763,46048,19,689,403481,8975,21,690,979.6,299.6
R,277983,18869,819,689,163418,6551,763,690,979.6,299.6
D,NBXX,4684,6.992e-5,4.884e-5,3.022e-5,7.440e-6,5.593e-6,4.942e-6
Y,206822,979.6,299.6,295.8,56.2,13.2,5.8,0,0000
T,2014,08,14,12,07,06
B,58075,6913,23,690,35384,1513,16,689,979.5,299.6
G,686105,46548,12,690,405912,8819,14,689,979.5,299.6
R,277138,18988,785,690,163760,6520,777,689,979.5,299.6
D,NBXX,4624,6.883e-5,4.956e-5,3.077e-5,6.581e-6,5.421e-6,5.009e-6
Y,206624,979.5,299.6,295.8,56.0,13.2,5.8,0,0000
T,2014,08,14,12,08,06
B,58273,6965,25,689,35076,1515,22,689,979.5,299.6
G,685666,46444,12,689,404430,8849,15,689,979.5,299.6
R,277330,19197,792,689,163853,6534,741,689,979.5,299.6
D,NBXX,4564,6.912e-5,4.945e-5,3.144e-5,6.373e-6,5.452e-6,5.114e-6
Y,206792,979.5,299.6,295.9,55.9,13.2,5.8,0,0000
T,2014,08,14,12,09,06
B,58228,7084,22,689,35637,1597,17,690,979.5,299.6
G,684252,46783,19,689,403454,8925,17,690,979.5,299.6
R,277151,18871,818,689,164283,6616,805,690,979.5,299.6
D,NBXX,4504,7.104e-5,5.007e-5,3.023e-5,7.670e-6,5.556e-6,5.034e-6
Y,206364,979.5,299.6,295.9,55.7,13.2,5.8,0,0000
T,2014,08,14,12,10,06
B,58382,6983,28,690,35509,1559,34,689,979.5,299.6
G,685754,46759,16,690,403238,9021,17,689,979.5,299.6
R,276956,19098,801,690,163318,6721,816,689,979.5,299.6
D,NBXX,4444,6.894e-5,4.989e-5,3.094e-5,6.748e-6,5.710e-6,5.418e-6
Y,206518,979.5,299.6,295.9,56.0,13.3,5.8,0,0000
T,2014,08,14,12,11,06
B,58413,6987,24,689,35432,1531,30,690,979.5,299.6
G,684887,47144,8,689,405624,8888,28,690,979.5,299.6
R,277472,19143,779,689,163939,6518,778,690,979.5,299.6
D,NBXX,4384,6.908e-5,5.053e-5,3.119e-5,6.405e-6,5.490e-6,4.956e-6
Y,206556,979.5,299.6,295.9,56.0,13.2,5.8,0,0000
T,2014,08,14,12,12,06
B,58048,7191,8,690,35260,1542,16,689,979.5,299.6
G,687339,46882,38,690,404120,8843,21,689,979.5,299.6
R,276906,19283,800,690,163782,6552,712,689,979.5,299.6
D,NBXX,4324,7.314e-5,4.987e-5,3.184e-5,7.261e-6,5.377e-6,5.283e-6
Y,206997,979.5,299.6,295.9,56.2,13.2,5.8,0,0000
T,2014,08,14,12,13,06
B,58311,7105,34,689,35027,1544,20,690,979.5,299.6
G,684245,47035,15,689,405362,8962,17,690,979.5,299.6
R,276518,18835,820,689,163869,6679,762,690,979.5,299.6
D,NBXX,4264,7.095e-5,5.045e-5,3.038e-5,6.628e-6,5.616e-6,5.387e-6
Y,206362,979.5,299.6,295.9,56.4,13.2,5.8,0,0000
T,2014,08,14,12,14,06
B,58327,6900,19,690,35286,1526,28,689,979.4,299.6
G,687321,46748,18,690,405793,8909,9,689,979.4,299.6
R,277740,19141,845,690,164749,6529,774,689,979.4,299.6
D,NBXX,4204,6.809e-5,4.973e-5,3.092e-5,6.543e-6,5.527e-6,4.813e-6
Y,206992,979.4,299.6,295.9,55.9,13.3,5.8,0,0000
T,2014,08,14,12,15,06
B,58007,6998,18,689,35096,1529,13,690,979.5,299.6
G,686016,47046,20,689,404978,9046,34,690,979.5,299.6
R,275424,19162,770,689,162826,6622,805,690,979.5,299.6
D,NBXX,4144,7.031e-5,5.025e-5,3.156e-5,6.908e-6,5.667e-6,5.300e-6
Y,206898,979.5,299.6,295.9,56.0,13.2,5.8,0,0000
T,2014,08,14,12,16,06
B,58708,7093,24,690,35536,1527,15,689,979.4,299.6
G,686127,46930,14,690,404788,8883,34,689,979.4,299.6
R,277881,19020,798,690,163634,6588,801,689,979.4,299.6
D,NBXX,4084,7.033e-5,5.008e-5,3.061e-5,6.552e-6,5.476e-6,5.045e-6
Y,206631,979.4,299.6,295.9,56.0,13.2,5.8,0,0000
T,2014,08,14,12,17,06
B,58301,7105,18,689,35342,1551,18,690,979.4,299.6
G,685180,45784,21,689,404302,8771,6,690,979.4,299.6
R,276118,18745,862,689,163840,6626,765,690,979.4,299.6
D,NBXX,4024,7.126e-5,4.854e-5,3.004e-5,7.032e-6,5.329e-6,5.101e-6
Y,206645,979.4,299.6,295.9,56.0,13.2,5.8,0,0000
T,2014,08,14,12,18,06
B,58234,6851,11,689,35611,1624,26,689,979.4,299.6
G,685714,45613,15,689,404782,8833,15,689,979.4,299.6
R,276788,18787,779,689,164557,6511,784,689,979.4,299.6
D,NBXX,3964,6.770e-5,4.823e-5,3.025e-5,8.122e-6,5.423e-6,4.973e-6
Y,206807,979.4,299.6,295.9,56.0,13.2,5.8,0,0000
T,2014,08,14,12,19,06
B,58368,6743,16,690,35471,1578,12,689,979.4,299.6
G,685678,45333,10,690,405852,8802,23,689,979.4,299.6
R,277623,18123,770,690,163798,6624,785,689,979.4,299.6
D,NBXX,3904,6.607e-5,4.782e-5,2.820e-5,7.592e-6,5.392e-6,5.311e-6
Y,206495,979.4,299.6,295.9,55.7,13.2,5.8,0,0000
T,2014,08,14,12,20,06
B,58057,6759,20,689,35637,1529,27,690,979.4,299.6
G,685731,45551,13,689,403713,8775,23,690,979.4,299.6
R,278082,18477,784,689,164000,6491,790,690,979.4,299.6
D,NBXX,3844,6.651e-5,4.813e-5,2.909e-5,6.622e-6,5.310e-6,4.791e-6
Y,206812,979.4,299.6,295.9,55.6,13.3,5.8,0,0000
T,2014,08,14,12,21,06
B,57954,6743,26,690,35237,1513,23,689,979.4,299.7
G,687643,44174,32,690,404802,8695,19,689,979.4,299.7
R,278590,18402,770,690,163434,6572,812,689,979.4,299.7
D,NBXX,3784,6.642e-5,4.593e-5,2.875e-5,6.457e-6,5.170e-6,5.021e-6
Y,207089,979.4,299.7,295.9,55.2,13.2,5.8,0,0000
T,2014,08,14,12,22,06
B,58037,6780,18,689,35288,1565,20,690,979.4,299.7
G,685104,44863,22,689,405023,8583,7,690,979.4,299.7
R,275875,18419,819,689,163828,6564,783,690,979.4,299.7
D,NBXX,3724,6.700e-5,4.720e-5,2.921e-5,7.299e-6,5.054e-6,5.017e-6
Y,206622,979.4,299.7,295.9,55.2,13.2,5.8,0,0000
T,2014,08,14,12,23,06
B,58615,6725,31,690,35192,1532,25,689,979.4,299.7
G,686547,45598,20,690,404290,8648,9,689,979.4,299.7
R,277079,18542,857,690,164305,6609,774,689,979.4,299.7
D,NBXX,3664,6.496e-5,4.813e-5,2.926e-5,6.375e-6,5.159e-6,5.038e-6
Y,206758,979.4,299.7,295.9,55.2,13.3,5.8,0,0000
T,2014,08,14,12,24,06
B,58052,6748,23,689,35391,1536,16,690,979.4,299.7
G,685919,45059,22,689,405435,8411,16,690,979.4,299.7
R,276695,18380,743,689,164800,6602,778,690,979.4,299.7
D,NBXX,3604,6.649e-5,4.739e-5,2.923e-5,6.858e-6,4.775e-6,5.360e-6
Y,206869,979.4,299.7,295.9,55.1,13.2,5.8,0,0000
T,2014,08,14,12,25,06
B,58529,6822,25,690,35035,1534,19,689,979.4,299.7
G,686468,45326,15,690,403790,8657,19,689,979.4,299.7
R,277042,18763,859,690,164788,6497,793,689,979.4,299.7
D,NBXX,3544,6.668e-5,4.774e-5,2.983e-5,6.634e-6,5.165e-6,4.642e-6
Y,206734,979.4,299.7,295.9,54.7,13.2,5.8,0,0000
T,2014,08,14,12,26,06
B,58302,7064,25,689,35283,1553,19,690,979.4,299.7
G,684568,45674,16,689,405092,8752,15,690,979.4,299.7
R,276431,18857,846,689,164512,6629,810,690,979.4,299.7
D,NBXX,3484,7.054e-5,4.843e-5,3.021e-5,6.927e-6,5.306e-6,4.996e-6
Y,206460,979.4,299.7,295.9,55.1,13.3,5.8,0,0000
T,2014,08,14,12,27,06
B,58364,6902,16,690,35350,1524,23,689,979.3,299.7
G,686486,45482,14,690,405134,8699,14,689,979.3,299.7
R,277673,18605,805,690,163765,6679,774,689,979.3,299.7
D,NBXX,3424,6.818e-5,4.797e-5,2.951e-5,6.634e-6,5.236e-6,5.387e-6
Y,206739,979.3,299.7,295.9,55.6,13.3,5.8,0,0000
T,2014,08,14,12,28,06
B,58468,6642,29,689,35275,1553,13,689,979.4,299.7
G,684900,45456,12,689,403856,8482,20,689,979.4,299.7
R,277023,18717,838,689,164556,6419,850,689,979.4,299.7
D,NBXX,3364,6.423e-5,4.808e-5,2.959e-5,6.931e-6,4.924e-6,4.271e-6
Y,206560,979.4,299.7,295.9,55.9,13.2,5.8,0,0000
T,2014,08,14,12,29,06
B,58341,6650,14,689,35237,1490,20,690,979.4,299.7
G,685846,45692,19,689,404403,8693,18,690,979.4,299.7
R,277777,18474,778,689,163353,6554,781,690,979.4,299.7
D,NBXX,3304,6.469e-5,4.832e-5,2.918e-5,6.175e-6,5.187e-6,5.038e-6
Y,206847,979.4,299.7,295.9,56.0,13.3,5.8,0,0000
T,2014,08,14,12,30,06
B,58382,6776,24,690,35196,1569,21,689,979.3,299.7
G,685521,45092,22,690,403555,8609,14,689,979.3,299.7
R,276676,18595,807,690,164214,6735,823,689,979.3,299.7
D,NBXX,3244,6.625e-5,4.748e-5,2.948e-5,7.174e-6,5.109e-6,5.429e-6
Y,206448,979.3,299.7,295.9,55.7,13.2,5.8,0,0000
T,2014,08,14,12,31,06
B,58521,6877,13,689,35211,1621,38,690,979.3,299.7
G,685396,44698,15,689,403410,8768,21,690,979.3,299.7
R,276184,18363,819,689,163591,6612,825,690,979.3,299.7
D,NBXX,3184,6.737e-5,4.692e-5,2.885e-5,7.703e-6,5.306e-6,4.999e-6
Y,206711,979.3,299.7,295.9,55.4,13.2,5.8,0,0000
T,2014,08,14,12,32,06
B,58360,6784,24,690,35275,1479,32,689,979.3,299.7
G,687562,45265,23,690,402868,8423,25,689,979.3,299.7
R,277081,18391,803,690,163741,6398,720,689,979.3,299.7
D,NBXX,3124,6.622e-5,4.752e-5,2.918e-5,5.705e-6,4.781e-6,4.788e-6
Y,207065,979.3,299.7,295.9,55.1,13.2,5.8,0,0000
T,2014,08,14,12,33,06
B,57818,6944,23,689,35533,1514,12,690,979.3,299.7
G,684436,45587,9,689,404610,8848,16,690,979.3,299.7
R,276994,18483,789,689,164151,6655,791,690,979.3,299.7
D,NBXX,3064,6.979e-5,4.833e-5,2.928e-5,6.694e-6,5.459e-6,5.300e-6
Y,206420,979.3,299.7,295.9,55.2,13.3,5.8,0,0000
T,2014,08,14,12,34,06
B,58053,6888,28,690,35575,1468,27,689,979.3,299.7
G,685039,45446,18,690,404897,8875,2,689,979.3,299.7
R,277057,18505,803,690,163229,6505,816,689,979.3,299.7
D,NBXX,3004,6.825e-5,4.807e-5,2.919e-5,5.670e-6,5.532e-6,4.776e-6
Y,206302,979.3,299.7,295.9,55.2,13.3,5.8,0,0000
T,2014,08,14,12,35,06
B,58146,6825,18,689,35182,1578,28,690,979.4,299.7
G,686929,44960,22,689,403294,8963,16,690,979.4,299.7
R,277575,18634,867,689,163418,6487,817,690,979.4,299.7
D,NBXX,2944,6.733e-5,4.715e-5,2.927e-5,7.311e-6,5.557e-6,4.433e-6
Y,207175,979.4,299.7,295.9,55.2,13.2,5.8,0,0000
T,2014,08,14,12,36,06
B,58097,7095,37,690,35239,1541,22,689,979.4,299.7
G,685429,46076,10,690,404162,9103,20,689,979.4,299.7
R,276054,18951,823,690,163759,6458,843,689,979.4,299.7
D,NBXX,2884,7.110e-5,4.893e-5,3.051e-5,6.643e-6,5.840e-6,4.529e-6
Y,206420,979.4,299.7,295.9,55.1,13.3,5.8,0,0000
T,2014,08,14,12,37,06
B,57892,6673,35,689,35412,1473,29,689,979.3,299.7
G,684116,45176,14,689,404234,8837,24,689,979.3,299.7
R,276774,18532,891,689,163365,6615,821,689,979.3,299.7
D,NBXX,2824,6.526e-5,4.774e-5,2.901e-5,5.618e-6,5.445e-6,4.773e-6
Y,206323,979.3,299.7,295.9,54.9,13.2,5.8,0,0000
T,2014,08,14,12,38,06
B,58219,6906,27,689,34892,1543,18,690,979.3,299.7
G,684291,45371,12,689,402646,8920,11,690,979.3,299.7
R,276690,18552,873,689,163295,6484,797,690,979.3,299.7
D,NBXX,2764,6.839e-5,4.803e-5,2.923e-5,6.797e-6,5.570e-6,4.514e-6
Y,206376,979.3,299.7,295.9,55.1,13.2,5.8,0,0000
T,2014,08,14,12,39,06
B,58019,6954,19,690,35334,1572,22,689,979.3,299.7
G,686192,44860,24,690,405430,8757,14,689,979.3,299.7
R,276844,18374,815,690,164433,6472,797,689,979.3,299.7
D,NBXX,2704,6.949e-5,4.708e-5,2.887e-5,7.421e-6,5.309e-6,4.714e-6
Y,206651,979.3,299.7,296.0,55.1,13.3,5.8,0,0000
T,2014,08,14,12,40,06
B,58394,6817,25,689,35453,1530,26,690,979.3,299.7
G,685999,44622,31,689,405244,8726,18,690,979.3,299.7
R,277589,18559,786,689,164271,6566,783,690,979.3,299.7
D,NBXX,2644,6.672e-5,4.673e-5,2.943e-5,6.447e-6,5.212e-6,5.049e-6
Y,206893,979.3,299.7,296.0,55.2,13.2,5.8,0,0000
T,2014,08,14,12,41,06
B,58444,6763,35,690,35353,1490,33,689,979.3,299.7
G,687155,44643,12,690,404724,8642,11,689,979.3,299.7
R,277921,18539,823,690,163115,6522,816,689,979.3,299.7
D,NBXX,2584,6.559e-5,4.670e-5,2.907e-5,5.634e-6,5.149e-6,4.716e-6
Y,206942,979.3,299.7,296.0,55.2,13.3,5.8,0,0000
T,2014,08,14,12,42,06
B,58164,6724,30,689,35254,1590,47,690,979.3,299.7
G,684759,44599,18,689,404804,8857,23,690,979.3,299.7
R,276942,18407,852,689,163324,6665,835,690,979.3,299.7
D,NBXX,2524,6.534e-5,4.683e-5,2.871e-5,6.960e-6,5.439e-6,4.970e-6
Y,206518,979.3,299.7,296.0,55.4,13.3,5.8,0,0000
T,2014,08,14,12,43,06
B,58307,6873,20,690,35272,1581,24,689,979.3,299.7
G,684523,45055,16,690,404976,8783,22,689,979.3,299.7
R,277886,18299,875,690,163695,6573,827,689,979.3,299.7
D,NBXX,2464,6.778e-5,4.752e-5,2.817e-5,7.392e-6,5.378e-6,4.654e-6
Y,206146,979.3,299.7,296.0,55.6,13.2,5.8,0,0000
T,2014,08,14,12,44,06
B,58209,6947,15,689,35284,1479,14,690,979.3,299.7
G,684472,44888,11,689,403522,8783,19,690,979.3,299.7
R,276598,18435,846,689,163106,6491,778,690,979.3,299.7
D,NBXX,2404,6.926e-5,4.730e-5,2.906e-5,6.147e-6,5.355e-6,4.694e-6
Y,206431,979.3,299.7,296.0,55.2,13.2,5.8,0,0000
T,2014,08,14,12,45,06
B,58306,6932,26,690,35436,1464,27,689,979.3,299.7
G,686332,45302,15,690,404373,8784,27,689,979.3,299.7
R,276771,18638,831,690,163254,6637,872,689,979.3,299.7
D,NBXX,2344,6.849e-5,4.770e-5,2.935e-5,5.558e-6,5.339e-6,4.891e-6
Y,206693,979.3,299.7,296.0,55.1,13.2,5.8,0,0000
T,2014,08,14,12,46,06
B,58081,6760,24,689,35320,1636,35,690,979.2,299.7
G,684126,45016,27,689,404034,8793,18,690,979.2,299.7
R,276671,18407,823,689,164389,6615,842,690,979.2,299.7
D,NBXX,2284,6.629e-5,4.749e-5,2.883e-5,7.955e-6,5.351e-6,4.913e-6
Y,206326,979.2,299.7,296.0,55.2,13.3,5.8,0,0000
T,2014,08,14,12,47,06
B,58134,6893,20,689,34525,1573,12,689,979.2,299.7
G,685926,44301,10,689,403814,8627,17,689,979.2,299.7
R,276402,18020,859,689,163080,6439,815,689,979.2,299.7
D,NBXX,2224,6.856e-5,4.631e-5,2.771e-5,7.510e-6,5.125e-6,4.406e-6
Y,206871,979.2,299.7,296.0,55.1,13.2,5.8,0,0000
T,2014,08,14,12,48,06
B,58349,6782,15,690,35509,1455,27,689,979.2,299.7
G,685736,44057,16,690,403424,8679,16,689,979.2,299.7
R,277825,18191,837,690,163829,6571,871,689,979.2,299.7
D,NBXX,2164,6.644e-5,4.597e-5,2.785e-5,5.597e-6,5.214e-6,4.631e-6
Y,206513,979.2,299.7,296.0,55.2,13.2,5.8,0,0000
T,2014,08,14,12,49,06
B,57839,6677,26,689,35430,1467,26,690,979.2,299.7
G,684066,44074,16,689,403311,8438,11,690,979.2,299.7
R,276414,17845,847,689,163649,6530,839,690,979.2,299.7
D,NBXX,2104,6.561e-5,4.615e-5,2.716e-5,5.721e-6,4.865e-6,4.607e-6
Y,206308,979.2,299.7,296.0,55.6,13.2,5.8,0,0000
T,2014,08,14,12,50,06
B,58020,6558,33,690,34896,1462,22,689,979.2,299.7
G,684730,43553,21,690,401879,8510,14,689,979.2,299.7
R,277412,17766,851,690,162687,6424,810,689,979.2,299.7
D,NBXX,2044,6.354e-5,4.532e-5,2.684e-5,5.595e-6,4.981e-6,4.382e-6
Y,206208,979.2,299.7,296.0,55.4,13.3,5.8,0,0000
T,2014,08,14,12,51,06
B,58670,6563,18,689,35337,1594,11,690,979.1,299.7
G,683387,43849,18,689,404319,8579,26,690,979.1,299.7
R,276606,17736,858,689,162358,6458,821,690,979.1,299.7
D,NBXX,1984,6.299e-5,4.586e-5,2.684e-5,7.624e-6,5.054e-6,4.412e-6
Y,206102,979.1,299.7,296.0,55.2,13.2,5.8,0,0000
T,2014,08,14,12,52,06
B,58758,6605,22,690,35579,1540,20,689,979.1,299.7
G,686209,43586,24,690,403308,8734,18,689,979.1,299.7
R,277469,18072,846,690,163436,6510,831,689,979.1,299.7
D,NBXX,1924,6.324e-5,4.522e-5,2.767e-5,6.670e-6,5.268e-6,4.575e-6
Y,206656,979.1,299.7,296.0,55.7,13.3,5.8,0,0000
T,2014,08,14,12,53,06
B,57837,6679,21,689,35234,1585,18,690,979.1,299.7
G,685116,44640,18,689,402585,8677,21,690,979.1,299.7
R,277261,18175,769,689,162896,6509,837,690,979.1,299.7
D,NBXX,1864,6.585e-5,4.686e-5,2.825e-5,7.647e-6,5.174e-6,4.775e-6
Y,206626,979.1,299.7,296.0,57.2,13.2,5.8,0,0000
T,2014,08,14,12,54,06
B,57957,6845,38,690,35213,1564,15,689,979.1,299.7
G,686858,44318,17,690,405018,8647,18,689,979.1,299.7
R,276704,18024,832,690,162911,6542,814,689,979.1,299.7
D,NBXX,1804,6.782e-5,4.623e-5,2.776e-5,7.128e-6,5.141e-6,4.810e-6
Y,206852,979.1,299.7,296.0,56.5,13.3,5.8,0,0000
T,2014,08,14,12,55,06
B,58417,6756,22,689,35489,1536,13,690,979.1,299.7
G,686294,44112,19,689,402123,8671,19,690,979.1,299.7
R,277065,18198,846,689,163355,6473,843,690,979.1,299.7
D,NBXX,1744,6.607e-5,4.598e-5,2.807e-5,6.790e-6,5.145e-6,4.400e-6
Y,206983,979.1,299.7,296.0,56.7,13.3,5.8,0,0000
T,2014,08,14,12,56,06
B,58246,6782,16,690,35268,1512,21,689,979.1,299.8
G,685855,44881,29,690,403242,8820,23,689,979.1,299.8
R,277398,18481,848,690,163990,6596,855,689,979.1,299.8
D,NBXX,1684,6.669e-5,4.715e-5,2.878e-5,6.537e-6,5.396e-6,4.741e-6
Y,206549,979.1,299.8,296.0,57.7,13.3,5.8,0,0000
T,2014,08,14,12,57,06
B,58037,6780,26,689,35094,1492,12,689,979.1,299.8
G,684593,45112,18,689,402740,8644,34,689,979.1,299.8
R,276295,18191,835,689,162883,6597,782,689,979.1,299.8
D,NBXX,1624,6.699e-5,4.760e-5,2.842e-5,6.277e-6,5.145e-6,5.065e-6
Y,206467,979.1,299.8,296.0,57.5,13.2,5.8,0,0000
T,2014,08,14,12,58,06
B,58204,6765,35,689,35381,1601,24,690,979.1,299.8
G,682808,45079,23,689,405262,8789,16,690,979.1,299.8
R,276100,18407,794,689,164492,6546,863,690,979.1,299.8
D,NBXX,1564,6.616e-5,4.775e-5,2.895e-5,7.403e-6,5.393e-6,4.767e-6
Y,205927,979.1,299.8,296.1,57.5,13.2,5.8,0,0000
T,2014,08,14,12,59,06
B,57760,6730,27,690,35387,1580,23,689,979.0,299.8
G,686530,44677,22,690,403131,8673,22,689,979.0,299.8
R,275503,18401,831,690,162716,6454,844,689,979.0,299.8
D,NBXX,1504,6.654e-5,4.680e-5,2.897e-5,7.485e-6,5.184e-6,4.513e-6
Y,206753,979.0,299.8,296.1,56.5,13.3,5.8,0,0000
T,2014,08,14,13,00,06
B,58429,6646,40,689,35349,1543,23,690,979.1,299.8
G,685827,44360,18,689,403866,8770,23,690,979.1,299.8
R,276400,18232,837,689,163697,6600,789,690,979.1,299.8
D,NBXX,1444,6.402e-5,4.641e-5,2.849e-5,6.421e-6,5.306e-6,5.014e-6
Y,206841,979.1,299.8,296.1,56.5,13.2,5.8,0,0000
T,2014,08,14,13,01,06
B,58616,6841,34,690,35452,1525,34,689,979.1,299.8
G,685030,44471,22,690,402942,8755,17,689,979.1,299.8
R,275856,18215,820,690,162816,6710,893,689,979.1,299.8
D,NBXX,1384,6.642e-5,4.665e-5,2.824e-5,6.076e-6,5.339e-6,5.116e-6
Y,206299,979.1,299.8,296.1,56.5,13.3,5.8,0,0000
T,2014,08,14,13,02,06
B,58088,6685,28,689,35477,1490,33,690,979.1,299.8
G,684440,44928,15,689,405124,8665,12,690,979.1,299.8
R,276378,18050,813,689,164422,6582,763,690,979.1,299.8
D,NBXX,1324,6.516e-5,4.739e-5,2.814e-5,5.815e-6,5.203e-6,5.132e-6
Y,206421,979.1,299.8,296.1,56.0,13.2,5.8,0,0000
T,2014,08,14,13,03,06
B,57625,6648,15,690,34912,1470,26,689,979.1,299.8
G,685201,43953,29,690,405576,8533,19,689,979.1,299.8
R,275473,17917,848,690,163902,6711,867,689,979.1,299.8
D,NBXX,1264,6.572e-5,4.586e-5,2.743e-5,6.086e-6,4.997e-6,5.131e-6
Y,206351,979.1,299.8,296.1,55.7,13.2,5.8,0,0000
T,2014,08,14,13,04,06
B,58102,6703,20,689,35115,1542,24,690,979.1,299.8
G,684590,43867,19,689,403719,8792,27,690,979.1,299.8
R,277332,18328,814,689,163892,6511,888,690,979.1,299.8
D,NBXX,1204,6.568e-5,4.580e-5,2.836e-5,6.843e-6,5.352e-6,4.454e-6
Y,206467,979.1,299.8,296.1,55.6,13.2,5.8,0,0000
T,2014,08,14,13,05,06
B,58185,6771,40,690,34996,1475,17,689,979.1,299.8
G,686375,44509,13,690,402325,8622,20,689,979.1,299.8
R,277146,18217,830,690,163465,6511,807,689,979.1,299.8
D,NBXX,1144,6.631e-5,4.659e-5,2.828e-5,5.692e-6,5.131e-6,4.729e-6
Y,206706,979.1,299.8,296.1,55.6,13.3,5.8,0,0000
T,2014,08,14,13,06,06
B,57726,6708,28,689,35335,1508,21,689,979.1,299.8
G,683619,43791,27,689,404878,8659,23,689,979.1,299.8
R,275493,17852,806,689,163437,6545,798,689,979.1,299.8
D,NBXX,1084,6.629e-5,4.577e-5,2.761e-5,6.437e-6,5.188e-6,4.997e-6
Y,206172,979.1,299.8,296.1,55.6,13.2,5.8,0,0000
T,2014,08,14,13,07,06
B,57912,6533,37,689,35382,1518,22,690,979.1,299.8
G,683959,43955,21,689,401905,8474,25,690,979.1,299.8
R,275660,17831,881,689,162817,6428,816,690,979.1,299.8
D,NBXX,1024,6.329e-5,4.599e-5,2.721e-5,6.315e-6,4.901e-6,4.308e-6
Y,206275,979.1,299.8,296.1,55.4,13.2,5.8,0,0000
T,2014,08,14,13,08,06
B,58315,6720,31,690,35097,1496,20,689,979.1,299.8
G,686442,43798,26,690,403707,8662,11,689,979.1,299.8
R,278094,18064,811,690,162188,6483,803,689,979.1,299.8
D,NBXX,964,6.546e-5,4.554e-5,2.775e-5,6.049e-6,5.181e-6,4.679e-6
Y,206726,979.1,299.8,296.1,55.6,13.3,5.8,0,0000
T,2014,08,14,13,09,06
B,57970,6636,28,689,35117,1489,20,690,979.1,299.8
G,684435,44119,20,689,405056,8407,24,690,979.1,299.8
R,275856,18093,816,689,164125,6461,790,690,979.1,299.8
D,NBXX,904,6.486e-5,4.618e-5,2.825e-5,6.059e-6,4.799e-6,4.704e-6
Y,206420,979.1,299.8,296.1,55.6,13.2,5.8,0,0000
T,2014,08,14,13,10,06
B,58467,6773,24,690,34996,1493,32,689,979.1,299.8
G,685395,44758,22,690,403960,8868,14,689,979.1,299.8
R,276680,18379,830,690,163503,6672,833,689,979.1,299.8
D,NBXX,844,6.589e-5,4.704e-5,2.874e-5,5.869e-6,5.502e-6,5.133e-6
Y,206409,979.1,299.8,296.1,55.7,13.3,5.8,0,0000
T,2014,08,14,13,11,06
B,57714,6836,22,689,35072,1490,24,690,979.1,299.8
G,685259,44746,22,689,404456,8665,14,690,979.1,299.8
R,275591,18232,797,689,163412,6411,863,690,979.1,299.8
D,NBXX,784,6.822e-5,4.703e-5,2.852e-5,6.199e-6,5.172e-6,4.387e-6
Y,206669,979.1,299.8,296.1,56.4,13.3,5.8,0,0000
T,2014,08,14,13,12,06
B,57921,6885,34,690,35069,1550,17,689,979.1,299.8
G,686163,44938,14,690,405885,8825,11,689,979.1,299.8
R,277078,18493,826,690,163155,6446,829,689,979.1,299.8
D,NBXX,724,6.850e-5,4.724e-5,2.903e-5,6.972e-6,5.444e-6,4.482e-6
Y,206642,979.1,299.8,296.1,57.2,13.2,5.8,0,0000
T,2014,08,14,13,13,06
B,58308,6753,33,689,34703,1517,27,690,979.1,299.8
G,686109,44565,32,689,402485,8835,23,690,979.1,299.8
R,277781,18287,820,689,162223,6424,817,690,979.1,299.8
D,NBXX,664,6.580e-5,4.666e-5,2.838e-5,6.142e-6,5.371e-6,4.399e-6
Y,206927,979.1,299.8,296.1,56.5,13.2,5.8,0,0000
T,2014,08,14,13,14,06
B,58309,6505,20,690,35278,1494,9,689,979.1,299.8
G,685128,44067,20,690,404325,8725,21,689,979.1,299.8
R,277141,18097,752,690,162127,6487,851,689,979.1,299.8
D,NBXX,604,6.273e-5,4.605e-5,2.804e-5,6.389e-6,5.290e-6,4.774e-6
Y,206329,979.1,299.8,296.1,56.7,13.2,5.8,0,0000
T,2014,08,14,13,15,06
B,57673,6736,23,689,34941,1566,27,690,979.0,299.8
G,685160,44643,20,689,405331,8740,15,690,979.0,299.8
R,276866,18389,828,689,163359,6363,799,690,979.0,299.8
D,NBXX,544,6.677e-5,4.689e-5,2.887e-5,7.250e-6,5.285e-6,4.299e-6
Y,206639,979.0,299.8,296.1,56.7,13.2,5.8,0,0000
T,2014,08,14,13,16,06
B,57761,6847,17,689,35031,1525,17,689,979.0,299.8
G,684446,45437,16,689,402556,8748,26,689,979.0,299.8
R,275762,18349,804,689,163023,6634,861,689,979.0,299.8
D,NBXX,484,6.850e-5,4.811e-5,2.881e-5,6.923e-6,5.316e-6,5.037e-6
Y,206423,979.0,299.8,296.1,57.5,13.2,5.8,0,0000
T,2014,08,14,13,17,06
B,58577,6783,19,690,35150,1483,10,689,979.0,299.8
G,685855,45123,22,690,403386,8900,26,689,979.0,299.8
R,276262,18260,820,690,163110,6317,813,689,979.0,299.8
D,NBXX,424,6.629e-5,4.750e-5,2.857e-5,6.135e-6,5.520e-6,4.219e-6
Y,206549,979.0,299.8,296.1,56.7,13.2,5.8,0,0000
