T,2014,09,05,00,03,04
B,263372,26116,142,3447,159480,6748,168,3448,982.0,301.4
G,3129106,165110,105,3447,1839713,38120,118,3448,982.0,301.4
R,1279764,78524,5860,3447,753695,34185,5678,3448,982.0,301.4
D,NBXX,9999,5.083e-5,3.578e-5,2.246e-5,5.114e-6,4.812e-6,4.019e-6
Y,188566,982.0,301.4,297.2,76.5,13.1,5.7,0,0000
T,2014,09,05,00,08,04
B,265265,26496,135,3447,159590,6641,118,3447,981.9,301.4
G,3132667,171765,135,3447,1837289,38433,116,3447,981.9,301.4
R,1279702,80526,5784,3447,754237,34460,5994,3447,981.9,301.4
D,NBXX,9999,5.163e-5,3.781e-5,2.353e-5,4.853e-6,4.890e-6,4.023e-6
Y,188781,981.9,301.4,297.2,76.5,13.1,5.7,0,0000
T,2014,09,05,00,13,04
B,264478,26282,159,3447,159720,6777,159,3447,981.9,301.4
G,3132601,169824,114,3447,1841380,37690,122,3447,981.9,301.4
R,1280317,80028,5758,3447,754555,34714,5780,3447,981.9,301.4
D,NBXX,9999,5.098e-5,3.720e-5,2.337e-5,5.098e-6,4.662e-6,4.346e-6
Y,188777,981.9,301.4,297.2,76.5,13.1,5.7,0,0000
T,2014,09,05,00,18,04
B,264731,26778,161,3448,159691,6614,129,3447,981.9,301.4
G,3129981,172520,116,3448,1837704,38644,113,3447,981.9,301.4
R,1278565,81245,5842,3448,754267,34719,5841,3447,981.9,301.4
D,NBXX,9999,5.253e-5,3.810e-5,2.408e-5,4.683e-6,4.979e-6,4.268e-6
Y,188564,981.9,301.4,297.2,76.3,13.1,5.7,0,0000
T,2014,09,05,00,23,04
B,264285,26723,127,3447,160463,6672,135,3447,981.9,301.4
G,3131528,174397,133,3447,1843988,38732,117,3447,981.9,301.4
R,1277108,81606,5789,3447,757063,34377,5617,3447,981.9,301.4
D,NBXX,9999,5.260e-5,3.866e-5,2.455e-5,4.988e-6,4.989e-6,4.266e-6
Y,188713,981.9,301.4,297.2,76.2,13.1,5.7,0,0000
T,2014,09,05,00,28,04
B,264566,27052,164,3447,160375,6648,157,3448,981.9,301.4
G,3134662,174042,128,3447,1846174,38029,104,3448,981.9,301.4
R,1277325,80339,5833,3447,754884,34771,5922,3448,981.9,301.4
D,NBXX,9999,5.332e-5,3.850e-5,2.351e-5,4.678e-6,4.759e-6,4.251e-6
Y,188902,981.9,301.4,297.1,76.2,13.1,5.7,0,0000
T,2014,09,05,00,33,04
B,264801,27463,153,3447,159666,6714,120,3447,981.9,301.4
G,3132826,175639,80,3447,1844544,38703,104,3447,981.9,301.4
R,1280901,81558,5789,3447,754715,34905,5761,3447,981.9,301.4
D,NBXX,9999,5.467e-5,3.905e-5,2.429e-5,5.040e-6,4.999e-6,4.450e-6
Y,188791,981.9,301.4,297.1,76.5,13.1,5.7,0,0000
T,2014,09,05,00,38,04
B,264456,27515,155,3448,159931,6833,142,3447,981.9,301.4
G,3136221,176177,140,3448,1844568,39231,109,3447,981.9,301.4
R,1280186,81860,5791,3448,755960,34934,5691,3447,981.9,301.4
D,NBXX,9999,5.486e-5,3.914e-5,2.455e-5,5.352e-6,5.132e-6,4.529e-6
Y,188941,981.9,301.4,297.1,76.5,13.1,5.7,0,0000
T,2014,09,05,00,43,04
B,263264,28127,147,3447,161012,6839,191,3447,981.9,301.3
G,3134728,178373,118,3447,1850168,38852,118,3447,981.9,301.3
R,1280865,82117,5852,3447,759007,34554,5790,3447,981.9,301.3
D,NBXX,9999,5.699e-5,3.986e-5,2.457e-5,5.309e-6,5.020e-6,4.167e-6
Y,188906,981.9,301.3,297.1,76.5,13.1,5.7,0,0000
T,2014,09,05,00,48,04
B,265798,27659,136,3447,159595,6828,144,3448,981.9,301.3
G,3136521,178064,132,3447,1843967,39042,104,3448,981.9,301.3
R,1282060,82571,5674,3447,757880,34995,5707,3448,981.9,301.3
D,NBXX,9999,5.494e-5,3.973e-5,2.500e-5,5.285e-6,5.069e-6,4.610e-6
Y,189015,981.9,301.3,297.1,76.5,13.1,5.7,0,0000
T,2014,09,05,00,53,04
B,264374,27651,154,3447,160402,6810,149,3447,981.9,301.3
G,3133320,178257,99,3447,1846938,39079,120,3447,981.9,301.3
R,1281157,81661,5768,3447,757631,34782,5645,3447,981.9,301.3
D,NBXX,9999,5.528e-5,3.986e-5,2.445e-5,5.261e-6,5.103e-6,4.470e-6
Y,188821,981.9,301.3,297.1,76.5,13.1,5.7,0,0000
T,2014,09,05,00,58,04
B,265452,27712,186,3448,160475,7076,154,3447,981.9,301.3
G,3138066,180094,109,3448,1845744,38962,85,3447,981.9,301.3
R,1283524,82702,5724,3448,758084,34624,5728,3447,981.9,301.3
D,NBXX,9999,5.500e-5,4.036e-5,2.498e-5,5.870e-6,5.060e-6,4.325e-6
Y,189053,981.9,301.3,297.1,76.6,13.1,5.7,0,0000
T,2014,09,05,01,03,04
B,263982,28736,147,3447,160040,6889,154,3447,981.9,301.3
G,3137503,182632,107,3447,1847999,39618,115,3447,981.9,301.3
R,1281776,84060,5589,3447,758374,34614,5659,3447,981.9,301.3
D,NBXX,9999,5.876e-5,4.116e-5,2.603e-5,5.541e-6,5.255e-6,4.478e-6
Y,189074,981.9,301.3,297.1,76.5,13.1,5.7,0,0000
T,2014,09,05,01,08,04
B,259957,27543,148,3380,157038,6629,139,3380,981.8,301.3
G,3079103,179474,126,3380,1816586,38336,111,3380,981.8,301.3
R,1253772,81538,5578,3380,743244,34352,5563,3380,981.8,301.3
D,NBXX,9999,5.643e-5,4.123e-5,2.549e-5,5.090e-6,5.073e-6,4.689e-6
Y,189233,981.8,301.3,297.1,76.5,13.1,5.7,0,0008
T,2014,09,05,01,13,04
B,264939,28286,155,3447,160753,6787,153,3447,981.7,301.3
G,3128927,181890,102,3447,1845007,39817,113,3447,981.7,301.3
R,1277138,82697,5501,3447,757209,34738,5689,3447,981.7,301.3
D,NBXX,9999,5.704e-5,4.108e-5,2.538e-5,5.130e-6,5.355e-6,4.645e-6
Y,188555,981.7,301.3,297.1,76.6,13.1,5.7,0,0000
T,2014,09,05,01,18,04
B,265670,27774,150,3448,160026,6942,149,3447,981.6,301.3
G,3132648,181505,108,3448,1844711,39382,81,3447,981.6,301.3
R,1280306,82286,5661,3448,758321,35330,5684,3447,981.6,301.3
D,NBXX,9999,5.526e-5,4.090e-5,2.491e-5,5.588e-6,5.216e-6,4.872e-6
Y,188725,981.6,301.3,297.1,76.8,13.1,5.7,0,0000
T,2014,09,05,01,23,04
B,265160,28477,123,3447,160687,6751,158,3447,981.6,301.4
G,3134182,183063,125,3447,1851747,39643,90,3447,981.6,301.4
R,1280749,83393,5697,3447,757063,34905,5578,3447,981.6,301.4
D,NBXX,9999,5.765e-5,4.136e-5,2.563e-5,5.099e-6,5.279e-6,4.649e-6
Y,188873,981.6,301.4,297.2,76.8,13.1,5.7,0,0000
T,2014,09,05,01,28,04
B,264547,28716,167,3447,160265,6965,137,3448,981.6,301.4
G,3134578,185741,148,3447,1843463,39879,109,3448,981.6,301.4
R,1280715,84638,5575,3447,756081,34686,5603,3448,981.6,301.4
D,NBXX,9999,5.850e-5,4.218e-5,2.647e-5,5.715e-6,5.333e-6,4.579e-6
Y,188897,981.6,301.4,297.2,76.8,13.1,5.7,0,0000
T,2014,09,05,01,33,04
B,264371,28813,161,3447,159867,7058,126,3447,981.6,301.4
G,3134277,187095,183,3447,1838388,40143,117,3447,981.6,301.4
R,1280112,84241,5592,3447,752907,35379,5564,3447,981.6,301.4
D,NBXX,9999,5.892e-5,4.259e-5,2.626e-5,6.081e-6,5.405e-6,5.035e-6
Y,188879,981.6,301.4,297.2,76.6,13.1,5.7,0,0000
T,2014,09,05,01,38,04
B,265276,29193,155,3448,159367,6972,127,3447,981.6,301.4
G,3139076,187445,122,3448,1845001,40173,78,3447,981.6,301.4
R,1283017,84438,5766,3448,755950,35163,5549,3447,981.6,301.4
D,NBXX,9999,5.980e-5,4.265e-5,2.617e-5,5.771e-6,5.435e-6,4.761e-6
Y,189114,981.6,301.4,297.2,76.6,13.1,5.7,0,0000
T,2014,09,05,01,43,04
B,264334,29005,145,3447,159902,6979,161,3447,981.6,301.4
G,3135251,187522,124,3447,1848758,40183,120,3447,981.6,301.4
R,1280007,84713,5666,3447,757698,35077,5656,3447,981.6,301.4
D,NBXX,9999,5.945e-5,4.273e-5,2.644e-5,5.773e-6,5.434e-6,4.730e-6
Y,188938,981.6,301.4,297.2,76.6,13.1,5.7,0,0000
T,2014,09,05,01,48,04
B,264754,29100,118,3447,160120,7067,159,3448,981.5,301.4
G,3136321,188778,113,3447,1845851,40620,140,3448,981.5,301.4
R,1277926,85084,5671,3447,756334,35003,5630,3448,981.5,301.4
D,NBXX,9999,5.973e-5,4.310e-5,2.676e-5,6.122e-6,5.560e-6,4.716e-6
Y,189002,981.5,301.4,297.2,76.5,13.1,5.7,0,0000
T,2014,09,05,01,53,04
B,264802,29140,134,3447,160738,6899,140,3447,981.4,301.4
G,3134907,187689,135,3447,1854667,40342,124,3447,981.4,301.4
R,1278405,84359,5526,3447,758157,35247,5545,3447,981.4,301.4
D,NBXX,9999,5.985e-5,4.278e-5,2.645e-5,5.619e-6,5.480e-6,5.033e-6
Y,188917,981.4,301.4,297.2,76.5,13.1,5.7,0,0000
T,2014,09,05,01,58,04
B,264391,29359,147,3448,159925,6952,163,3447,981.4,301.4
G,3137581,188855,132,3448,1845435,40068,120,3447,981.4,301.4
R,1283117,85485,5684,3448,756943,35387,5526,3447,981.4,301.4
D,NBXX,9999,6.054e-5,4.310e-5,2.689e-5,5.691e-6,5.389e-6,4.974e-6
Y,189024,981.4,301.4,297.2,76.5,13.1,5.7,0,0000
T,2014,09,05,02,03,04
B,263929,29252,130,3447,159768,6965,143,3447,981.3,301.4
G,3137414,187898,125,3447,1844441,40472,111,3447,981.3,301.4
R,1279459,85063,5710,3447,755859,35094,5782,3447,981.3,301.4
D,NBXX,9999,6.049e-5,4.281e-5,2.655e-5,5.893e-6,5.519e-6,4.624e-6
Y,189069,981.3,301.4,297.2,76.3,13.1,5.7,0,0000
T,2014,09,05,02,08,04
B,264852,29902,174,3447,159044,7006,165,3448,981.3,301.4
G,3139226,190687,126,3447,1839491,40668,118,3448,981.3,301.4
R,1283903,85515,5776,3447,750686,35530,5639,3448,981.3,301.4
D,NBXX,9999,6.195e-5,4.365e-5,2.673e-5,5.707e-6,5.567e-6,4.896e-6
Y,189178,981.3,301.4,297.2,76.3,13.1,5.7,0,0000
T,2014,09,05,02,13,04
B,251310,27760,125,3269,151935,6691,137,3271,981.2,301.4
G,2976341,181621,124,3269,1752466,38534,82,3271,981.2,301.4
R,1218090,81918,5389,3269,720678,33675,5392,3271,981.2,301.4
D,NBXX,9999,6.018e-5,4.393e-5,2.728e-5,6.064e-6,5.565e-6,4.906e-6
Y,189129,981.2,301.4,297.2,76.2,13.1,5.7,0,0008
T,2014,09,05,02,18,04
B,263847,29340,161,3448,159418,7054,119,3447,981.1,301.4
G,3135499,191390,133,3448,1842603,41004,113,3447,981.1,301.4
R,1280895,86779,5717,3448,755778,35323,5659,3447,981.1,301.4
D,NBXX,9999,6.077e-5,4.394e-5,2.765e-5,6.155e-6,5.695e-6,4.839e-6
Y,188898,981.1,301.4,297.2,75.8,13.1,5.7,0,0000
T,2014,09,05,02,23,04
B,265515,29461,167,3447,160275,6997,110,3447,981.1,301.4
G,3132275,189458,124,3447,1849958,40379,111,3447,981.1,301.4
R,1280482,86092,5646,3447,758074,34985,5771,3447,981.1,301.4
D,NBXX,9999,6.059e-5,4.340e-5,2.721e-5,5.855e-6,5.511e-6,4.600e-6
Y,188758,981.1,301.4,297.2,75.8,13.1,5.7,0,0000
T,2014,09,05,02,28,04
B,259416,28628,149,3379,158471,6997,143,3380,981.2,301.5
G,3081350,185303,109,3379,1820969,39666,107,3380,981.2,301.5
R,1256202,84132,5667,3379,746204,34212,5808,3380,981.2,301.5
D,NBXX,9999,6.002e-5,4.306e-5,2.680e-5,6.275e-6,5.495e-6,4.324e-6
Y,189428,981.2,301.5,297.2,75.7,13.1,5.7,0,0008
T,2014,09,05,02,33,04
B,264151,29621,144,3447,159044,7103,152,3448,981.1,301.4
G,3130393,187931,142,3447,1841397,40307,112,3448,981.1,301.4
R,1277279,84806,5642,3447,754965,35233,5824,3448,981.1,301.4
D,NBXX,9999,6.148e-5,4.295e-5,2.649e-5,6.213e-6,5.485e-6,4.747e-6
Y,188644,981.1,301.4,297.2,75.3,13.1,5.7,0,0000
T,2014,09,05,02,38,04
B,264928,28929,163,3447,159666,7059,176,3447,981.1,301.4
G,3132136,188189,132,3447,1843236,40397,85,3447,981.1,301.4
R,1278829,85007,5818,3447,758281,35174,5640,3447,981.1,301.4
D,NBXX,9999,5.894e-5,4.301e-5,2.656e-5,5.870e-6,5.524e-6,4.705e-6
Y,188749,981.1,301.4,297.2,75.3,13.1,5.7,0,0000
T,2014,09,05,02,43,04
B,263848,29417,159,3448,161470,7085,152,3447,981.1,301.4
G,3131551,189745,115,3448,1850089,40234,121,3447,981.1,301.4
R,1279718,85102,5714,3448,758810,35352,5630,3447,981.1,301.4
D,NBXX,9999,6.090e-5,4.350e-5,2.667e-5,6.140e-6,5.472e-6,4.893e-6
Y,188659,981.1,301.4,297.2,75.2,13.1,5.7,0,0000
T,2014,09,05,02,48,04
B,263801,29322,160,3447,159491,7112,122,3447,981.1,301.4
G,3131561,187803,121,3447,1851488,39793,112,3447,981.1,301.4
R,1277818,84735,5641,3447,758125,35062,5820,3447,981.1,301.4
D,NBXX,9999,6.072e-5,4.289e-5,2.643e-5,6.325e-6,5.330e-6,4.644e-6
Y,188715,981.1,301.4,297.2,75.0,13.1,5.7,0,0000
T,2014,09,05,02,53,04
B,265707,28994,151,3447,160175,6838,183,3448,981.1,301.4
G,3131617,187019,100,3447,1847234,39985,90,3448,981.1,301.4
R,1279427,84345,5760,3447,756455,34921,5801,3448,981.1,301.4
D,NBXX,9999,5.889e-5,4.266e-5,2.606e-5,5.144e-6,5.402e-6,4.462e-6
Y,188718,981.1,301.4,297.2,74.9,13.1,5.7,0,0000
T,2014,09,05,02,58,04
B,264822,28780,111,3447,159814,7126,160,3447,981.1,301.4
G,3131816,186221,154,3447,1842479,39602,87,3447,981.1,301.4
R,1278576,83966,5793,3447,753764,34959,5781,3447,981.1,301.4
D,NBXX,9999,5.875e-5,4.239e-5,2.585e-5,6.326e-6,5.266e-6,4.490e-6
Y,188730,981.1,301.4,297.2,74.9,13.1,5.7,0,0000
T,2014,09,05,03,03,04
B,265114,29421,136,3448,160703,6964,147,3447,981.1,301.4
G,3131882,185703,126,3448,1843878,40281,115,3447,981.1,301.4
R,1279933,84040,5736,3448,755841,35205,5770,3447,981.1,301.4
D,NBXX,9999,6.058e-5,4.222e-5,2.589e-5,5.769e-6,5.483e-6,4.683e-6
Y,188679,981.1,301.4,297.2,74.9,13.1,5.7,0,0000
T,2014,09,05,03,08,04
B,264309,29179,143,3447,159063,7076,153,3447,981.1,301.4
G,3130922,186885,123,3447,1833924,40149,126,3447,981.1,301.4
R,1278269,84727,5752,3447,751510,34813,5692,3447,981.1,301.4
D,NBXX,9999,6.006e-5,4.261e-5,2.642e-5,6.123e-6,5.439e-6,4.497e-6
Y,188676,981.1,301.4,297.2,74.7,13.1,5.7,0,0000
T,2014,09,05,03,13,04
B,265122,29139,163,3447,159994,6842,101,3448,981.1,301.4
G,3131559,187571,112,3447,1845699,39931,107,3448,981.1,301.4
R,1278969,84364,5729,3447,756636,34947,5687,3448,981.1,301.4
D,NBXX,9999,5.978e-5,4.282e-5,2.619e-5,5.449e-6,5.375e-6,4.588e-6
Y,188714,981.1,301.4,297.2,74.7,13.1,5.7,0,0000
T,2014,09,05,03,18,04
B,264526,28857,133,3447,160372,6828,143,3447,981.1,301.4
G,3125297,184213,118,3447,1837814,39879,111,3447,981.1,301.4
R,1277671,83208,5668,3447,753732,34779,5822,3447,981.1,301.4
D,NBXX,9999,5.907e-5,4.188e-5,2.547e-5,5.415e-6,5.384e-6,4.449e-6
Y,188336,981.1,301.4,297.2,74.5,13.1,5.7,0,0000
T,2014,09,05,03,23,04
B,264450,28580,144,3448,160549,6744,146,3447,981.1,301.4
G,3128610,185090,95,3448,1846930,39491,94,3447,981.1,301.4
R,1278153,83597,5713,3448,755884,34995,5728,3447,981.1,301.4
D,NBXX,9999,5.819e-5,4.211e-5,2.572e-5,5.118e-6,5.266e-6,4.618e-6
Y,188481,981.1,301.4,297.2,74.4,13.1,5.7,0,0000
T,2014,09,05,03,28,04
B,262785,28406,112,3425,157784,6821,138,3425,981.2,301.4
G,3118449,182383,134,3425,1825940,39121,91,3425,981.2,301.4
R,1274396,82320,5746,3425,747551,34478,5651,3425,981.2,301.4
D,NBXX,9999,5.834e-5,4.143e-5,2.509e-5,5.619e-6,5.172e-6,4.363e-6
Y,189133,981.2,301.4,297.2,74.2,13.1,5.7,0,0008
T,2014,09,05,03,33,04
B,264319,28319,180,3447,160748,6768,147,3448,981.2,301.4
G,3124390,181443,129,3447,1854509,39248,121,3448,981.2,301.4
R,1276272,82547,5734,3447,761956,34590,5601,3448,981.2,301.4
D,NBXX,9999,5.730e-5,4.101e-5,2.521e-5,5.058e-6,5.177e-6,4.453e-6
Y,188281,981.2,301.4,297.2,74.2,13.1,5.7,0,0000
T,2014,09,05,03,38,04
B,264546,28245,166,3447,159789,6954,135,3447,981.2,301.4
G,3128633,183339,108,3447,1848920,39496,87,3447,981.2,301.4
R,1277995,82807,5771,3447,759795,35008,5867,3447,981.2,301.4
D,NBXX,9999,5.709e-5,4.155e-5,2.510e-5,5.712e-6,5.262e-6,4.481e-6
Y,188537,981.2,301.4,297.2,74.1,13.0,5.7,0,0000
T,2014,09,05,03,43,04
B,264904,28464,157,3448,160434,6910,152,3447,981.2,301.4
G,3128022,182211,133,3448,1846741,39525,117,3447,981.2,301.4
R,1278688,83241,5536,3448,757277,34488,5529,3447,981.2,301.4
D,NBXX,9999,5.762e-5,4.119e-5,2.575e-5,5.526e-6,5.257e-6,4.569e-6
Y,188446,981.2,301.4,297.2,73.9,13.1,5.7,0,0000
T,2014,09,05,03,48,04
B,263997,28331,152,3447,160215,6761,159,3447,981.2,301.4
G,3130531,182208,110,3447,1849014,39272,122,3447,981.2,301.4
R,1276813,82758,5524,3447,757825,34379,5490,3447,981.2,301.4
D,NBXX,9999,5.750e-5,4.115e-5,2.556e-5,5.123e-6,5.170e-6,4.553e-6
Y,188652,981.2,301.4,297.1,73.9,13.1,5.7,0,0000
T,2014,09,05,03,53,04
B,264384,28200,166,3447,160926,6943,130,3448,981.2,301.4
G,3126970,181045,130,3447,1855788,39197,88,3448,981.2,301.4
R,1275954,81722,5604,3447,760303,34680,5588,3448,981.2,301.4
D,NBXX,9999,5.702e-5,4.085e-5,2.482e-5,5.702e-6,5.162e-6,4.615e-6
Y,188437,981.2,301.4,297.1,73.9,13.1,5.7,0,0000
T,2014,09,05,03,58,04
B,264970,28483,128,3447,161322,6917,133,3447,981.2,301.4
G,3129004,182613,116,3447,1848713,39508,124,3447,981.2,301.4
R,1276302,81997,5659,3447,757893,34919,5720,3447,981.2,301.4
D,NBXX,9999,5.782e-5,4.130e-5,2.484e-5,5.708e-6,5.248e-6,4.630e-6
Y,188560,981.2,301.4,297.1,73.7,13.1,5.7,0,0000
T,2014,09,05,04,03,04
B,262468,27848,147,3422,158750,6902,134,3421,981.3,301.4
G,3105626,178776,130,3422,1825584,39077,116,3421,981.3,301.4
R,1267142,81217,5614,3422,747546,34119,5541,3421,981.3,301.4
D,NBXX,9999,5.661e-5,4.051e-5,2.482e-5,5.789e-6,5.205e-6,4.395e-6
Y,188518,981.3,301.4,297.1,73.6,13.1,5.7,0,0008
T,2014,09,05,04,08,04
B,264284,28336,133,3447,160590,6895,144,3447,981.4,301.3
G,3126500,180926,132,3447,1850939,39673,125,3447,981.4,301.3
R,1275094,82506,5811,3447,758338,35022,5702,3447,981.4,301.3
D,NBXX,9999,5.754e-5,4.081e-5,2.510e-5,5.636e-6,5.304e-6,4.610e-6
Y,188408,981.4,301.3,297.1,73.4,13.1,5.7,0,0000
T,2014,09,05,04,13,04
B,265521,27868,183,3447,160455,6879,149,3448,981.4,301.3
G,3125967,178740,139,3447,1847756,39278,144,3448,981.4,301.3
R,1277616,81730,5679,3447,757563,34290,5619,3448,981.4,301.3
D,NBXX,9999,5.551e-5,4.012e-5,2.469e-5,5.291e-6,5.168e-6,4.279e-6
Y,188376,981.4,301.3,297.1,73.4,13.1,5.7,0,0000
T,2014,09,05,04,18,04
B,264985,27496,159,3447,158914,6876,162,3447,981.4,301.3
G,3129090,177818,105,3447,1827273,39203,128,3447,981.4,301.3
R,1278742,81025,5721,3447,747875,34819,5592,3447,981.4,301.3
D,NBXX,9999,5.458e-5,3.979e-5,2.420e-5,5.367e-6,5.154e-6,4.590e-6
Y,188565,981.4,301.3,297.1,73.2,13.1,5.7,0,0000
T,2014,09,05,04,23,04
B,264331,27477,125,3448,159706,6718,113,3447,981.3,301.3
G,3130063,176750,103,3448,1844084,39140,100,3447,981.3,301.3
R,1278739,80499,5515,3448,755943,34568,5624,3447,981.3,301.3
D,NBXX,9999,5.501e-5,3.944e-5,2.400e-5,5.232e-6,5.145e-6,4.565e-6
Y,188569,981.3,301.3,297.1,73.1,13.1,5.7,0,0000
T,2014,09,05,04,28,04
B,264689,27322,140,3447,160145,6932,136,3447,981.3,301.3
G,3126868,173986,121,3447,1840686,38712,118,3447,981.3,301.3
R,1274653,80259,5609,3447,754818,34185,5588,3447,981.3,301.3
D,NBXX,9999,5.429e-5,3.862e-5,2.394e-5,5.722e-6,5.005e-6,4.322e-6
Y,188431,981.3,301.3,297.1,73.2,13.1,5.7,0,0000
T,2014,09,05,04,33,04
B,264994,26697,132,3447,159896,6578,164,3448,981.3,301.3
G,3127535,172895,85,3447,1838177,38671,113,3448,981.3,301.3
R,1274775,79698,5544,3447,755298,34278,5730,3448,981.3,301.3
D,NBXX,9999,5.221e-5,3.827e-5,2.354e-5,4.534e-6,5.001e-6,4.318e-6
Y,188471,981.3,301.3,297.1,73.1,13.1,5.7,0,0000
T,2014,09,05,04,38,04
B,263129,27123,140,3447,159391,6841,150,3447,981.2,301.3
G,3126076,175434,127,3447,1836165,38545,100,3447,981.2,301.3
R,1276056,79875,5674,3447,753290,34292,5713,3447,981.2,301.3
D,NBXX,9999,5.412e-5,3.909e-5,2.352e-5,5.511e-6,4.960e-6,4.237e-6
Y,188383,981.2,301.3,297.0,72.9,13.1,5.7,0,0000
T,2014,09,05,04,43,04
B,265342,26645,131,3447,159600,6757,150,3447,981.2,301.3
G,3124551,170598,115,3447,1837348,38464,109,3447,981.2,301.3
R,1275702,79309,5533,3447,752159,34164,5602,3447,981.2,301.3
D,NBXX,9999,5.199e-5,3.759e-5,2.336e-5,5.117e-6,4.941e-6,4.343e-6
Y,188291,981.2,301.3,297.1,72.6,13.1,5.7,0,0000
T,2014,09,05,04,48,04
B,263561,26943,171,3448,159454,6815,135,3447,981.3,301.3
G,3126775,171219,139,3448,1840656,38661,96,3447,981.3,301.3
R,1274832,79715,5631,3448,754527,33939,5749,3447,981.3,301.3
D,NBXX,9999,5.337e-5,3.775e-5,2.347e-5,5.346e-6,4.995e-6,4.040e-6
Y,188370,981.3,301.3,297.0,72.8,13.1,5.7,0,0000
T,2014,09,05,04,53,04
B,263743,27959,155,3447,160565,6969,122,3447,981.4,301.3
G,3123757,179850,136,3447,1846406,39920,115,3447,981.4,301.3
R,1273901,82225,5726,3447,754516,34450,5567,3447,981.4,301.3
D,NBXX,9999,5.655e-5,4.052e-5,2.512e-5,5.906e-6,5.395e-6,4.426e-6
Y,188243,981.4,301.3,297.1,73.2,13.0,5.7,0,0000
T,2014,09,05,04,58,04
B,265419,28951,115,3447,160314,6962,155,3448,981.4,301.3
G,3128959,184690,111,3447,1848393,40251,110,3448,981.4,301.3
R,1275585,83177,5563,3447,756674,34728,5596,3448,981.4,301.3
D,NBXX,9999,5.908e-5,4.196e-5,2.576e-5,5.773e-6,5.486e-6,4.673e-6
Y,188557,981.4,301.3,297.0,73.2,13.1,5.7,0,0000
T,2014,09,05,05,03,04
B,264783,29086,168,3447,160139,6943,130,3447,981.4,301.3
G,3124598,185835,132,3447,1844473,40360,100,3447,981.4,301.3
R,1273743,83983,5691,3447,753637,34767,5574,3447,981.4,301.3
D,NBXX,9999,5.961e-5,4.240e-5,2.624e-5,5.670e-6,5.537e-6,4.645e-6
Y,188293,981.4,301.3,297.0,73.2,13.1,5.7,0,0000
T,2014,09,05,05,08,04
B,264289,28882,134,3448,159894,7008,138,3447,981.5,301.3
G,3124344,183572,114,3448,1848698,39803,100,3447,981.5,301.3
R,1276919,83166,5727,3448,758681,34960,5462,3447,981.5,301.3
D,NBXX,9999,5.924e-5,4.170e-5,2.568e-5,6.007e-6,5.373e-6,4.791e-6
Y,188223,981.5,301.3,297.0,73.1,13.1,5.7,0,0000
T,2014,09,05,05,13,04
B,264842,28637,140,3447,160262,7035,141,3447,981.5,301.3
G,3126118,181311,112,3447,1843042,39759,115,3447,981.5,301.3
R,1275251,82154,5545,3447,754037,34381,5486,3447,981.5,301.3
D,NBXX,9999,5.827e-5,4.095e-5,2.522e-5,6.009e-6,5.343e-6,4.558e-6
Y,188385,981.5,301.3,297.0,73.1,13.1,5.7,0,0000
T,2014,09,05,05,18,04
B,264923,28322,130,3447,159762,7028,126,3448,981.5,301.3
G,3124046,180082,105,3447,1840757,39823,124,3448,981.5,301.3
R,1277579,81672,5522,3447,754217,34417,5625,3448,981.5,301.3
D,NBXX,9999,5.736e-5,4.060e-5,2.476e-5,6.064e-6,5.367e-6,4.467e-6
Y,188260,981.5,301.3,297.0,72.8,13.1,5.7,0,0000
T,2014,09,05,05,23,04
B,263346,28593,126,3447,159889,7033,140,3447,981.5,301.2
G,3124809,183766,119,3447,1844869,40095,123,3447,981.5,301.2
R,1273905,82603,5521,3447,756408,34425,5444,3447,981.5,301.2
D,NBXX,9999,5.868e-5,4.171e-5,2.559e-5,6.174e-6,5.436e-6,4.647e-6
Y,188306,981.5,301.2,297.0,73.1,13.1,5.7,0,0000
T,2014,09,05,05,28,04
B,263366,28919,138,3448,160043,7213,126,3447,981.5,301.2
G,3121680,185110,96,3448,1849360,40385,101,3447,981.5,301.2
R,1272025,83058,5430,3448,756858,34655,5708,3447,981.5,301.2
D,NBXX,9999,5.969e-5,4.221e-5,2.582e-5,6.742e-6,5.560e-6,4.690e-6
Y,188062,981.5,301.2,297.0,73.1,13.1,5.7,0,0000
T,2014,09,05,05,33,04
B,263818,30218,155,3447,160463,7079,159,3447,981.6,301.2
G,3122323,194122,113,3447,1848695,40932,106,3447,981.6,301.2
R,1274140,86252,5485,3447,756734,34831,5506,3447,981.6,301.2
D,NBXX,9999,6.334e-5,4.504e-5,2.784e-5,6.093e-6,5.719e-6,4.879e-6
Y,188156,981.6,301.2,297.0,73.1,13.1,5.7,0,0000
T,2014,09,05,05,38,04
B,265033,29874,112,3447,160489,7210,158,3448,981.6,301.2
G,3122950,192826,99,3447,1847734,41013,119,3448,981.6,301.2
R,1274786,85911,5398,3447,757219,34962,5425,3448,981.6,301.2
D,NBXX,9999,6.202e-5,4.462e-5,2.772e-5,6.551e-6,5.739e-6,5.069e-6
Y,188194,981.6,301.2,297.0,73.1,13.1,5.7,0,0000
T,2014,09,05,05,43,04
B,264250,29033,167,3447,159647,7130,125,3447,981.7,301.2
G,3127493,188587,111,3447,1834883,40061,110,3447,981.7,301.2
R,1274391,84576,5523,3447,750973,34543,5466,3447,981.7,301.2
D,NBXX,9999,5.962e-5,4.319e-5,2.679e-5,6.295e-6,5.422e-6,4.698e-6
Y,188469,981.7,301.2,297.0,73.1,13.1,5.7,0,0000
T,2014,09,05,05,48,04
B,264553,29001,171,3448,159453,7007,135,3447,981.8,301.2
G,3128195,185175,97,3448,1841936,40181,98,3447,981.8,301.2
R,1272974,83464,5480,3448,755267,34351,5481,3447,981.8,301.2
D,NBXX,9999,5.937e-5,4.211e-5,2.616e-5,5.849e-6,5.470e-6,4.619e-6
Y,188456,981.8,301.2,297.0,73.1,13.1,5.7,0,0000
T,2014,09,05,05,53,04
B,264452,29224,135,3447,159327,6915,137,3447,981.8,301.2
G,3123804,187351,110,3447,1837456,40975,95,3447,981.8,301.2
R,1273557,83965,5468,3447,751584,34674,5636,3447,981.8,301.2
D,NBXX,9999,6.021e-5,4.288e-5,2.635e-5,5.688e-6,5.732e-6,4.705e-6
Y,188245,981.8,301.2,297.0,72.9,13.1,5.7,0,0000
T,2014,09,05,05,58,04
B,263718,28589,169,3447,160565,7093,136,3448,981.9,301.2
G,3122766,184193,125,3447,1843626,40087,126,3448,981.9,301.2
R,1276943,82658,5480,3447,754788,34473,5475,3448,981.9,301.2
D,NBXX,9999,5.838e-5,4.188e-5,2.553e-5,6.170e-6,5.435e-6,4.647e-6
Y,188183,981.9,301.2,297.0,72.8,13.1,5.7,0,0000
T,2014,09,05,06,03,04
B,263698,29347,149,3447,159667,7328,154,3447,981.9,301.2
G,3122963,188041,137,3447,1838304,40475,123,3447,981.9,301.2
R,1275304,84121,5530,3447,753536,34658,5504,3447,981.9,301.2
D,NBXX,9999,6.073e-5,4.309e-5,2.644e-5,6.911e-6,5.557e-6,4.727e-6
Y,188194,981.9,301.2,297.0,72.9,13.1,5.7,0,0000
T,2014,09,05,06,08,04
B,264641,29428,153,3448,159702,6949,140,3447,981.9,301.2
G,3127256,190945,131,3448,1843603,40419,89,3447,981.9,301.2
R,1275661,84843,5526,3448,754773,34780,5543,3447,981.9,301.2
D,NBXX,9999,6.070e-5,4.394e-5,2.685e-5,5.710e-6,5.540e-6,4.779e-6
Y,188399,981.9,301.2,297.0,73.2,13.1,5.7,0,0000
T,2014,09,05,06,13,04
B,263924,29067,125,3447,160193,7129,131,3447,982.0,301.2
G,3123025,187364,117,3447,1839238,40282,102,3447,982.0,301.2
R,1277278,82971,5591,3447,753864,34449,5522,3447,982.0,301.2
D,NBXX,9999,5.996e-5,4.289e-5,2.560e-5,6.446e-6,5.511e-6,4.520e-6
Y,188198,982.0,301.2,297.0,72.8,13.1,5.7,0,0000
T,2014,09,05,06,18,04
B,264145,28940,155,3447,160367,7098,131,3448,982.1,301.2
G,3125300,186235,117,3447,1842901,39821,99,3448,982.1,301.2
R,1275170,82749,5567,3447,752997,34519,5424,3448,982.1,301.2
D,NBXX,9999,5.939e-5,4.249e-5,2.562e-5,6.220e-6,5.353e-6,4.668e-6
Y,188336,982.1,301.2,296.9,72.6,13.1,5.7,0,0000
T,2014,09,05,06,23,04
B,264066,29374,147,3447,159622,7109,145,3447,982.1,301.2
G,3126979,190431,141,3447,1831623,40100,105,3447,982.1,301.2
R,1274270,84592,5705,3447,749484,34943,5515,3447,982.1,301.2
D,NBXX,9999,6.073e-5,4.378e-5,2.664e-5,6.245e-6,5.427e-6,4.781e-6
Y,188437,982.1,301.2,297.0,72.6,13.1,5.7,0,0000
T,2014,09,05,06,28,04
B,264409,29216,139,3448,159798,7107,139,3447,982.1,301.2
G,3127483,188064,140,3448,1835712,40292,100,3447,982.1,301.2
R,1277326,83899,5402,3448,751325,34211,5491,3447,982.1,301.2
D,NBXX,9999,6.018e-5,4.302e-5,2.633e-5,6.268e-6,5.492e-6,4.535e-6
Y,188413,982.1,301.2,297.0,72.8,13.1,5.7,0,0000
T,2014,09,05,06,33,04
B,264593,29126,164,3447,159319,7081,135,3447,982.2,301.2
G,3123591,187485,119,3447,1835588,40193,93,3447,982.2,301.2
R,1274836,83601,5276,3447,751226,34689,5466,3447,982.2,301.2
D,NBXX,9999,5.976e-5,4.292e-5,2.634e-5,6.092e-6,5.483e-6,4.962e-6
Y,188232,982.2,301.2,296.9,72.6,13.1,5.7,0,0000
T,2014,09,05,06,38,04
B,264993,29123,150,3447,159318,7047,170,3448,982.2,301.2
G,3123649,188086,93,3447,1842878,39806,123,3448,982.2,301.2
R,1274407,83279,5575,3447,754483,34479,5397,3448,982.2,301.2
D,NBXX,9999,5.955e-5,4.311e-5,2.599e-5,5.875e-6,5.355e-6,4.665e-6
Y,188236,982.2,301.2,296.9,72.6,13.1,5.7,0,0000
T,2014,09,05,06,43,04
B,264630,29489,129,3447,160507,6992,113,3447,982.3,301.2
G,3125562,188755,124,3447,1846230,40303,87,3447,982.3,301.2
R,1273332,83824,5467,3447,756855,34540,5440,3447,982.3,301.2
D,NBXX,9999,6.107e-5,4.329e-5,2.641e-5,6.018e-6,5.510e-6,4.767e-6
Y,188352,982.3,301.2,296.9,72.6,13.1,5.7,0,0000
T,2014,09,05,06,48,04
B,264469,29413,142,3448,160550,7014,126,3447,982.3,301.2
G,3123292,188764,115,3448,1845987,40247,98,3447,982.3,301.2
R,1274170,84491,5455,3448,754041,34195,5471,3447,982.3,301.2
D,NBXX,9999,6.080e-5,4.333e-5,2.679e-5,6.012e-6,5.504e-6,4.534e-6
Y,188160,982.3,301.2,296.9,72.6,13.1,5.7,0,0000
T,2014,09,05,06,53,04
B,265158,29403,143,3447,160542,6944,151,3447,982.3,301.2
G,3126680,191025,99,3447,1854498,40301,86,3447,982.3,301.2
R,1275861,84500,5402,3447,760138,34387,5542,3447,982.3,301.2
D,NBXX,9999,6.044e-5,4.399e-5,2.672e-5,5.645e-6,5.514e-6,4.618e-6
Y,188419,982.3,301.2,296.9,72.4,13.1,5.7,0,0000
T,2014,09,05,06,58,04
B,265184,29886,112,3447,159970,6929,111,3447,982.3,301.2
G,3129005,191570,149,3447,1840748,40463,104,3447,982.3,301.2
R,1278640,84630,5351,3447,752069,34428,5433,3447,982.3,301.2
D,NBXX,9999,6.216e-5,4.409e-5,2.682e-5,5.849e-6,5.531e-6,4.729e-6
Y,188560,982.3,301.2,296.9,72.4,13.1,5.7,0,0000
T,2014,09,05,07,03,04
B,263826,30143,149,3447,160851,7111,150,3448,982.4,301.1
G,3128118,192692,109,3447,1847059,40727,124,3448,982.4,301.1
R,1275921,84741,5489,3447,757234,35059,5490,3448,982.4,301.1
D,NBXX,9999,6.313e-5,4.447e-5,2.684e-5,6.225e-6,5.622e-6,5.004e-6
Y,188506,982.4,301.1,296.9,72.3,13.1,5.7,0,0000
T,2014,09,05,07,08,04
B,264739,29731,158,3447,159042,6993,139,3447,982.4,301.1
G,3125751,192347,111,3447,1822890,40302,91,3447,982.4,301.1
R,1274231,83985,5432,3447,747572,34861,5371,3447,982.4,301.1
D,NBXX,9999,6.156e-5,4.442e-5,2.656e-5,5.803e-6,5.512e-6,5.032e-6
Y,188363,982.4,301.1,296.9,72.3,13.0,5.7,0,0000
T,2014,09,05,07,13,04
B,264306,30274,177,3448,160292,7036,157,3447,982.5,301.1
G,3123039,193705,108,3448,1837954,40572,89,3447,982.5,301.1
R,1272626,85509,5448,3448,751465,34671,5277,3447,982.5,301.1
D,NBXX,9999,6.325e-5,4.491e-5,2.762e-5,5.843e-6,5.614e-6,4.993e-6
Y,188144,982.5,301.1,296.9,72.3,13.1,5.7,0,0000
T,2014,09,05,07,18,04
B,264619,30326,122,3447,160087,7078,155,3447,982.5,301.1
G,3119951,196315,120,3447,1833053,41327,106,3447,982.5,301.1
R,1273896,86708,5509,3447,752599,35065,5446,3447,982.5,301.1
D,NBXX,9999,6.350e-5,4.578e-5,2.816e-5,6.145e-6,5.851e-6,5.053e-6
Y,188012,982.5,301.1,296.8,72.4,13.1,5.7,0,0000
T,2014,09,05,07,23,04
B,265261,30550,151,3447,158302,7092,162,3448,982.5,301.1
G,3121262,197308,111,3447,1833241,41158,112,3448,982.5,301.1
R,1273449,85974,5593,3447,751517,34713,5530,3448,982.5,301.1
D,NBXX,9999,6.384e-5,4.607e-5,2.760e-5,6.004e-6,5.790e-6,4.712e-6
Y,188092,982.5,301.1,296.8,72.4,13.1,5.7,0,0000
T,2014,09,05,07,28,04
B,262551,29973,152,3422,158215,7010,135,3422,982.5,301.1
G,3102733,193687,153,3422,1820673,40632,135,3422,982.5,301.1
R,1265383,84907,5361,3422,745139,34332,5311,3422,982.5,301.1
D,NBXX,9999,6.309e-5,4.527e-5,2.754e-5,6.062e-6,5.679e-6,4.893e-6
Y,188342,982.5,301.1,296.8,72.3,13.1,5.7,0,0008
T,2014,09,05,07,33,04
B,263646,29739,127,3448,158279,7027,140,3447,982.6,301.1
G,3129066,192286,121,3448,1835649,40731,85,3447,982.6,301.1
R,1274284,84299,5259,3448,751715,34461,5416,3447,982.6,301.1
D,NBXX,9999,6.206e-5,4.434e-5,2.684e-5,6.107e-6,5.636e-6,4.880e-6
Y,188509,982.6,301.1,296.8,72.3,13.1,5.7,0,0000
T,2014,09,05,07,38,04
B,264004,29781,177,3447,158664,7150,156,3447,982.6,301.1
G,3119603,191004,139,3447,1835618,40936,104,3447,982.6,301.1
R,1273405,84499,5444,3447,751230,34639,5381,3447,982.6,301.1
D,NBXX,9999,6.184e-5,4.410e-5,2.689e-5,6.216e-6,5.723e-6,4.887e-6
Y,187991,982.6,301.1,296.8,72.4,13.1,5.7,0,0000
T,2014,09,05,07,43,04
B,264128,29939,136,3447,159584,7253,125,3448,982.7,301.0
G,3122168,194842,110,3447,1838665,41159,93,3448,982.7,301.0
R,1274564,85850,5331,3447,752350,34840,5500,3448,982.7,301.0
D,NBXX,9999,6.250e-5,4.528e-5,2.769e-5,6.760e-6,5.794e-6,4.990e-6
Y,188146,982.7,301.0,296.8,72.4,13.1,5.7,0,0000
T,2014,09,05,07,48,04
B,264625,31721,142,3447,159838,7686,132,3447,982.7,301.0
G,3124057,204837,126,3447,1835101,43912,73,3447,982.7,301.0
R,1273277,89251,5466,3447,750341,35292,5358,3447,982.7,301.0
D,NBXX,9999,6.777e-5,4.840e-5,2.986e-5,8.012e-6,6.661e-6,5.296e-6
Y,188261,982.7,301.0,296.7,72.4,13.1,5.7,0,0000
T,2014,09,05,07,53,04
B,263311,31237,135,3448,159576,7321,153,3447,982.7,301.0
G,3127845,201952,128,3448,1841745,42811,79,3447,982.7,301.0
R,1276795,87569,5356,3448,752561,35380,5410,3447,982.7,301.0
D,NBXX,9999,6.671e-5,4.741e-5,2.872e-5,6.953e-6,6.298e-6,5.358e-6
Y,188435,982.7,301.0,296.7,72.4,13.1,5.7,0,0000
T,2014,09,05,07,58,04
B,263949,30102,136,3447,159371,7196,157,3447,982.7,301.0
G,3120372,193680,132,3447,1835727,41729,91,3447,982.7,301.0
R,1272179,85214,5289,3447,751882,34607,5374,3447,982.7,301.0
D,NBXX,9999,6.296e-5,4.494e-5,2.750e-5,6.491e-6,5.978e-6,4.997e-6
Y,188038,982.7,301.0,296.7,72.9,13.1,5.7,0,0000
T,2014,09,05,08,03,04
B,264707,30114,127,3447,159106,7102,121,3448,982.6,300.9
G,3128902,193698,124,3447,1841933,41312,103,3448,982.6,300.9
R,1278518,85025,5343,3447,754833,34654,5352,3448,982.6,300.9
D,NBXX,9999,6.291e-5,4.478e-5,2.710e-5,6.309e-6,5.805e-6,4.916e-6
Y,188554,982.6,300.9,296.7,73.1,13.1,5.7,0,0000
T,2014,09,05,08,08,04
B,263729,30368,121,3447,160078,7350,133,3447,982.6,300.9
G,3123114,198286,107,3447,1841965,41948,115,3447,982.6,300.9
R,1273537,88559,5328,3447,753410,35171,5241,3447,982.6,300.9
D,NBXX,9999,6.402e-5,4.634e-5,2.957e-5,7.137e-6,6.036e-6,5.388e-6
Y,188204,982.6,300.9,296.6,73.1,13.1,5.7,0,0000
T,2014,09,05,08,13,04
B,264491,29941,169,3448,159532,7129,124,3447,982.6,300.9
G,3123924,195272,98,3448,1839226,41486,100,3447,982.6,300.9
R,1273635,86853,5243,3448,752255,34217,5448,3447,982.6,300.9
D,NBXX,9999,6.230e-5,4.538e-5,2.842e-5,6.262e-6,5.899e-6,4.710e-6
Y,188198,982.6,300.9,296.6,73.1,13.1,5.7,0,0000
T,2014,09,05,08,18,04
B,263112,29494,143,3447,158586,7073,148,3447,982.6,300.9
G,3127449,189085,118,3447,1836958,40425,138,3447,982.6,300.9
R,1275227,84209,5320,3447,750452,34207,5218,3447,982.6,300.9
D,NBXX,9999,6.140e-5,4.334e-5,2.682e-5,6.199e-6,5.524e-6,4.792e-6
Y,188466,982.6,300.9,296.6,73.1,13.1,5.7,0,0000
T,2014,09,05,08,23,04
B,263219,28864,178,3447,159796,7132,108,3448,982.6,300.9
G,3122202,185763,140,3447,1842421,40149,107,3448,982.6,300.9
R,1273178,83009,5259,3447,754087,34022,5272,3448,982.6,300.9
D,NBXX,9999,5.944e-5,4.239e-5,2.616e-5,6.384e-6,5.458e-6,4.699e-6
Y,188148,982.6,300.9,296.6,73.2,13.1,5.7,0,0000
T,2014,09,05,08,28,04
B,263990,117450,134,3447,159217,16734,119,3447,982.7,300.8
G,3124986,1041610,131,3447,1839943,130937,75,3447,982.7,300.8
R,1274182,481376,5339,3447,748925,80947,5255,3447,982.7,300.8
D,NBXX,9999,3.324e-4,3.128e-4,2.739e-4,3.602e-5,3.414e-5,3.384e-5
Y,188317,982.7,300.8,296.6,73.4,13.1,5.7,0,0000
T,2014,09,05,08,33,04
B,262647,29883,157,3448,159142,7123,115,3447,982.7,300.8
G,3127506,196007,132,3448,1843348,41152,102,3447,982.7,300.8
R,1274403,87160,5303,3448,749904,34384,5197,3447,982.7,300.8
D,NBXX,9999,6.278e-5,4.553e-5,2.871e-5,6.438e-6,5.765e-6,4.944e-6
Y,188414,982.7,300.8,296.6,73.4,13.1,5.7,0,0000
T,2014,09,05,08,38,04
B,263843,30236,138,3447,159718,7237,128,3447,982.8,300.8
G,3122997,197253,82,3447,1840423,41661,91,3447,982.8,300.8
R,1273443,87014,5285,3447,753252,34198,5234,3447,982.8,300.8
D,NBXX,9999,6.347e-5,4.604e-5,2.865e-5,6.709e-6,5.964e-6,4.820e-6
Y,188197,982.8,300.8,296.6,73.7,13.1,5.7,0,0000
T,2014,09,05,08,43,04
B,264005,29867,147,3447,159573,7158,126,3448,982.8,300.8
G,3125277,196999,126,3447,1841574,41411,112,3448,982.8,300.8
R,1272690,87528,5295,3447,751914,34370,5140,3448,982.8,300.8
D,NBXX,9999,6.226e-5,4.589e-5,2.906e-5,6.421e-6,5.847e-6,4.991e-6
Y,188334,982.8,300.8,296.6,73.9,13.1,5.7,0,0000
T,2014,09,05,08,48,04
B,263836,29796,146,3447,159092,7102,106,3447,982.8,300.8
G,3126526,194230,135,3447,1841067,41010,95,3447,982.8,300.8
R,1272808,86410,5057,3447,752326,33955,5152,3447,982.8,300.8
D,NBXX,9999,6.217e-5,4.499e-5,2.852e-5,6.343e-6,5.722e-6,4.899e-6
Y,188410,982.8,300.8,296.5,74.2,13.1,5.7,0,0000
T,2014,09,05,08,53,04
B,265049,29145,145,3448,160573,7002,115,3447,982.8,300.8
G,3127951,188692,131,3448,1845933,40614,99,3447,982.8,300.8
R,1274732,85388,5160,3448,753783,33962,5229,3447,982.8,300.8
D,NBXX,9999,5.972e-5,4.321e-5,2.768e-5,5.917e-6,5.595e-6,4.758e-6
Y,188441,982.8,300.8,296.5,74.4,13.1,5.7,0,0000
T,2014,09,05,08,58,04
B,264510,27609,98,3447,159434,6946,117,3447,982.8,300.8
G,3127280,177506,116,3447,1834654,39426,113,3447,982.8,300.8
R,1275084,81353,5094,3447,749510,33489,4993,3447,982.8,300.8
D,NBXX,9999,5.533e-5,3.970e-5,2.538e-5,5.941e-6,5.219e-6,4.673e-6
Y,188456,982.8,300.8,296.6,74.4,13.1,5.7,0,0000
T,2014,09,05,09,03,04
B,263112,27137,128,3447,159615,6896,136,3448,982.9,300.8
G,3131788,174339,140,3447,1840033,38818,88,3448,982.9,300.8
R,1273498,80202,5147,3447,752200,32785,5079,3448,982.9,300.8
D,NBXX,9999,5.415e-5,3.862e-5,2.461e-5,5.714e-6,5.007e-6,4.146e-6
Y,188728,982.9,300.8,296.6,74.4,13.1,5.7,0,0000
T,2014,09,05,09,08,04
B,263858,26562,122,3447,160193,6866,139,3447,982.9,300.8
G,3125757,169840,121,3447,1845444,38100,96,3447,982.9,300.8
R,1273482,78948,5079,3447,752464,33273,5028,3447,982.9,300.8
D,NBXX,9999,5.215e-5,3.731e-5,2.392e-5,5.581e-6,4.811e-6,4.541e-6
Y,188364,982.9,300.8,296.6,74.7,13.1,5.7,0,0000
T,2014,09,05,09,13,04
B,264216,26518,113,3447,159657,6697,118,3447,982.9,300.8
G,3127755,170205,112,3447,1839169,38621,92,3447,982.9,300.8
R,1272822,79242,5154,3447,750696,32986,5206,3447,982.9,300.8
D,NBXX,9999,5.201e-5,3.739e-5,2.394e-5,5.140e-6,4.973e-6,4.187e-6
Y,188484,982.9,300.8,296.6,74.7,13.1,5.7,0,0000
T,2014,09,05,09,18,04
B,263929,26791,150,3448,159486,6994,141,3447,983.0,300.8
G,3127249,173077,104,3448,1837637,39009,79,3447,983.0,300.8
R,1271733,80361,5053,3448,749699,33482,5097,3447,983.0,300.8
D,NBXX,9999,5.273e-5,3.832e-5,2.483e-5,5.869e-6,5.108e-6,4.664e-6
Y,188399,983.0,300.8,296.6,74.9,13.1,5.7,0,0000
T,2014,09,05,09,23,04
B,264380,25738,134,3447,158919,6656,159,3447,983.1,300.8
G,3127201,165400,111,3447,1839152,37428,91,3447,983.1,300.8
R,1271308,76538,5032,3447,751175,32554,5179,3447,983.1,300.8
D,NBXX,9999,4.934e-5,3.589e-5,2.241e-5,4.780e-6,4.599e-6,4.041e-6
Y,188451,983.1,300.8,296.7,75.0,13.0,5.7,0,0000
T,2014,09,05,09,28,04
B,264037,25239,112,3447,160065,6623,106,3448,983.1,300.9
G,3133050,160821,97,3447,1846130,37713,71,3448,983.1,300.9
R,1273231,76564,5092,3447,753000,32668,5211,3448,983.1,300.9
D,NBXX,9999,4.820e-5,3.436e-5,2.230e-5,4.980e-6,4.676e-6,4.021e-6
Y,188805,983.1,300.9,296.7,74.9,13.1,5.7,0,0000
T,2014,09,05,09,33,04
B,265376,25146,147,3447,160382,6905,121,3447,983.1,300.9
G,3131131,165432,97,3447,1846850,38311,73,3447,983.1,300.9
R,1272142,78572,5104,3447,753923,33290,5181,3447,983.1,300.9
D,NBXX,9999,4.735e-5,3.584e-5,2.360e-5,5.574e-6,4.874e-6,4.437e-6
Y,188689,983.1,300.9,296.7,75.2,13.1,5.7,0,0000
T,2014,09,05,09,38,04
B,263620,25432,122,3448,159819,6761,130,3447,983.1,300.9
G,3135333,168339,108,3448,1843053,38636,93,3447,983.1,300.9
R,1274557,81512,4994,3448,754092,32683,5149,3447,983.1,300.9
D,NBXX,9999,4.879e-5,3.668e-5,2.545e-5,5.327e-6,4.953e-6,4.142e-6
Y,188888,983.1,300.9,296.8,74.9,13.1,5.7,0,0000
T,2014,09,05,09,43,04
B,264292,25264,133,3447,160284,6720,115,3447,983.2,301.0
G,3128240,168126,100,3447,1843453,38388,93,3447,983.2,301.0
R,1272302,80659,5176,3447,753154,33304,5181,3447,983.2,301.0
D,NBXX,9999,4.809e-5,3.673e-5,2.487e-5,5.158e-6,4.901e-6,4.406e-6
Y,188514,983.2,301.0,296.8,74.7,13.1,5.7,0,0000
T,2014,09,05,09,48,04
B,264389,25999,128,3447,159263,6845,139,3448,983.2,301.0
G,3128877,173514,118,3447,1842514,39434,80,3448,983.2,301.0
R,1274056,83512,5068,3447,750177,33333,5117,3448,983.2,301.0
D,NBXX,9999,5.026e-5,3.842e-5,2.671e-5,5.462e-6,5.223e-6,4.525e-6
Y,188552,983.2,301.0,296.9,74.7,13.1,5.7,0,0000
T,2014,09,05,09,53,04
B,264407,25885,132,3447,159720,6760,134,3447,983.2,301.0
G,3133101,170475,103,3447,1843127,38860,107,3447,983.2,301.0
R,1273561,81341,5271,3447,751359,33466,5212,3447,983.2,301.0
D,NBXX,9999,4.991e-5,3.738e-5,2.516e-5,5.208e-6,5.025e-6,4.402e-6
Y,188808,983.2,301.0,296.9,75.0,13.1,5.7,0,0000
T,2014,09,05,09,58,04
B,264703,24806,117,3448,159759,6707,126,3447,983.2,301.1
G,3133900,163707,100,3448,1843030,38181,96,3447,983.2,301.1
R,1276830,78379,5269,3448,754669,32771,5233,3447,983.2,301.1
D,NBXX,9999,4.658e-5,3.524e-5,2.320e-5,5.111e-6,4.817e-6,3.928e-6
Y,188801,983.2,301.1,297.0,74.7,13.1,5.7,0,0000
T,2014,09,05,10,03,04
B,264454,24329,157,3447,160400,6450,135,3447,983.3,301.1
G,3132644,156859,104,3447,1842136,37619,95,3447,983.3,301.1
R,1274930,76577,5162,3447,752630,32516,5204,3447,983.3,301.1
D,NBXX,9999,4.501e-5,3.310e-5,2.224e-5,4.158e-6,4.640e-6,3.882e-6
Y,188780,983.3,301.1,297.0,74.7,13.1,5.7,0,0000
T,2014,09,05,10,08,04
B,264038,23798,150,3447,160500,6503,125,3448,983.2,301.2
G,3130898,153122,128,3447,1855878,37187,108,3448,983.2,301.2
R,1272734,75244,5225,3447,759082,32488,5387,3448,983.2,301.2
D,NBXX,9999,4.358e-5,3.194e-5,2.130e-5,4.420e-6,4.493e-6,3.704e-6
Y,188674,983.2,301.2,297.0,74.9,13.1,5.7,0,0000
T,2014,09,05,10,13,04
B,264462,23201,120,3447,159832,6653,128,3447,983.2,301.2
G,3127422,149732,105,3447,1847949,36823,112,3447,983.2,301.2
R,1273790,73663,5190,3447,754126,32122,5181,3447,983.2,301.2
D,NBXX,9999,4.172e-5,3.093e-5,2.046e-5,4.953e-6,4.402e-6,3.644e-6
Y,188464,983.2,301.2,297.0,74.7,13.1,5.7,0,0000
T,2014,09,05,10,18,04
B,264286,22172,152,3448,160375,6422,106,3447,983.2,301.2
G,3126621,143107,108,3448,1846895,36026,102,3447,983.2,301.2
R,1274888,72190,5256,3448,754717,32422,5251,3447,983.2,301.2
D,NBXX,9999,3.856e-5,2.885e-5,1.941e-5,4.224e-6,4.159e-6,3.727e-6
Y,188361,983.2,301.2,297.1,74.5,13.1,5.7,0,0000
T,2014,09,05,10,23,04
B,265306,22008,160,3447,159752,6389,148,3447,983.2,301.2
G,3125286,140832,71,3447,1839255,35772,111,3447,983.2,301.2
R,1272777,71899,5313,3447,752749,31947,5360,3447,983.2,301.2
D,NBXX,9999,3.763e-5,2.816e-5,1.917e-5,3.867e-6,4.090e-6,3.327e-6
Y,188335,983.2,301.2,297.1,74.5,13.1,5.7,0,0000
T,2014,09,05,10,28,04
B,265188,22379,126,3447,159777,6637,119,3448,983.2,301.2
G,3126062,141114,120,3447,1840475,35643,94,3448,983.2,301.2
R,1275561,72608,5379,3447,754264,32114,5314,3448,983.2,301.2
D,NBXX,9999,3.902e-5,2.823e-5,1.952e-5,4.855e-6,4.032e-6,3.385e-6
Y,188382,983.2,301.2,297.1,74.4,13.1,5.7,0,0000
T,2014,09,05,10,33,04
B,264342,22106,141,3447,160446,6427,146,3447,983.2,301.2
G,3130589,140921,118,3447,1843364,35515,143,3447,983.2,301.2
R,1272423,71065,5481,3447,754267,32401,5330,3447,983.2,301.2
D,NBXX,9999,3.824e-5,2.809e-5,1.857e-5,4.127e-6,3.961e-6,3.513e-6
Y,188656,983.2,301.2,297.1,74.4,13.1,5.7,0,0000
T,2014,09,05,10,38,04
B,265810,21942,131,3448,159027,6469,140,3447,983.1,301.2
G,3128399,141168,122,3448,1841410,36221,94,3447,983.1,301.2
R,1276419,71908,5223,3448,753263,32074,5401,3447,983.1,301.2
D,NBXX,9999,3.743e-5,2.821e-5,1.911e-5,4.214e-6,4.212e-6,3.411e-6
Y,188468,983.1,301.2,297.1,74.4,13.1,5.7,0,0000
T,2014,09,05,10,43,04
B,263964,21012,127,3447,159941,6196,154,3447,983.1,301.2
G,3125731,130515,121,3447,1845109,34670,119,3447,983.1,301.2
R,1273897,67340,5500,3447,754612,31329,5520,3447,983.1,301.2
D,NBXX,9999,3.499e-5,2.488e-5,1.606e-5,3.463e-6,3.719e-6,2.681e-6
Y,188362,983.1,301.2,297.1,73.9,13.1,5.7,0,0000
T,2014,09,05,10,48,04
B,264333,19946,135,3447,160011,6134,122,3448,983.0,301.2
G,3127795,125687,86,3447,1838521,33670,117,3448,983.0,301.2
R,1275257,65395,5433,3447,753269,31420,5485,3448,983.0,301.2
D,NBXX,9999,3.170e-5,2.334e-5,1.488e-5,3.327e-6,3.407e-6,2.794e-6
Y,188487,983.0,301.2,297.1,73.6,13.1,5.7,0,0000
T,2014,09,05,10,53,04
B,263616,19601,142,3447,159745,6143,139,3447,983.1,301.3
G,3124457,120654,127,3447,1842574,32736,107,3447,983.1,301.3
R,1273104,64071,5474,3447,755578,31069,5446,3447,983.1,301.3
D,NBXX,9999,3.072e-5,2.181e-5,1.411e-5,3.323e-6,3.128e-6,2.598e-6
Y,188285,983.1,301.3,297.2,73.2,13.1,5.7,0,0000
T,2014,09,05,10,58,04
B,265199,19674,173,3448,159648,6241,142,3447,983.1,301.3
G,3128718,121595,104,3448,1841373,33490,101,3447,983.1,301.3
R,1275365,63793,5435,3448,753336,31119,5419,3447,983.1,301.3
D,NBXX,9999,3.046e-5,2.206e-5,1.393e-5,3.401e-6,3.366e-6,2.661e-6
Y,188488,983.1,301.3,297.2,73.7,13.1,5.7,0,0000
T,2014,09,05,11,03,04
B,264635,19383,128,3447,159378,6166,136,3447,983.1,301.4
G,3127600,120604,119,3447,1838922,33091,95,3447,983.1,301.4
R,1276343,63789,5480,3447,752616,30993,5459,3447,983.1,301.4
D,NBXX,9999,2.988e-5,2.176e-5,1.384e-5,3.385e-6,3.237e-6,2.508e-6
Y,188475,983.1,301.4,297.3,73.4,13.1,5.7,0,0000
T,2014,09,05,11,08,04
B,264022,18904,170,3447,159369,6222,131,3448,983.1,301.4
G,3126332,116034,122,3447,1840941,32738,111,3448,983.1,301.4
R,1274695,62631,5512,3447,754545,30987,5445,3448,983.1,301.4
D,NBXX,9999,2.840e-5,2.033e-5,1.315e-5,3.462e-6,3.120e-6,2.502e-6
Y,188398,983.1,301.4,297.3,72.9,13.1,5.7,0,0000
T,2014,09,05,11,13,04
B,263669,17670,123,3447,160564,5952,122,3447,983.1,301.5
G,3126341,109804,141,3447,1842253,31316,95,3447,983.1,301.5
R,1275090,61069,5412,3447,752960,30975,5520,3447,983.1,301.5
D,NBXX,9999,2.487e-5,1.836e-5,1.219e-5,2.859e-6,2.673e-6,2.513e-6
Y,188399,983.1,301.5,297.4,72.6,13.1,5.7,0,0000
T,2014,09,05,11,18,04
B,264217,17436,136,3447,160121,6067,147,3447,983.0,301.5
G,3124323,104060,141,3447,1845363,31160,93,3447,983.0,301.5
R,1276221,59547,5626,3447,754879,30391,5715,3447,983.0,301.5
D,NBXX,9999,2.390e-5,1.657e-5,1.092e-5,3.041e-6,2.631e-6,1.845e-6
Y,188277,983.0,301.5,297.5,71.9,13.1,5.7,0,0000
T,2014,09,05,11,23,04
B,263921,18022,159,3448,160083,6056,151,3447,983.0,301.6
G,3131453,110148,125,3448,1841385,31486,101,3447,983.0,301.6
R,1275383,61483,5673,3448,754453,31109,5627,3447,983.0,301.6
D,NBXX,9999,2.570e-5,1.841e-5,1.217e-5,2.949e-6,2.717e-6,2.333e-6
Y,188653,983.0,301.6,297.5,72.3,13.1,5.7,0,0000
T,2014,09,05,11,28,04
B,263571,18422,127,3447,160337,5968,138,3447,983.0,301.6
G,3128030,112584,111,3447,1836456,32111,95,3447,983.0,301.6
R,1277494,62880,5596,3447,753712,31524,5709,3447,983.0,301.6
D,NBXX,9999,2.717e-5,1.923e-5,1.299e-5,2.857e-6,2.930e-6,2.564e-6
Y,188501,983.0,301.6,297.6,71.9,13.1,5.7,0,0000
T,2014,09,05,11,33,04
B,264609,18494,124,3447,159968,6072,129,3448,983.0,301.7
G,3125930,112206,125,3447,1839205,32692,106,3448,983.0,301.7
R,1276959,62662,5754,3447,753917,31396,5837,3448,983.0,301.7
D,NBXX,9999,2.721e-5,1.912e-5,1.266e-5,3.145e-6,3.108e-6,2.278e-6
Y,188374,983.0,301.7,297.6,71.0,13.1,5.7,0,0000
T,2014,09,05,11,38,04
B,264304,18334,174,3447,159657,5980,167,3447,982.9,301.7
G,3121519,110737,103,3447,1837751,32352,119,3447,982.9,301.7
R,1277154,61498,5683,3447,753384,31218,5704,3447,982.9,301.7
D,NBXX,9999,2.647e-5,1.871e-5,1.208e-5,2.574e-6,3.021e-6,2.318e-6
Y,188107,982.9,301.7,297.7,70.5,13.1,5.7,0,0000
T,2014,09,05,11,43,04
B,263850,18531,168,3448,159504,6065,143,3447,982.9,301.8
G,3127422,114932,119,3448,1840213,32887,114,3447,982.9,301.8
R,1276612,62856,5693,3448,755531,31937,5681,3447,982.9,301.8
D,NBXX,9999,2.728e-5,1.997e-5,1.294e-5,2.978e-6,3.170e-6,2.783e-6
Y,188409,982.9,301.8,297.7,71.3,13.1,5.7,0,0000
T,2014,09,05,11,48,04
B,263877,18644,141,3447,159569,6244,160,3447,982.9,301.8
G,3124411,113150,102,3447,1836749,32663,96,3447,982.9,301.8
R,1277694,62068,5857,3447,754086,31794,5831,3447,982.9,301.8
D,NBXX,9999,2.766e-5,1.945e-5,1.220e-5,3.559e-6,3.119e-6,2.453e-6
Y,188282,982.9,301.8,297.8,70.3,13.1,5.7,0,0000
T,2014,09,05,11,53,04
B,263576,19497,156,3447,159714,6354,159,3448,982.9,301.9
G,3126369,120435,128,3447,1842805,33577,122,3448,982.9,301.9
R,1279561,65423,6025,3447,756734,32534,5847,3448,982.9,301.9
D,NBXX,9999,3.034e-5,2.171e-5,1.411e-5,3.878e-6,3.379e-6,2.758e-6
Y,188401,982.9,301.9,297.8,69.8,13.1,5.7,0,0000
T,2014,09,05,11,58,04
B,265231,18263,165,3447,160711,6014,119,3447,982.8,301.9
G,3124730,110865,135,3447,1840021,32570,100,3447,982.8,301.9
R,1277830,61965,6030,3447,755367,32231,5913,3447,982.8,301.9
D,NBXX,9999,2.629e-5,1.871e-5,1.195e-5,2.835e-6,3.075e-6,2.539e-6
Y,188301,982.8,301.9,297.9,68.9,13.1,5.7,0,0000
T,2014,09,05,12,03,04
B,264756,18125,175,3448,159546,6279,171,3447,982.8,302.0
G,3124796,107870,118,3448,1841606,32069,124,3447,982.8,302.0
R,1278933,61586,5939,3448,756589,32042,6073,3447,982.8,302.0
D,NBXX,9999,2.575e-5,1.779e-5,1.164e-5,3.465e-6,2.930e-6,2.367e-6
Y,188251,982.8,302.0,297.9,69.0,13.1,5.7,0,0000
T,2014,09,05,12,08,04
B,263483,17942,161,3447,159081,6218,128,3447,982.7,302.0
G,3126377,107982,113,3447,1834367,32479,139,3447,982.7,302.0
R,1278886,62359,6136,3447,755289,32218,5971,3447,982.7,302.0
D,NBXX,9999,2.565e-5,1.780e-5,1.206e-5,3.563e-6,3.047e-6,2.404e-6
Y,188401,982.7,302.0,298.0,68.4,13.1,5.7,0,0000
T,2014,09,05,12,13,04
B,265123,17977,169,3447,159295,6018,127,3448,982.7,302.1
G,3124153,108918,118,3447,1837727,32314,108,3448,982.7,302.1
R,1279754,61351,6029,3447,753943,32584,6177,3448,982.7,302.1
D,NBXX,9999,2.539e-5,1.813e-5,1.134e-5,2.806e-6,3.009e-6,2.547e-6
Y,188266,982.7,302.1,298.0,68.7,13.1,5.7,0,0000
T,2014,09,05,12,18,04
B,263833,17704,165,3447,160086,6118,150,3447,982.7,302.1
G,3122860,107795,146,3447,1836119,32237,118,3447,982.7,302.1
R,1281236,61501,6250,3447,754985,32423,6128,3447,982.7,302.1
D,NBXX,9999,2.475e-5,1.778e-5,1.128e-5,3.137e-6,2.978e-6,2.315e-6
Y,188188,982.7,302.1,298.1,68.0,13.1,5.7,0,0000
T,2014,09,05,12,23,04
B,263896,17414,196,3448,159484,5974,115,3447,982.7,302.2
G,3122085,105668,100,3448,1834237,31869,135,3447,982.7,302.2
R,1277506,61244,6293,3448,755174,32557,6107,3447,982.7,302.2
D,NBXX,9999,2.388e-5,1.713e-5,1.119e-5,2.722e-6,2.878e-6,2.420e-6
Y,188087,982.7,302.2,298.1,68.2,13.1,5.7,0,0000
T,2014,09,05,12,28,04
B,264369,17035,180,3447,159313,6056,148,3447,982.6,302.2
G,3117073,103043,136,3447,1838534,31640,123,3447,982.6,302.2
R,1280345,60179,6223,3447,757844,32719,6326,3447,982.6,302.2
D,NBXX,9999,2.256e-5,1.634e-5,1.036e-5,2.878e-6,2.810e-6,2.383e-6
Y,187838,982.6,302.2,298.1,68.2,13.1,5.7,0,0000
T,2014,09,05,12,33,04
B,263945,17128,126,3447,159205,6104,176,3448,982.6,302.2
G,3120501,102078,115,3447,1836157,31888,138,3448,982.6,302.2
R,1280100,60135,6304,3447,754510,32729,6213,3448,982.6,302.2
D,NBXX,9999,2.302e-5,1.600e-5,1.036e-5,3.141e-6,2.876e-6,2.410e-6
Y,188046,982.6,302.2,298.2,66.7,13.1,5.7,0,0000
T,2014,09,05,12,38,04
B,245684,15750,162,3211,147729,5605,173,3211,982.6,302.3
G,2906772,93420,107,3211,1708596,29094,117,3211,982.6,302.3
R,1194408,55926,5694,3211,702008,30231,5951,3211,982.6,302.3
D,NBXX,9999,2.218e-5,1.544e-5,1.026e-5,2.685e-6,2.677e-6,2.237e-6
Y,188040,982.6,302.3,298.2,66.3,13.1,5.7,0,0008
T,2014,09,05,12,43,05
B,258889,16378,141,3391,157484,5879,155,3391,982.5,302.3
G,3070555,98933,143,3391,1817263,30682,113,3391,982.5,302.3
R,1259655,59024,6339,3391,747142,31979,6244,3391,982.5,302.3
D,NBXX,9999,2.172e-5,1.551e-5,1.007e-5,2.821e-6,2.653e-6,2.077e-6
Y,188092,982.5,302.3,298.2,66.4,13.1,5.7,0,0008
T,2014,09,05,12,48,04
B,264078,17058,148,3447,160284,6072,173,3447,982.5,302.3
G,3117732,102009,134,3447,1843246,31347,130,3447,982.5,302.3
R,1282140,60434,6477,3447,759924,32982,6373,3447,982.5,302.3
D,NBXX,9999,2.274e-5,1.600e-5,1.026e-5,2.985e-6,2.713e-6,2.314e-6
Y,187878,982.5,302.3,298.3,66.3,13.1,5.7,0,0000
T,2014,09,05,12,53,05
B,264002,16845,160,3447,159822,5976,139,3448,982.4,302.4
G,3123756,101922,133,3447,1838004,31647,130,3448,982.4,302.4
R,1281091,60248,6515,3447,757677,33233,6514,3448,982.4,302.4
D,NBXX,9999,2.218e-5,1.591e-5,1.004e-5,2.767e-6,2.786e-6,2.345e-6
Y,188242,982.4,302.4,298.3,65.9,13.1,5.7,0,0000
T,2014,09,05,12,58,04
B,265639,17165,152,3447,160155,6127,163,3447,982.3,302.4
G,3121203,104013,134,3447,1836849,31640,108,3447,982.3,302.4
R,1281570,60972,6418,3447,758983,32976,6595,3447,982.3,302.4
D,NBXX,9999,2.279e-5,1.661e-5,1.049e-5,3.072e-6,2.803e-6,2.198e-6
Y,188088,982.3,302.4,298.4,65.9,13.1,5.7,0,0000
T,2014,09,05,13,03,05
B,263315,17269,183,3448,160238,6050,161,3447,982.3,302.4
G,3119870,102715,141,3448,1831924,31706,149,3447,982.3,302.4
R,1281236,60177,6530,3448,757405,33150,6666,3447,982.3,302.4
D,NBXX,9999,2.346e-5,1.619e-5,9.876e-6,2.891e-6,2.813e-6,2.181e-6
Y,187953,982.3,302.4,298.4,65.6,13.1,5.7,0,0000
T,2014,09,05,13,08,04
B,264092,17113,180,3447,160462,6019,191,3447,982.2,302.5
G,3118738,102161,137,3447,1837562,31817,148,3447,982.2,302.5
R,1280265,61124,6528,3447,759218,33438,6482,3447,982.2,302.5
D,NBXX,9999,2.276e-5,1.603e-5,1.061e-5,2.656e-6,2.851e-6,2.498e-6
Y,187939,982.2,302.5,298.4,65.0,13.1,5.7,0,0000
T,2014,09,05,13,13,05
B,264056,18440,163,3447,160059,6287,166,3448,982.1,302.5
G,3118895,113771,134,3447,1839014,33193,96,3448,982.1,302.5
R,1280069,64451,6738,3447,758817,33628,6580,3448,982.1,302.5
D,NBXX,9999,2.700e-5,1.973e-5,1.246e-5,3.629e-6,3.303e-6,2.391e-6
Y,187948,982.1,302.5,298.5,65.1,13.1,5.7,0,0000
T,2014,09,05,13,18,05
B,264573,16404,171,3447,159153,6119,191,3447,982.1,302.5
G,3116782,97739,130,3447,1837126,31155,120,3447,982.1,302.5
R,1283862,59717,6651,3447,759378,33239,6631,3447,982.1,302.5
D,NBXX,9999,2.051e-5,1.467e-5,9.475e-6,2.964e-6,2.660e-6,2.147e-6
Y,187821,982.1,302.5,298.5,63.8,13.1,5.7,0,0000
T,2014,09,05,13,23,05
B,264214,17152,170,3448,160854,6037,197,3447,982.1,302.6
G,3123521,101005,145,3448,1837452,32005,117,3447,982.1,302.6
R,1284968,61461,6959,3448,757631,33427,6825,3447,982.1,302.6
D,NBXX,9999,2.287e-5,1.563e-5,1.016e-5,2.723e-6,2.906e-6,1.898e-6
Y,188173,982.1,302.6,298.5,64.6,13.1,5.7,0,0000
T,2014,09,05,13,28,05
B,265070,16889,159,3447,158951,6099,170,3447,982.0,302.6
G,3116065,100171,159,3447,1837067,31512,108,3447,982.0,302.6
R,1283014,60901,6577,3447,757124,33610,6725,3447,982.0,302.6
D,NBXX,9999,2.203e-5,1.544e-5,1.021e-5,2.987e-6,2.769e-6,2.370e-6
Y,187777,982.0,302.6,298.5,63.8,13.1,5.7,0,0000
T,2014,09,05,13,33,04
B,264083,16900,192,3447,159391,6035,179,3447,981.9,302.6
G,3118558,101366,146,3447,1838063,31699,104,3447,981.9,302.6
R,1281276,60455,6689,3447,759904,33625,7025,3447,981.9,302.6
D,NBXX,9999,2.210e-5,1.580e-5,9.678e-6,2.706e-6,2.827e-6,2.098e-6
Y,187928,981.9,302.6,298.6,63.8,13.1,5.7,0,0000
T,2014,09,05,13,38,05
B,263555,17000,179,3447,159630,6191,178,3448,981.9,302.7
G,3120170,100754,117,3447,1837241,31509,143,3448,981.9,302.7
R,1281392,60727,6827,3447,758088,33694,6786,3448,981.9,302.7
D,NBXX,9999,2.256e-5,1.558e-5,9.918e-6,3.267e-6,2.755e-6,2.208e-6
Y,188026,981.9,302.7,298.6,64.3,13.1,5.7,0,0000
T,2014,09,05,13,43,04
B,264796,16685,174,3447,159060,6080,154,3447,981.9,302.7
G,3117522,99281,151,3447,1839163,30847,154,3447,981.9,302.7
R,1282666,60496,6866,3447,758802,33692,6799,3447,981.9,302.7
D,NBXX,9999,2.146e-5,1.513e-5,9.708e-6,2.951e-6,2.540e-6,2.163e-6
Y,187865,981.9,302.7,298.6,64.0,13.1,5.7,0,0000
T,2014,09,05,13,48,05
B,264260,15968,179,3448,159379,6056,216,3447,981.8,302.7
G,3121001,96066,138,3448,1833730,30985,99,3447,981.8,302.7
R,1281472,59299,6934,3448,756367,33696,7046,3447,981.8,302.7
D,NBXX,9999,1.911e-5,1.410e-5,8.766e-6,2.678e-6,2.601e-6,1.953e-6
Y,188021,981.8,302.7,298.7,63.0,13.1,5.7,0,0000
T,2014,09,05,13,53,05
B,264600,16393,182,3447,160537,5885,182,3447,981.7,302.8
G,3116604,96679,152,3447,1834021,30734,117,3447,981.7,302.8
R,1283681,60080,7038,3447,758503,33662,6907,3447,981.7,302.8
D,NBXX,9999,2.047e-5,1.435e-5,9.230e-6,2.235e-6,2.534e-6,1.934e-6
Y,187810,981.7,302.8,298.7,62.9,13.1,5.7,0,0000
T,2014,09,05,13,58,05
B,264308,16189,178,3447,159336,6088,175,3448,981.7,302.8
G,3118623,97515,173,3447,1840195,31349,145,3448,981.7,302.8
R,1282857,60274,7105,3447,761093,33767,7153,3448,981.7,302.8
D,NBXX,9999,1.993e-5,1.458e-5,9.145e-6,2.913e-6,2.701e-6,1.777e-6
Y,187932,981.7,302.8,298.7,62.9,13.1,5.7,0,0000
T,2014,09,05,14,03,05
B,264599,16053,248,3447,159753,5979,190,3447,981.5,302.8
G,3120262,94985,149,3447,1837202,30695,155,3447,981.5,302.8
R,1285225,60308,7048,3447,759182,33840,7105,3447,981.5,302.8
D,NBXX,9999,1.916e-5,1.377e-5,9.189e-6,2.261e-6,2.497e-6,1.882e-6
Y,188031,981.5,302.8,298.7,62.2,13.1,5.7,0,0000
T,2014,09,05,14,08,05
B,264498,15751,201,3448,159188,5812,184,3447,981.5,302.9
G,3121735,92603,175,3448,1836066,30361,143,3447,981.5,302.9
R,1283121,59387,7130,3448,760943,34001,6952,3447,981.5,302.9
D,NBXX,9999,1.846e-5,1.299e-5,8.714e-6,1.961e-6,2.385e-6,2.055e-6
Y,188065,981.5,302.9,298.8,61.7,13.1,5.7,0,0000
T,2014,09,05,14,13,05
B,263911,15406,190,3447,159507,5888,188,3447,981.4,302.9
G,3116099,89679,178,3447,1835114,30229,126,3447,981.4,302.9
R,1282905,58421,7182,3447,757015,33525,7211,3447,981.4,302.9
D,NBXX,9999,1.753e-5,1.213e-5,7.900e-6,2.252e-6,2.362e-6,1.534e-6
Y,187779,981.4,302.9,298.8,61.4,13.1,5.7,0,0000
T,2014,09,05,14,18,05
B,264462,14922,192,3447,160101,5771,181,3448,981.4,302.9
G,3115189,87477,154,3447,1836109,29648,152,3448,981.4,302.9
R,1285152,57292,7239,3447,759123,33798,7172,3448,981.4,302.9
D,NBXX,9999,1.596e-5,1.144e-5,7.146e-6,1.870e-6,2.178e-6,1.667e-6
Y,187724,981.4,302.9,298.8,60.3,13.1,5.7,0,0000
T,2014,09,05,14,23,05
B,263827,14999,221,3447,159291,5710,211,3447,981.3,302.9
G,3116466,88097,151,3447,1833208,29637,156,3447,981.3,302.9
R,1283629,58196,7238,3447,759500,33921,7194,3447,981.3,302.9
D,NBXX,9999,1.612e-5,1.162e-5,7.718e-6,1.529e-6,2.173e-6,1.745e-6
Y,187802,981.3,302.9,298.8,60.3,13.1,5.7,0,0000
T,2014,09,05,14,28,05
B,264569,14834,200,3448,159947,5782,205,3447,981.3,302.9
G,3113822,88061,157,3448,1837575,29533,147,3447,981.3,302.9
R,1286395,58120,7324,3448,761891,34201,7315,3447,981.3,302.9
D,NBXX,9999,1.559e-5,1.163e-5,7.467e-6,1.807e-6,2.151e-6,1.751e-6
Y,187587,981.3,302.9,298.8,60.3,13.1,5.7,0,0000
T,2014,09,05,14,33,05
B,263927,14696,194,3447,159026,5744,226,3447,981.2,303.0
G,3114753,86286,142,3447,1833534,29573,138,3447,981.2,303.0
R,1284705,57077,7393,3447,758155,34258,7246,3447,981.2,303.0
D,NBXX,9999,1.522e-5,1.107e-5,6.885e-6,1.671e-6,2.167e-6,1.809e-6
Y,187698,981.2,303.0,298.9,59.1,13.1,5.7,0,0000
T,2014,09,05,14,38,05
B,264309,14816,190,3447,159270,5734,215,3448,981.1,303.0
G,3118438,87170,147,3447,1831838,29535,115,3448,981.1,303.0
R,1285198,57791,7269,3447,760767,34274,7311,3448,981.1,303.0
D,NBXX,9999,1.557e-5,1.133e-5,7.360e-6,1.665e-6,2.148e-6,1.853e-6
Y,187921,981.1,303.0,298.9,58.8,13.1,5.7,0,0000
T,2014,09,05,14,43,05
B,263076,15014,213,3447,159098,5695,190,3447,981.0,303.0
G,3114920,88162,146,3447,1836181,29639,127,3447,981.0,303.0
R,1285203,58655,7410,3447,762308,34332,7582,3447,981.0,303.0
D,NBXX,9999,1.640e-5,1.167e-5,7.598e-6,1.632e-6,2.190e-6,1.597e-6
Y,187708,981.0,303.0,298.9,59.4,13.1,5.7,0,0000
T,2014,09,05,14,48,05
B,263535,15423,191,3448,159497,5835,202,3447,980.9,303.0
G,3111305,90365,158,3448,1835597,30019,127,3447,980.9,303.0
R,1284356,59263,7391,3448,761306,34762,7521,3447,980.9,303.0
D,NBXX,9999,1.762e-5,1.239e-5,8.046e-6,2.078e-6,2.320e-6,1.932e-6
Y,187435,980.9,303.0,298.9,59.8,13.1,5.7,0,0000
T,2014,09,05,14,53,05
B,263680,15349,182,3447,158803,5911,178,3447,980.9,303.1
G,3116528,90843,148,3447,1834296,29934,140,3447,980.9,303.1
R,1285686,60179,7547,3447,760111,34762,7409,3447,980.9,303.1
D,NBXX,9999,1.749e-5,1.250e-5,8.555e-6,2.416e-6,2.274e-6,1.885e-6
Y,187805,980.9,303.1,298.9,59.9,13.1,5.7,0,0000
T,2014,09,05,14,58,05
B,264236,15090,196,3447,159060,5754,169,3448,980.9,303.1
G,3115537,89187,154,3447,1838165,29763,169,3448,980.9,303.1
R,1284429,59329,7785,3447,761618,34883,7490,3448,980.9,303.1
D,NBXX,9999,1.657e-5,1.197e-5,7.829e-6,1.874e-6,2.207e-6,1.736e-6
Y,187745,980.9,303.1,298.9,58.6,13.1,5.7,0,0000
T,2014,09,05,15,03,05
B,263929,15420,140,3447,159542,5881,206,3447,980.8,303.0
G,3117290,89609,162,3447,1837231,29976,150,3447,980.8,303.0
R,1286868,59618,7676,3447,758977,34783,7374,3447,980.8,303.0
D,NBXX,9999,1.771e-5,1.209e-5,8.117e-6,2.358e-6,2.276e-6,1.820e-6
Y,187851,980.8,303.0,298.9,59.0,13.1,5.7,0,0000
T,2014,09,05,15,08,05
B,264264,15199,193,3448,160248,5800,231,3447,980.7,303.1
G,3117893,89618,157,3448,1837022,29992,136,3447,980.7,303.1
R,1287831,59348,7664,3448,760753,35187,7701,3447,980.7,303.1
D,NBXX,9999,1.669e-5,1.209e-5,7.706e-6,1.813e-6,2.289e-6,1.840e-6
Y,187833,980.7,303.1,299.0,58.6,13.1,5.7,0,0000
T,2014,09,05,15,13,05
B,263467,15814,214,3447,160129,6017,206,3447,980.6,303.1
G,3119482,92868,134,3447,1836506,30605,155,3447,980.6,303.1
R,1285539,60699,7581,3447,758826,35285,7745,3447,980.6,303.1
D,NBXX,9999,1.875e-5,1.314e-5,8.615e-6,2.543e-6,2.490e-6,1.943e-6
Y,187984,980.6,303.1,299.0,59.1,13.1,5.7,0,0000
T,2014,09,05,15,18,05
B,264750,15942,207,3447,160019,5863,220,3448,980.5,303.1
G,3119528,92655,153,3447,1841107,30562,122,3448,980.5,303.1
R,1284841,60423,7641,3447,763181,35109,7737,3448,980.5,303.1
D,NBXX,9999,1.889e-5,1.307e-5,8.423e-6,1.956e-6,2.478e-6,1.798e-6
Y,187987,980.5,303.1,299.0,59.3,13.1,5.7,0,0000
T,2014,09,05,15,23,05
B,264152,15798,214,3447,159742,5834,226,3447,980.5,303.1
G,3117995,91730,132,3447,1838963,30677,122,3447,980.5,303.1
R,1287426,60319,7564,3447,763154,35266,7580,3447,980.5,303.1
D,NBXX,9999,1.850e-5,1.280e-5,8.471e-6,1.863e-6,2.530e-6,2.046e-6
Y,187894,980.5,303.1,299.0,59.3,13.1,5.7,0,0000
T,2014,09,05,15,28,05
B,263547,15453,196,3448,159504,5804,159,3447,980.4,303.1
G,3114056,91455,138,3448,1837920,30165,145,3447,980.4,303.1
R,1284617,59956,7667,3448,760924,35219,7875,3447,980.4,303.1
D,NBXX,9999,1.785e-5,1.274e-5,8.019e-6,2.117e-6,2.372e-6,1.760e-6
Y,187601,980.4,303.1,299.1,58.6,13.1,5.7,0,0000
T,2014,09,05,15,33,05
B,263673,15589,171,3447,159581,5968,206,3447,980.3,303.1
G,3118342,91757,188,3447,1838010,30347,115,3447,980.3,303.1
R,1288956,60161,7608,3447,762516,35326,7728,3447,980.3,303.1
D,NBXX,9999,1.817e-5,1.279e-5,8.206e-6,2.532e-6,2.407e-6,1.933e-6
Y,187915,980.3,303.1,299.0,58.3,13.1,5.7,0,0000
T,2014,09,05,15,38,05
B,263434,15787,196,3447,160440,5973,207,3448,980.3,303.2
G,3119266,92199,153,3447,1838433,30171,121,3448,980.3,303.2
R,1286130,60676,7798,3447,762449,35315,7641,3448,980.3,303.2
D,NBXX,9999,1.876e-5,1.293e-5,8.509e-6,2.478e-6,2.356e-6,1.871e-6
Y,187971,980.3,303.2,299.1,59.0,13.1,5.7,0,0000
T,2014,09,05,15,43,05
B,263109,15329,200,3447,159179,5879,221,3447,980.2,303.1
G,3116772,89304,196,3447,1838859,30006,178,3447,980.2,303.1
R,1284676,59330,7829,3447,761158,35092,7982,3447,980.2,303.1
D,NBXX,9999,1.733e-5,1.200e-5,7.440e-6,2.149e-6,2.277e-6,1.483e-6
Y,187820,980.2,303.1,299.1,57.5,13.1,5.7,0,0000
T,2014,09,05,15,48,05
B,263613,15257,197,3447,159185,5875,193,3447,980.1,303.1
G,3116819,88180,176,3447,1834533,29997,178,3447,980.1,303.1
R,1284600,59682,7771,3447,759080,35122,7792,3447,980.1,303.1
D,NBXX,9999,1.713e-5,1.165e-5,7.837e-6,2.216e-6,2.282e-6,1.680e-6
Y,187823,980.1,303.1,299.1,57.2,13.1,5.7,0,0000
T,2014,09,05,15,53,05
B,263025,15305,199,3448,160204,5870,192,3447,980.1,303.1
G,3115191,87902,176,3448,1835296,30014,162,3447,980.1,303.1
R,1284398,58997,7859,3448,762188,35019,7847,3447,980.1,303.1
D,NBXX,9999,1.738e-5,1.159e-5,7.314e-6,2.239e-6,2.300e-6,1.520e-6
Y,187670,980.1,303.1,299.1,57.7,13.1,5.7,0,0000
T,2014,09,05,15,58,05
B,263638,15111,223,3447,159346,5934,208,3447,980.0,303.2
G,3112877,89610,185,3447,1833313,29952,150,3447,980.0,303.2
R,1283742,60013,7869,3447,760015,35467,8090,3447,980.0,303.2
D,NBXX,9999,1.656e-5,1.215e-5,7.776e-6,2.263e-6,2.286e-6,1.616e-6
Y,187584,980.0,303.2,299.1,58.0,13.1,5.7,0,0000
T,2014,09,05,16,03,05
B,264178,14971,188,3447,159527,5840,188,3448,980.0,303.1
G,3116576,88945,188,3447,1840721,29783,137,3448,980.0,303.1
R,1285096,59580,7767,3447,761918,35280,7984,3448,980.0,303.1
D,NBXX,9999,1.620e-5,1.191e-5,7.631e-6,2.117e-6,2.222e-6,1.634e-6
Y,187808,980.0,303.1,299.1,58.3,13.1,5.7,0,0000
T,2014,09,05,16,08,05
B,262965,15285,208,3447,159229,5910,231,3447,979.9,303.1
G,3113897,87548,155,3447,1834866,30026,152,3447,979.9,303.1
R,1287474,59888,7847,3447,758594,35187,7908,3447,979.9,303.1
D,NBXX,9999,1.716e-5,1.150e-5,7.769e-6,2.189e-6,2.317e-6,1.559e-6
Y,187646,979.9,303.1,299.1,58.6,13.1,5.7,0,0000
T,2014,09,05,16,13,05
B,263414,14851,172,3448,158686,5746,215,3447,979.9,303.1
G,3119677,87342,202,3448,1830877,29762,139,3447,979.9,303.1
R,1285216,59474,7745,3448,759105,35351,7953,3447,979.9,303.1
D,NBXX,9999,1.592e-5,1.137e-5,7.598e-6,1.845e-6,2.206e-6,1.724e-6
Y,187941,979.9,303.1,299.1,58.5,13.1,5.7,0,0000
T,2014,09,05,16,18,05
B,262196,14485,208,3447,159108,5742,168,3447,979.9,303.1
G,3116593,83458,171,3447,1834177,29110,156,3447,979.9,303.1
R,1285369,57579,7757,3447,760964,35184,7839,3447,979.9,303.1
D,NBXX,9999,1.503e-5,1.017e-5,6.499e-6,1.944e-6,2.011e-6,1.689e-6
Y,187809,979.9,303.1,299.1,57.0,13.1,5.7,0,0000
T,2014,09,05,16,23,05
B,264768,14284,207,3447,159953,5780,232,3448,979.9,303.2
G,3113860,82948,149,3447,1838119,29082,150,3448,979.9,303.2
R,1286232,57602,7923,3447,762505,34540,7867,3448,979.9,303.2
D,NBXX,9999,1.380e-5,1.004e-5,6.360e-6,1.685e-6,2.018e-6,1.140e-6
Y,187644,979.9,303.2,299.1,56.5,13.1,5.7,0,0000
T,2014,09,05,16,28,05
B,262887,14229,219,3447,160153,5683,200,3447,979.8,303.2
G,3116165,83359,170,3447,1836434,28938,164,3447,979.8,303.2
R,1285367,57826,7769,3447,759812,35187,7666,3447,979.8,303.2
D,NBXX,9999,1.400e-5,1.014e-5,6.767e-6,1.577e-6,1.955e-6,1.806e-6
Y,187783,979.8,303.2,299.1,56.4,13.1,5.7,0,0000
T,2014,09,05,16,33,05
B,263704,14580,236,3448,159032,5800,194,3447,979.8,303.2
G,3112468,84668,164,3448,1836930,29365,180,3447,979.8,303.2
R,1285151,58175,7956,3448,762620,34909,7812,3447,979.8,303.2
D,NBXX,9999,1.491e-5,1.058e-5,6.747e-6,1.854e-6,2.101e-6,1.402e-6
Y,187505,979.8,303.2,299.1,57.3,13.1,5.7,0,0000
T,2014,09,05,16,38,05
B,263619,14694,204,3447,159689,5705,221,3447,979.7,303.2
G,3114394,86348,155,3447,1838124,29105,157,3447,979.7,303.2
R,1286831,58869,7775,3447,761882,35184,7825,3447,979.7,303.2
D,NBXX,9999,1.530e-5,1.111e-5,7.291e-6,1.579e-6,2.022e-6,1.687e-6
Y,187676,979.7,303.2,299.1,56.5,13.1,5.7,0,0000
T,2014,09,05,16,43,05
B,263489,14883,235,3447,159400,5815,182,3448,979.7,303.2
G,3118295,85604,147,3447,1838719,29895,150,3448,979.7,303.2
R,1285940,59071,7910,3447,760216,35152,7964,3448,979.7,303.2
D,NBXX,9999,1.593e-5,1.085e-5,7.240e-6,1.950e-6,2.263e-6,1.473e-6
Y,187912,979.7,303.2,299.2,57.2,13.1,5.7,0,0000
T,2014,09,05,16,48,05
B,262668,14898,189,3447,159230,5907,171,3447,979.7,303.2
G,3114927,87550,128,3447,1835651,29344,157,3447,979.7,303.2
R,1284787,58981,7864,3447,760332,35428,7865,3447,979.7,303.2
D,NBXX,9999,1.632e-5,1.150e-5,7.309e-6,2.497e-6,2.106e-6,1.762e-6
Y,187708,979.7,303.2,299.1,56.9,13.1,5.7,0,0000
T,2014,09,05,16,53,05
B,263767,14799,214,3448,159279,5631,200,3447,979.7,303.2
G,3113209,86297,134,3448,1836019,29810,152,3447,979.7,303.2
R,1286384,59151,7941,3448,760981,35341,7703,3447,979.7,303.2
D,NBXX,9999,1.564e-5,1.111e-5,7.441e-6,1.386e-6,2.261e-6,1.761e-6
Y,187550,979.7,303.2,299.1,57.2,13.1,5.7,0,0000
T,2014,09,05,16,58,05
B,263174,14880,197,3447,159478,5839,209,3447,979.7,303.2
G,3116627,86371,141,3447,1837293,29480,176,3447,979.7,303.2
R,1287001,59125,7938,3447,761235,35680,8058,3447,979.7,303.2
D,NBXX,9999,1.601e-5,1.110e-5,7.164e-6,2.089e-6,2.132e-6,1.708e-6
Y,187811,979.7,303.2,299.1,55.1,13.1,5.7,0,0000
T,2014,09,05,17,03,05
B,264271,14822,228,3447,159289,5865,212,3448,979.7,303.2
G,3116450,86387,134,3447,1837380,29578,159,3448,979.7,303.2
R,1285819,59811,8062,3447,760994,35570,7957,3448,979.7,303.2
D,NBXX,9999,1.553e-5,1.111e-5,7.595e-6,1.973e-6,2.170e-6,1.628e-6
Y,187801,979.7,303.2,299.1,55.6,13.1,5.7,0,0000
T,2014,09,05,17,08,05
B,263081,15112,143,3447,159618,5952,192,3447,979.7,303.2
G,3113584,88229,143,3447,1829796,29440,137,3447,979.7,303.2
R,1284607,59487,7981,3447,759064,35552,7915,3447,979.7,303.2
D,NBXX,9999,1.700e-5,1.173e-5,7.505e-6,2.699e-6,2.142e-6,1.720e-6
Y,187627,979.7,303.2,299.1,56.0,13.1,5.7,0,0000
T,2014,09,05,17,13,05
B,263100,15241,163,3448,158294,5934,196,3447,979.7,303.2
G,3119454,90150,185,3448,1832264,30143,154,3447,979.7,303.2
R,1285011,60315,7815,3448,760094,35532,7794,3447,979.7,303.2
D,NBXX,9999,1.731e-5,1.226e-5,8.212e-6,2.561e-6,2.328e-6,1.915e-6
Y,187928,979.7,303.2,299.1,56.7,13.1,5.7,0,0000
T,2014,09,05,17,18,05
B,262443,15176,198,3447,159391,5805,194,3447,979.7,303.2
G,3117718,89125,173,3447,1834159,29786,156,3447,979.7,303.2
R,1288970,60202,7864,3447,759358,35219,8005,3447,979.7,303.2
D,NBXX,9999,1.711e-5,1.195e-5,7.879e-6,2.080e-6,2.221e-6,1.499e-6
Y,187877,979.7,303.2,299.1,58.1,13.1,5.7,0,0000
T,2014,09,05,17,23,05
B,263588,15011,212,3447,159685,5916,170,3448,979.7,303.2
G,3116550,88311,209,3447,1834712,29990,146,3448,979.7,303.2
R,1287673,59601,7925,3447,762465,35728,8166,3448,979.7,303.2
D,NBXX,9999,1.643e-5,1.170e-5,7.378e-6,2.381e-6,2.277e-6,1.659e-6
Y,187807,979.7,303.2,299.1,57.7,13.1,5.7,0,0000
T,2014,09,05,17,28,05
B,263240,14862,236,3447,159971,5795,208,3447,979.7,303.2
G,3116235,87070,168,3447,1832926,29218,163,3447,979.7,303.2
R,1286077,59082,8033,3447,758371,35535,7855,3447,979.7,303.2
D,NBXX,9999,1.581e-5,1.132e-5,7.232e-6,1.812e-6,2.045e-6,1.703e-6
Y,187788,979.7,303.2,299.1,57.0,13.1,5.7,0,0000
T,2014,09,05,17,33,05
B,262777,15027,207,3448,159679,5751,211,3447,979.7,303.2
G,3118661,87603,163,3448,1836637,29459,109,3447,979.7,303.2
R,1287078,59462,7990,3448,763713,35822,7939,3447,979.7,303.2
D,NBXX,9999,1.649e-5,1.148e-5,7.416e-6,1.803e-6,2.139e-6,1.848e-6
Y,187880,979.7,303.2,299.1,57.5,13.1,5.7,0,0000
T,2014,09,05,17,38,05
B,263659,15376,204,3447,159069,5811,189,3447,979.7,303.2
G,3116397,92032,148,3447,1835379,30099,157,3447,979.7,303.2
R,1285385,60774,7957,3447,763477,35602,7896,3447,979.7,303.2
D,NBXX,9999,1.751e-5,1.290e-5,8.316e-6,2.018e-6,2.333e-6,1.776e-6
Y,187797,979.7,303.2,299.1,58.0,13.1,5.7,0,0000
T,2014,09,05,17,43,05
B,264466,15773,187,3447,160191,5993,213,3448,979.7,303.2
G,3115053,93112,152,3447,1833946,30706,157,3448,979.7,303.2
R,1286655,61351,7815,3447,760652,35917,7928,3448,979.7,303.2
D,NBXX,9999,1.857e-5,1.325e-5,8.726e-6,2.498e-6,2.525e-6,2.033e-6
Y,187716,979.7,303.2,299.1,58.6,13.1,5.7,0,0000
T,2014,09,05,17,48,05
B,263988,15615,200,3447,159018,6065,216,3447,979.7,303.2
G,3113490,91993,171,3447,1833704,30270,183,3447,979.7,303.2
R,1286543,60605,8017,3447,761583,35908,7902,3447,979.7,303.2
D,NBXX,9999,1.811e-5,1.289e-5,8.141e-6,2.699e-6,2.378e-6,1.907e-6
Y,187622,979.7,303.2,299.1,59.1,13.1,5.7,0,0000
T,2014,09,05,17,53,05
B,263104,15524,195,3448,159333,6060,233,3447,979.7,303.2
G,3113965,91023,177,3448,1832162,30234,144,3447,979.7,303.2
R,1287765,61296,7993,3448,761195,36020,8033,3447,979.7,303.2
D,NBXX,9999,1.794e-5,1.259e-5,8.464e-6,2.703e-6,2.380e-6,1.894e-6
Y,187596,979.7,303.2,299.1,59.0,13.1,5.7,0,0000
T,2014,09,05,17,58,05
B,263092,15585,196,3447,159906,5889,190,3447,979.8,303.2
G,3111663,93029,157,3447,1836583,30695,134,3447,979.8,303.2
R,1284057,61232,7970,3447,763943,36501,8027,3447,979.8,303.2
D,NBXX,9999,1.828e-5,1.326e-5,8.496e-6,2.320e-6,2.542e-6,2.225e-6
Y,187511,979.8,303.2,299.1,58.1,13.1,5.7,0,0000
T,2014,09,05,18,03,05
B,262167,15857,207,3447,159473,6025,212,3447,979.7,303.2
G,3114832,93553,176,3447,1840646,30644,169,3447,979.7,303.2
R,1287415,61508,7924,3447,762848,36101,8092,3447,979.7,303.2
D,NBXX,9999,1.917e-5,1.338e-5,8.611e-6,2.683e-6,2.496e-6,1.950e-6
Y,187703,979.7,303.2,299.1,58.8,13.1,5.7,0,0000
T,2014,09,05,18,08,05
B,263713,15217,202,3447,159519,5966,197,3448,979.7,303.2
G,3115114,89258,156,3447,1837309,30232,163,3448,979.7,303.2
R,1285197,59680,7888,3447,760688,35989,8101,3448,979.7,303.2
D,NBXX,9999,1.699e-5,1.202e-5,7.548e-6,2.467e-6,2.371e-6,1.914e-6
Y,187720,979.7,303.2,299.1,59.0,13.1,5.7,0,0000
T,2014,09,05,18,13,05
B,263648,15544,223,3447,159479,5916,202,3447,979.7,303.1
G,3116050,91469,153,3447,1835874,30656,152,3447,979.7,303.1
R,1287714,60420,8017,3447,761052,35879,7822,3447,979.7,303.1
D,NBXX,9999,1.789e-5,1.272e-5,8.060e-6,2.215e-6,2.511e-6,1.937e-6
Y,187776,979.7,303.1,299.1,58.6,13.1,5.7,0,0000
T,2014,09,05,18,18,05
B,262788,14528,232,3448,158151,5732,212,3447,979.7,303.1
G,3111565,84345,176,3448,1830981,29408,161,3447,979.7,303.1
R,1283702,58378,7837,3448,759611,35476,8141,3447,979.7,303.1
D,NBXX,9999,1.483e-5,1.049e-5,6.777e-6,1.636e-6,2.120e-6,1.626e-6
Y,187450,979.7,303.1,299.0,57.8,13.1,5.7,0,0000
T,2014,09,05,18,23,05
B,263363,14236,227,3447,159053,5864,190,3447,979.7,303.1
G,3115874,85109,169,3447,1835569,29585,164,3447,979.7,303.1
R,1282954,59082,7808,3447,759383,35605,7959,3447,979.7,303.1
D,NBXX,9999,1.393e-5,1.070e-5,7.380e-6,2.101e-6,2.162e-6,1.859e-6
Y,187766,979.7,303.1,299.0,58.5,13.1,5.7,0,0000
T,2014,09,05,18,28,05
B,262664,14775,187,3447,160599,5915,199,3448,979.7,303.1
G,3112273,86736,150,3447,1838229,29145,144,3448,979.7,303.1
R,1283550,59203,8003,3447,759202,35540,7948,3448,979.7,303.1
D,NBXX,9999,1.582e-5,1.126e-5,7.313e-6,2.410e-6,2.044e-6,1.677e-6
Y,187548,979.7,303.1,299.0,58.6,13.1,5.7,0,0000
T,2014,09,05,18,33,05
B,263533,14876,236,3447,158712,5659,191,3447,979.7,303.0
G,3112738,86714,163,3447,1833527,29655,150,3447,979.7,303.0
R,1284625,59177,7795,3447,760814,35370,7789,3447,979.7,303.0
D,NBXX,9999,1.584e-5,1.124e-5,7.536e-6,1.421e-6,2.201e-6,1.832e-6
Y,187576,979.7,303.0,299.0,59.0,13.1,5.7,0,0000
T,2014,09,05,18,38,05
B,263027,14614,187,3448,158698,5744,184,3447,979.7,303.0
G,3115592,85849,146,3448,1832314,29262,159,3447,979.7,303.0
R,1283940,58452,7721,3448,760272,35124,7724,3447,979.7,303.0
D,NBXX,9999,1.531e-5,1.094e-5,7.200e-6,1.921e-6,2.073e-6,1.790e-6
Y,187694,979.7,303.0,299.0,59.3,13.1,5.7,0,0000
T,2014,09,05,18,43,05
B,262785,14527,214,3447,159817,5931,182,3447,979.7,303.0
G,3114215,85046,175,3447,1833669,29564,166,3447,979.7,303.0
R,1283702,58112,7788,3447,759832,35155,7751,3447,979.7,303.0
D,NBXX,9999,1.499e-5,1.069e-5,6.928e-6,2.420e-6,2.157e-6,1.739e-6
Y,187665,979.7,303.0,299.0,59.6,13.1,5.7,0,0000
T,2014,09,05,18,48,05
B,262845,14473,197,3447,160274,5937,218,3448,979.7,303.0
G,3118894,85201,160,3447,1838577,29303,151,3448,979.7,303.0
R,1288471,58316,7742,3447,762609,34681,7828,3448,979.7,303.0
D,NBXX,9999,1.475e-5,1.071e-5,6.942e-6,2.362e-6,2.069e-6,1.381e-6
Y,187948,979.7,303.0,299.0,59.9,13.1,5.7,0,0000
T,2014,09,05,18,53,05
B,262986,14713,206,3447,159228,5816,210,3447,979.6,303.0
G,3115505,84305,153,3447,1839080,29343,144,3447,979.6,303.0
R,1286098,58040,7793,3447,759190,34792,7809,3447,979.6,303.0
D,NBXX,9999,1.547e-5,1.046e-5,6.793e-6,1.980e-6,2.099e-6,1.450e-6
Y,187743,979.6,303.0,298.9,59.9,13.1,5.7,0,0000
T,2014,09,05,18,58,05
B,262605,14639,194,3448,158699,6017,221,3447,979.6,303.0
G,3116714,85568,148,3448,1830136,29170,126,3447,979.6,303.0
R,1287583,58489,7622,3448,759519,35116,7603,3447,979.6,303.0
D,NBXX,9999,1.530e-5,1.086e-5,7.308e-6,2.636e-6,2.052e-6,1.912e-6
Y,187762,979.6,303.0,298.9,59.8,13.1,5.7,0,0000
T,2014,09,05,19,03,05
B,263375,14469,197,3447,159445,5674,189,3447,979.6,302.9
G,3117770,84808,144,3447,1836103,29076,179,3447,979.6,302.9
R,1286989,58038,7549,3447,762108,34655,7698,3447,979.6,302.9
D,NBXX,9999,1.475e-5,1.059e-5,7.000e-6,1.624e-6,1.998e-6,1.599e-6
Y,187880,979.6,302.9,298.9,59.9,13.1,5.7,0,0000
T,2014,09,05,19,08,05
B,263390,14376,171,3447,159378,5741,209,3448,979.7,302.9
G,3116103,84971,147,3447,1839781,29269,171,3448,979.7,302.9
R,1282906,57560,7644,3447,760893,34265,7624,3448,979.7,302.9
D,NBXX,9999,1.449e-5,1.066e-5,6.770e-6,1.847e-6,2.064e-6,1.372e-6
Y,187780,979.7,302.9,298.9,60.4,13.1,5.7,0,0000
T,2014,09,05,19,13,05
B,263888,14533,218,3447,160089,5687,185,3447,979.7,302.9
G,3119075,84652,125,3447,1836778,28807,145,3447,979.7,302.9
R,1283282,57850,7579,3447,761034,34445,7597,3447,979.7,302.9
D,NBXX,9999,1.481e-5,1.055e-5,7.007e-6,1.572e-6,1.929e-6,1.551e-6
Y,187959,979.7,302.9,298.9,60.7,13.1,5.7,0,0000
T,2014,09,05,19,18,05
B,263535,14396,178,3448,159104,5725,213,3447,979.7,302.9
G,3119800,86729,169,3448,1838863,29360,151,3447,979.7,302.9
R,1284866,58663,7447,3448,759360,34578,7678,3447,979.7,302.9
D,NBXX,9999,1.448e-5,1.118e-5,7.513e-6,1.759e-6,2.086e-6,1.661e-6
Y,187948,979.7,302.9,298.9,60.9,13.1,5.7,0,0000
T,2014,09,05,19,23,05
B,263477,14719,177,3447,159412,5752,177,3447,979.7,302.9
G,3118750,85989,138,3447,1837125,29306,140,3447,979.7,302.9
R,1284030,58325,7739,3447,758579,34086,7363,3447,979.7,302.9
D,NBXX,9999,1.562e-5,1.097e-5,7.339e-6,1.973e-6,2.085e-6,1.376e-6
Y,187940,979.7,302.9,298.8,60.7,13.1,5.7,0,0000
T,2014,09,05,19,28,05
B,263957,14247,227,3447,159123,5894,184,3448,979.7,302.9
G,3117821,85194,121,3447,1840381,29372,157,3448,979.7,302.9
R,1283064,58404,7525,3447,760421,33991,7598,3448,979.7,302.9
D,NBXX,9999,1.388e-5,1.073e-5,7.393e-6,2.172e-6,2.106e-6,1.305e-6
Y,187883,979.7,302.9,298.8,61.6,13.0,5.7,0,0000
T,2014,09,05,19,33,05
B,262793,14391,221,3447,159122,5748,192,3447,979.6,302.8
G,3113382,84879,144,3447,1839571,29074,131,3447,979.6,302.8
R,1284745,58035,7351,3447,759016,33857,7426,3447,979.6,302.8
D,NBXX,9999,1.448e-5,1.067e-5,7.378e-6,1.778e-6,2.028e-6,1.462e-6
Y,187615,979.6,302.8,298.8,61.9,13.1,5.7,0,0000
T,2014,09,05,19,38,05
B,263412,14503,186,3448,159612,5635,213,3447,979.6,302.8
G,3119277,86109,143,3448,1835395,29303,175,3447,979.6,302.8
R,1283683,58407,7418,3448,760177,34299,7382,3447,979.6,302.8
D,NBXX,9999,1.478e-5,1.099e-5,7.611e-6,1.446e-6,2.070e-6,1.732e-6
Y,187917,979.6,302.8,298.7,61.7,13.1,5.7,0,0000
T,2014,09,05,19,43,05
B,263512,14731,198,3447,159251,5832,235,3447,979.6,302.8
G,3122199,87362,190,3447,1833224,29362,116,3447,979.6,302.8
R,1281901,58847,7442,3447,759054,34231,7422,3447,979.6,302.8
D,NBXX,9999,1.535e-5,1.136e-5,7.874e-6,1.921e-6,2.082e-6,1.654e-6
Y,188148,979.6,302.8,298.7,61.4,13.1,5.7,0,0000
T,2014,09,05,19,48,05
B,263132,14696,201,3447,159459,5793,203,3448,979.6,302.8
G,3120720,88242,137,3447,1837049,29632,132,3448,979.6,302.8
R,1283119,58952,7463,3447,759322,34390,7445,3448,979.6,302.8
D,NBXX,9999,1.540e-5,1.167e-5,7.885e-6,1.924e-6,2.183e-6,1.706e-6
Y,188059,979.6,302.8,298.7,61.9,13.1,5.7,0,0000
T,2014,09,05,19,53,05
B,262751,15685,187,3447,159481,5973,203,3447,979.6,302.7
G,3123352,95581,150,3447,1840099,30357,131,3447,979.6,302.7
R,1282697,62746,7525,3447,759759,34676,7486,3447,979.6,302.7
D,NBXX,9999,1.858e-5,1.393e-5,1.016e-5,2.561e-6,2.389e-6,1.817e-6
Y,188218,979.6,302.7,298.7,61.7,13.1,5.7,0,0000
T,2014,09,05,19,58,05
B,262833,15061,185,3448,159216,5997,176,3447,979.6,302.7
G,3119839,92083,148,3448,1838742,30014,152,3447,979.6,302.7
R,1284419,60916,7479,3448,760392,34540,7209,3447,979.6,302.7
D,NBXX,9999,1.674e-5,1.285e-5,9.226e-6,2.739e-6,2.287e-6,1.955e-6
Y,187951,979.6,302.7,298.6,61.9,13.1,5.7,0,0000
T,2014,09,05,20,03,05
B,263084,15068,191,3447,159064,5714,166,3447,979.7,302.7
G,3123405,89315,107,3447,1840415,29400,134,3447,979.7,302.7
R,1283461,59452,7088,3447,761448,34257,7363,3447,979.7,302.7
D,NBXX,9999,1.673e-5,1.197e-5,8.512e-6,1.856e-6,2.101e-6,1.954e-6
Y,188221,979.7,302.7,298.6,62.2,13.1,5.7,0,0000
T,2014,09,05,20,08,05
B,262220,14746,189,3447,160005,5767,162,3448,979.7,302.7
G,3121131,89442,145,3447,1841207,29648,164,3448,979.7,302.7
R,1286394,59024,7317,3447,759124,33751,7365,3448,979.7,302.7
D,NBXX,9999,1.590e-5,1.200e-5,8.024e-6,2.091e-6,2.159e-6,1.447e-6
Y,188084,979.7,302.7,298.6,62.4,13.1,5.7,0,0000
T,2014,09,05,20,13,05
B,263738,14766,183,3447,158305,5678,191,3447,979.7,302.6
G,3121276,88500,150,3447,1840838,29832,160,3447,979.7,302.6
R,1284912,59017,7262,3447,762001,34217,7221,3447,979.7,302.6
D,NBXX,9999,1.563e-5,1.170e-5,8.191e-6,1.643e-6,2.219e-6,1.894e-6
Y,188092,979.7,302.6,298.5,63.0,13.1,5.7,0,0000
T,2014,09,05,20,18,05
B,263405,14988,185,3447,159801,5903,188,3447,979.7,302.6
G,3118335,90588,157,3447,1837844,29849,135,3447,979.7,302.6
R,1281067,58840,7245,3447,759720,34540,7275,3447,979.7,302.6
D,NBXX,9999,1.637e-5,1.240e-5,8.133e-6,2.363e-6,2.240e-6,2.100e-6
Y,187915,979.7,302.6,298.5,63.2,13.1,5.7,0,0000
T,2014,09,05,20,23,05
B,263665,15298,182,3448,159928,5855,221,3447,979.7,302.6
G,3120237,89075,121,3448,1841811,29793,123,3447,979.7,302.6
R,1286904,58542,7233,3448,761420,33805,7148,3447,979.7,302.6
D,NBXX,9999,1.718e-5,1.192e-5,7.928e-6,2.095e-6,2.237e-6,1.701e-6
Y,187975,979.7,302.6,298.5,63.5,13.1,5.7,0,0000
T,2014,09,05,20,28,05
B,263874,15097,184,3447,159621,5783,186,3447,979.8,302.5
G,3118429,87224,154,3447,1841407,29330,145,3447,979.8,302.5
R,1284541,57679,7090,3447,761716,33797,7093,3447,979.8,302.5
D,NBXX,9999,1.664e-5,1.133e-5,7.586e-6,1.973e-6,2.073e-6,1.853e-6
Y,187920,979.8,302.5,298.5,63.8,13.1,5.7,0,0000
T,2014,09,05,20,33,05
B,263679,15103,192,3447,159792,5797,190,3448,979.7,302.5
G,3123251,91465,143,3447,1843645,30229,153,3448,979.7,302.5
R,1283288,58983,7049,3447,760377,34034,7153,3448,979.7,302.5
D,NBXX,9999,1.665e-5,1.263e-5,8.405e-6,1.981e-6,2.341e-6,1.992e-6
Y,188212,979.7,302.5,298.4,64.3,13.1,5.7,0,0000
T,2014,09,05,20,38,05
B,263717,15488,194,3447,159924,6003,184,3447,979.8,302.5
G,3123866,93337,115,3447,1845573,30703,122,3447,979.8,302.5
R,1284320,59882,7177,3447,762975,33792,7166,3447,979.8,302.5
D,NBXX,9999,1.784e-5,1.324e-5,8.837e-6,2.633e-6,2.513e-6,1.737e-6
Y,188249,979.8,302.5,298.4,65.0,13.1,5.7,0,0000
T,2014,09,05,20,43,05
B,263951,17170,180,3448,158569,6141,193,3447,979.9,302.5
G,3127503,106662,132,3448,1836931,32292,142,3447,979.9,302.5
R,1284359,64499,7106,3448,758083,35036,7042,3447,979.9,302.5
D,NBXX,9999,2.301e-5,1.739e-5,1.182e-5,3.067e-6,2.993e-6,2.650e-6
Y,188414,979.9,302.5,298.4,65.9,13.1,5.7,0,0000
T,2014,09,05,20,48,05
B,263019,16986,192,3447,159928,6154,200,3447,979.9,302.5
G,3120810,102693,155,3447,1845742,32067,114,3447,979.9,302.5
R,1282246,63856,7048,3447,762036,34131,7031,3447,979.9,302.5
D,NBXX,9999,2.255e-5,1.621e-5,1.152e-5,3.096e-6,2.942e-6,2.154e-6
Y,188064,979.9,302.5,298.4,65.8,13.1,5.7,0,0000
T,2014,09,05,20,53,05
B,262287,17104,199,3447,159556,6167,183,3448,979.9,302.5
G,3124619,104676,138,3447,1842162,32264,133,3448,979.9,302.5
R,1285769,63758,7021,3447,762704,34260,7055,3448,979.9,302.5
D,NBXX,9999,2.310e-5,1.680e-5,1.139e-5,3.216e-6,2.989e-6,2.201e-6
Y,188295,979.9,302.5,298.4,66.1,13.1,5.7,0,0000
T,2014,09,05,20,58,05
B,263212,18046,187,3447,159826,6113,170,3447,980.0,302.5
G,3124350,111443,152,3447,1845123,33198,127,3447,980.0,302.5
R,1288369,66367,6947,3447,760490,35162,6985,3447,980.0,302.5
D,NBXX,9999,2.592e-5,1.894e-5,1.301e-5,3.082e-6,3.285e-6,2.828e-6
Y,188278,980.0,302.5,298.4,66.7,13.1,5.7,0,0000
T,2014,09,05,21,03,05
B,263304,17276,155,3448,159628,6133,168,3447,980.0,302.4
G,3127612,107279,174,3448,1841812,32136,156,3447,980.0,302.4
R,1286495,64748,6926,3448,757807,33921,6884,3447,980.0,302.4
D,NBXX,9999,2.361e-5,1.757e-5,1.214e-5,3.251e-6,2.923e-6,2.172e-6
Y,188421,980.0,302.4,298.4,66.6,13.1,5.7,0,0000
T,2014,09,05,21,08,05
B,263253,17997,161,3447,160099,6115,169,3447,980.1,302.4
G,3125172,109802,118,3447,1850230,33218,124,3447,980.1,302.4
R,1284281,65643,6949,3447,762803,34647,7008,3447,980.1,302.4
D,NBXX,9999,2.583e-5,1.842e-5,1.264e-5,3.168e-6,3.302e-6,2.529e-6
Y,188328,980.1,302.4,298.3,66.6,13.1,5.7,0,0000
T,2014,09,05,21,13,05
B,263310,18449,165,3447,159346,6331,164,3448,980.1,302.4
G,3122850,116016,124,3447,1849190,33980,128,3448,980.1,302.4
R,1285656,67486,7110,3447,761147,35259,6995,3448,980.1,302.4
D,NBXX,9999,2.722e-5,2.041e-5,1.364e-5,3.830e-6,3.544e-6,2.784e-6
Y,188188,980.1,302.4,298.3,66.6,13.1,5.7,0,0000
T,2014,09,05,21,18,05
B,262881,18623,184,3447,159056,6438,187,3447,980.1,302.4
G,3125263,118785,159,3447,1847727,34483,110,3447,980.1,302.4
R,1284472,68428,6857,3447,760953,35128,6942,3447,980.1,302.4
D,NBXX,9999,2.770e-5,2.125e-5,1.447e-5,4.047e-6,3.691e-6,2.938e-6
Y,188334,980.1,302.4,298.2,66.6,13.1,5.7,0,0000
T,2014,09,05,21,23,05
B,263677,19085,174,3448,159202,6389,171,3447,980.2,302.3
G,3126267,118812,151,3448,1842680,34582,138,3447,980.2,302.3
R,1285382,68642,6812,3448,759862,35476,7138,3447,980.2,302.3
D,NBXX,9999,2.905e-5,2.124e-5,1.447e-5,3.938e-6,3.715e-6,3.041e-6
Y,188340,980.2,302.3,298.2,66.7,13.1,5.7,0,0000
T,2014,09,05,21,28,05
B,264005,18600,187,3447,159142,6355,175,3447,980.2,302.3
G,3128588,117059,130,3447,1844458,34433,136,3447,980.2,302.3
R,1285250,67344,6951,3447,762011,34801,7175,3447,980.2,302.3
D,NBXX,9999,2.742e-5,2.067e-5,1.355e-5,3.744e-6,3.665e-6,2.494e-6
Y,188535,980.2,302.3,298.2,67.1,13.1,5.7,0,0000
T,2014,09,05,21,33,05
B,263103,18015,181,3447,159534,6135,169,3448,980.1,302.4
G,3127129,114594,126,3447,1842584,33825,124,3448,980.1,302.4
R,1284203,66847,6863,3447,759015,34940,6943,3448,980.1,302.4
D,NBXX,9999,2.584e-5,1.991e-5,1.350e-5,3.163e-6,3.481e-6,2.814e-6
Y,188446,980.1,302.4,298.2,67.2,13.1,5.7,0,0000
T,2014,09,05,21,38,05
B,263286,18721,175,3447,159263,6420,166,3447,980.1,302.3
G,3128393,117416,139,3447,1842324,34314,111,3447,980.1,302.3
R,1285128,68278,6799,3447,758719,35298,6884,3447,980.1,302.3
D,NBXX,9999,2.802e-5,2.079e-5,1.444e-5,4.070e-6,3.634e-6,3.120e-6
Y,188523,980.1,302.3,298.2,67.9,13.1,5.7,0,0000
T,2014,09,05,21,43,05
B,263827,18310,194,3448,159593,6194,168,3447,980.1,302.4
G,3131018,116773,123,3448,1843243,34202,139,3447,980.1,302.4
R,1282856,67558,6902,3448,758645,34745,6955,3447,980.1,302.4
D,NBXX,9999,2.656e-5,2.055e-5,1.393e-5,3.264e-6,3.588e-6,2.679e-6
Y,188627,980.1,302.4,298.2,68.4,13.1,5.7,0,0000
T,2014,09,05,21,48,05
B,263718,18334,182,3447,159723,6236,179,3447,980.1,302.4
G,3126921,114078,150,3447,1842405,33579,114,3447,980.1,302.4
R,1283262,66497,6908,3447,759392,34805,6905,3447,980.1,302.4
D,NBXX,9999,2.666e-5,1.975e-5,1.330e-5,3.400e-6,3.402e-6,2.739e-6
Y,188434,980.1,302.4,298.2,68.0,13.1,5.7,0,0000
T,2014,09,05,21,53,05
B,262490,17705,212,3447,159346,6083,167,3448,980.1,302.4
G,3126783,110053,146,3447,1843876,33403,139,3448,980.1,302.4
R,1285424,65747,6844,3447,759316,34415,6856,3448,980.1,302.4
D,NBXX,9999,2.491e-5,1.847e-5,1.286e-5,2.939e-6,3.336e-6,2.555e-6
Y,188426,980.1,302.4,298.2,67.7,13.1,5.7,0,0000
T,2014,09,05,21,58,05
B,263339,17928,188,3447,159242,6164,177,3447,980.1,302.3
G,3127031,113183,136,3447,1839218,33209,143,3447,980.1,302.3
R,1281592,66683,6806,3447,758678,34536,6810,3447,980.1,302.3
D,NBXX,9999,2.547e-5,1.946e-5,1.359e-5,3.189e-6,3.279e-6,2.730e-6
Y,188441,980.1,302.3,298.2,67.7,13.1,5.7,0,0000
T,2014,09,05,22,03,05
B,263980,22820,190,3448,159929,6637,154,3447,980.1,302.3
G,3126749,151347,127,3448,1846309,37662,135,3447,980.1,302.3
R,1285939,80185,6721,3448,762425,36344,6682,3447,980.1,302.3
D,NBXX,9999,4.050e-5,3.152e-5,2.196e-5,4.685e-6,4.696e-6,3.963e-6
Y,188369,980.1,302.3,298.2,68.2,13.1,5.7,0,0000
T,2014,09,05,22,08,05
B,262165,19412,195,3447,159621,6457,165,3447,980.1,302.3
G,3132016,122140,135,3447,1845427,35141,118,3447,980.1,302.3
R,1285090,69471,6864,3447,759239,34980,6911,3447,980.1,302.3
D,NBXX,9999,3.034e-5,2.223e-5,1.511e-5,4.196e-6,3.881e-6,2.858e-6
Y,188742,980.1,302.3,298.2,68.5,13.1,5.7,0,0000
T,2014,09,05,22,13,05
B,263014,18659,173,3447,159064,6216,149,3448,980.1,302.3
G,3127646,118565,156,3447,1843789,34517,81,3448,980.1,302.3
R,1283804,68431,6717,3447,760578,35408,6658,3448,980.1,302.3
D,NBXX,9999,2.796e-5,2.116e-5,1.479e-5,3.520e-6,3.702e-6,3.416e-6
Y,188478,980.1,302.3,298.2,68.2,13.1,5.7,0,0000
T,2014,09,05,22,18,05
B,262728,18922,176,3447,158832,6375,132,3447,980.1,302.3
G,3127134,119460,146,3447,1839784,34694,125,3447,980.1,302.3
R,1283008,68845,6785,3447,760649,34979,6867,3447,980.1,302.3
D,NBXX,9999,2.888e-5,2.144e-5,1.487e-5,4.088e-6,3.751e-6,2.965e-6
Y,188447,980.1,302.3,298.1,68.0,13.1,5.7,0,0000
T,2014,09,05,22,23,05
B,263252,19075,172,3447,160019,6508,155,3447,980.1,302.3
G,3131908,122266,147,3447,1844625,35059,138,3447,980.1,302.3
R,1281117,69107,6822,3447,758110,35246,6917,3447,980.1,302.3
D,NBXX,9999,2.917e-5,2.226e-5,1.502e-5,4.395e-6,3.844e-6,3.085e-6
Y,188736,980.1,302.3,298.1,68.0,13.1,5.7,0,0000
T,2014,09,05,22,28,05
B,263305,20085,129,3448,159566,6611,159,3447,980.1,302.3
G,3128186,131169,131,3448,1843350,36034,131,3447,980.1,302.3
R,1282967,72969,6865,3448,759278,35276,6823,3447,980.1,302.3
D,NBXX,9999,3.242e-5,2.513e-5,1.739e-5,4.855e-6,4.176e-6,3.128e-6
Y,188456,980.1,302.3,298.2,68.5,13.1,5.7,0,0000
T,2014,09,05,22,33,05
B,263158,20859,191,3447,159648,6605,148,3447,980.1,302.3
G,3130353,136604,130,3447,1842247,36803,149,3447,980.1,302.3
R,1283849,75276,6663,3447,760614,36039,6478,3447,980.1,302.3
D,NBXX,9999,3.467e-5,2.680e-5,1.918e-5,4.658e-6,4.401e-6,3.979e-6
Y,188642,980.1,302.3,298.1,68.9,13.1,5.7,0,0000
T,2014,09,05,22,38,05
B,264558,21226,185,3447,159987,6826,162,3448,980.1,302.2
G,3127798,137612,145,3447,1845553,36962,130,3448,980.1,302.2
R,1280671,75811,6862,3447,760990,36021,6781,3448,980.1,302.2
D,NBXX,9999,3.544e-5,2.716e-5,1.925e-5,5.202e-6,4.459e-6,3.633e-6
Y,188487,980.1,302.2,298.1,68.9,13.1,5.7,0,0000
T,2014,09,05,22,43,05
B,262873,20691,171,3447,159403,6651,158,3447,980.3,302.2
G,3125279,134942,117,3447,1838723,36791,142,3447,980.3,302.2
R,1281859,74519,6820,3447,758807,36118,6819,3447,980.3,302.2
D,NBXX,9999,3.425e-5,2.636e-5,1.842e-5,4.858e-6,4.424e-6,3.690e-6
Y,188335,980.3,302.2,298.0,68.7,13.1,5.7,0,0000
T,2014,09,05,22,48,05
B,263207,20104,168,3448,159609,6532,192,3447,980.3,302.2
G,3132582,128328,150,3448,1843855,35988,142,3447,980.3,302.2
R,1286270,72026,6757,3448,760203,36038,6767,3447,980.3,302.2
D,NBXX,9999,3.225e-5,2.416e-5,1.684e-5,4.359e-6,4.135e-6,3.685e-6
Y,188721,980.3,302.2,298.0,70.3,13.1,5.7,0,0000
T,2014,09,05,22,53,05
B,263397,20142,168,3447,159652,6493,161,3447,980.4,302.2
G,3128727,131094,113,3447,1840050,35925,130,3447,980.4,302.2
R,1282840,72804,6904,3447,758910,35508,6817,3447,980.4,302.2
D,NBXX,9999,3.240e-5,2.510e-5,1.727e-5,4.317e-6,4.144e-6,3.244e-6
Y,188543,980.4,302.2,298.0,70.0,13.1,5.7,0,0000
T,2014,09,05,22,58,05
B,263052,20524,198,3447,159501,6552,194,3448,980.4,302.2
G,3131350,133167,179,3447,1844822,36102,149,3448,980.4,302.2
R,1282461,73875,6691,3447,761317,35464,6761,3448,980.4,302.2
D,NBXX,9999,3.344e-5,2.569e-5,1.814e-5,4.292e-6,4.156e-6,3.409e-6
Y,188702,980.4,302.2,298.0,70.0,13.1,5.7,0,0000
T,2014,09,05,23,03,05
B,264238,20254,207,3447,159238,6477,153,3447,980.4,302.2
G,3129939,130121,136,3447,1848447,35878,130,3447,980.4,302.2
R,1286283,72932,6683,3447,761125,35435,6573,3447,980.4,302.2
D,NBXX,9999,3.245e-5,2.477e-5,1.759e-5,4.097e-6,4.116e-6,3.500e-6
Y,188616,980.4,302.2,298.0,69.8,13.1,5.7,0,0000
T,2014,09,05,23,08,05
B,263703,20011,175,3448,160234,6470,171,3447,980.5,302.2
G,3130591,127934,162,3448,1843425,35882,131,3447,980.5,302.2
R,1284287,71591,6705,3448,758307,35438,6794,3447,980.5,302.2
D,NBXX,9999,3.187e-5,2.406e-5,1.664e-5,4.169e-6,4.108e-6,3.351e-6
Y,188601,980.5,302.2,298.0,69.8,13.1,5.7,0,0000
T,2014,09,05,23,13,05
B,261979,19611,163,3447,159664,6459,167,3447,980.5,302.2
G,3127354,125569,103,3447,1842605,35515,120,3447,980.5,302.2
R,1281651,70753,6660,3447,759732,35295,6532,3447,980.5,302.2
D,NBXX,9999,3.108e-5,2.338e-5,1.641e-5,4.310e-6,4.027e-6,3.504e-6
Y,188460,980.5,302.2,298.0,69.3,13.1,5.7,0,0000
T,2014,09,05,23,18,05
B,263884,19409,192,3447,158525,6181,168,3448,980.5,302.1
G,3128385,124240,110,3447,1844066,34837,103,3448,980.5,302.1
R,1282185,70029,6802,3447,758266,35183,6667,3448,980.5,302.1
D,NBXX,9999,2.989e-5,2.295e-5,1.575e-5,3.189e-6,3.809e-6,3.225e-6
Y,188522,980.5,302.1,298.0,69.3,13.1,5.7,0,0000
T,2014,09,05,23,23,05
B,263454,19401,185,3447,158989,6372,148,3447,980.5,302.1
G,3129376,121225,122,3447,1843071,34512,140,3447,980.5,302.1
R,1282561,69069,6758,3447,759184,34769,6765,3447,980.5,302.1
D,NBXX,9999,3.006e-5,2.197e-5,1.511e-5,3.911e-6,3.689e-6,2.932e-6
Y,188582,980.5,302.1,297.9,69.3,13.1,5.7,0,0000
T,2014,09,05,23,28,05
B,263310,18895,174,3448,159674,6208,151,3447,980.5,302.1
G,3127956,117218,159,3448,1841884,34268,131,3447,980.5,302.1
R,1280537,66963,6669,3448,757395,34622,6521,3447,980.5,302.1
D,NBXX,9999,2.856e-5,2.072e-5,1.409e-5,3.448e-6,3.609e-6,3.104e-6
Y,188442,980.5,302.1,298.0,69.2,13.1,5.7,0,0000
T,2014,09,05,23,33,05
B,263442,18100,147,3447,160401,6245,166,3447,980.5,302.1
G,3125649,112885,140,3447,1842192,33403,141,3447,980.5,302.1
R,1280818,65483,6622,3447,759171,33933,6655,3447,980.5,302.1
D,NBXX,9999,2.611e-5,1.938e-5,1.311e-5,3.591e-6,3.344e-6,2.607e-6
Y,188357,980.5,302.1,298.0,68.7,13.1,5.7,0,0000
T,2014,09,05,23,38,05
B,262629,17992,190,3447,158878,6160,140,3448,980.4,302.1
G,3127007,112511,162,3447,1841133,33628,115,3448,980.4,302.1
R,1283113,65075,6708,3447,759226,33823,6665,3448,980.4,302.1
D,NBXX,9999,2.589e-5,1.925e-5,1.274e-5,3.317e-6,3.409e-6,2.445e-6
Y,188439,980.4,302.1,298.0,68.7,13.1,5.7,0,0000
T,2014,09,05,23,43,05
B,262681,17849,165,3447,158808,6149,207,3447,980.3,302.1
G,3121929,110451,136,3447,1843075,33308,139,3447,980.3,302.1
R,1281328,64316,6558,3447,757158,34031,6732,3447,980.3,302.1
D,NBXX,9999,2.531e-5,1.865e-5,1.237e-5,3.148e-6,3.329e-6,2.654e-6
Y,188132,980.3,302.1,298.0,68.7,13.1,5.7,0,0000
T,2014,09,05,23,48,05
B,263233,17263,177,3448,158747,6221,165,3447,980.3,302.1
G,3128580,106666,148,3448,1841891,32692,145,3447,980.3,302.1
R,1282497,62356,6693,3448,757105,33477,6544,3447,980.3,302.1
D,NBXX,9999,2.349e-5,1.738e-5,1.116e-5,3.446e-6,3.109e-6,2.343e-6
Y,188479,980.3,302.1,298.0,68.5,13.1,5.7,0,0000
T,2014,09,05,23,53,05
B,263993,17068,187,3447,159968,6114,166,3447,980.3,302.1
G,3125618,106432,132,3447,1844189,32407,136,3447,980.3,302.1
R,1281576,62518,6577,3447,759783,33255,6502,3447,980.3,302.1
D,NBXX,9999,2.270e-5,1.734e-5,1.140e-5,3.020e-6,3.035e-6,2.323e-6
Y,188355,980.3,302.1,297.9,68.7,13.1,5.7,0,0000
T,2014,09,05,23,58,05
B,264306,17378,192,3447,159001,6167,143,3448,980.3,302.1
G,3130009,105850,140,3447,1846627,32159,155,3448,980.3,302.1
R,1282011,62323,6721,3447,760270,33474,6590,3448,980.3,302.1
D,NBXX,9999,2.366e-5,1.710e-5,1.110e-5,3.221e-6,2.929e-6,2.283e-6
Y,188621,980.3,302.1,297.9,68.7,13.1,5.7,0,0000
