T,2014,06,30,10,39,36
B,60391,4732,25,690,36177,1369,17,689,985.6,299.3
G,716628,29861,19,690,422984,7383,22,689,985.6,299.3
R,287589,13924,748,690,169772,5910,689,689,985.6,299.3
D,NBXX,7908,3.432e-5,2.371e-5,1.469e-5,3.245e-6,2.726e-6,2.893e-6
Y,215856,985.6,299.3,294.7,73.7,13.1,5.8,0,0000
T,2014,06,30,10,40,36
B,60481,4804,14,689,36260,1427,28,690,985.7,299.3
G,716166,30130,12,689,424673,7447,23,690,985.7,299.3
R,288068,13800,760,689,171047,5754,787,690,985.7,299.3
D,NBXX,7848,3.523e-5,2.411e-5,1.397e-5,3.972e-6,2.801e-6,2.075e-6
Y,216030,985.7,299.3,294.7,73.7,13.1,5.8,0,0000
T,2014,06,30,10,41,36
B,59910,4697,26,690,36268,1386,18,689,985.6,299.3
G,719018,29730,19,690,422375,7459,11,689,985.6,299.3
R,288275,13672,727,690,169735,5744,766,689,985.6,299.3
D,NBXX,7788,3.432e-5,2.341e-5,1.377e-5,3.601e-6,2.815e-6,2.246e-6
Y,216579,985.6,299.3,294.8,73.7,13.1,5.8,0,0000
T,2014,06,30,10,42,36
B,59668,4776,30,689,36363,1389,32,690,985.6,299.3
G,715911,30010,27,689,421655,7319,20,690,985.6,299.3
R,287468,13908,754,689,169367,5737,701,690,985.6,299.3
D,NBXX,7728,3.542e-5,2.394e-5,1.462e-5,3.369e-6,2.610e-6,2.338e-6
Y,215953,985.6,299.3,294.8,73.7,13.1,5.8,0,0000
T,2014,06,30,10,43,36
B,60327,4681,22,690,36808,1396,17,689,985.6,299.3
G,718232,29892,18,690,423505,7338,14,689,985.6,299.3
R,288528,13713,764,690,170408,5854,786,689,985.6,299.3
D,NBXX,7668,3.373e-5,2.367e-5,1.367e-5,3.692e-6,2.656e-6,2.354e-6
Y,216341,985.6,299.3,294.8,73.7,13.1,5.8,0,0000
T,2014,06,30,10,44,36
B,59632,4654,35,689,36413,1276,17,690,985.6,299.3
G,718203,29705,16,689,425638,7401,19,690,985.6,299.3
R,287170,13822,759,689,171620,5901,732,690,985.6,299.3
D,NBXX,7608,3.389e-5,2.341e-5,1.431e-5,1.947e-6,2.709e-6,2.677e-6
Y,216648,985.6,299.3,294.8,73.7,13.1,5.8,0,0000
T,2014,06,30,10,45,36
B,59731,4629,27,689,36643,1340,13,689,985.6,299.3
G,715776,29317,6,689,428655,7424,14,689,985.6,299.3
R,288334,13895,748,689,172663,5769,747,689,985.6,299.3
D,NBXX,7548,3.363e-5,2.304e-5,1.435e-5,3.045e-6,2.814e-6,2.286e-6
Y,215912,985.6,299.3,294.8,73.7,13.1,5.8,0,0000
T,2014,06,30,10,46,36
B,60193,4709,22,690,36276,1312,26,689,985.5,299.3
G,717763,29444,21,690,423391,7383,16,689,985.5,299.3
R,286173,13346,733,690,171565,5846,777,689,985.5,299.3
D,NBXX,7488,3.412e-5,2.308e-5,1.307e-5,2.408e-6,2.717e-6,2.548e-6
Y,216199,985.5,299.3,294.8,73.7,13.1,5.8,0,0000
T,2014,06,30,10,47,36
B,59714,4660,38,689,36792,1352,26,690,985.5,299.3
G,716407,29867,14,689,427396,7539,10,690,985.5,299.3
R,287921,13816,751,689,172219,5824,763,690,985.5,299.3
D,NBXX,7428,3.370e-5,2.375e-5,1.413e-5,2.799e-6,2.941e-6,2.370e-6
Y,216103,985.5,299.3,294.8,73.9,13.1,5.8,0,0000
T,2014,06,30,10,48,36
B,60206,4721,21,690,36940,1321,22,689,985.5,299.3
G,718984,29341,11,690,431273,7292,16,689,985.5,299.3
R,289337,13593,772,690,174039,5738,718,689,985.5,299.3
D,NBXX,7368,3.436e-5,2.288e-5,1.345e-5,2.612e-6,2.591e-6,2.200e-6
Y,216568,985.5,299.3,294.8,73.9,13.1,5.8,0,0000
T,2014,06,30,10,49,36
B,59510,4839,24,689,36521,1445,15,690,985.5,299.3
G,717349,30063,22,689,424045,7659,21,690,985.5,299.3
R,288358,14039,747,689,170418,5627,785,690,985.5,299.3
D,NBXX,7308,3.686e-5,2.394e-5,1.463e-5,4.590e-6,3.062e-6,1.771e-6
Y,216389,985.5,299.3,294.8,73.9,13.1,5.8,0,0000
T,2014,06,30,10,50,36
B,59799,4801,23,690,35530,1424,20,689,985.5,299.4
G,717632,30009,23,690,413797,7511,11,689,985.5,299.4
R,287546,14126,740,690,166767,5706,758,689,985.5,299.4
D,NBXX,7248,3.593e-5,2.386e-5,1.505e-5,4.190e-6,2.899e-6,2.156e-6
Y,216159,985.5,299.4,294.8,73.9,13.1,5.8,0,0000
T,2014,06,30,10,51,36
B,60089,4553,30,689,35215,1391,17,690,985.6,299.4
G,717181,29428,20,689,413085,7300,20,690,985.6,299.4
R,288420,13643,792,689,166464,5687,741,690,985.6,299.4
D,NBXX,7188,3.206e-5,2.308e-5,1.356e-5,3.511e-6,2.577e-6,1.926e-6
Y,216338,985.6,299.4,294.8,73.9,13.1,5.8,0,0000
T,2014,06,30,10,52,36
B,60124,4660,23,690,35835,1311,27,689,985.6,299.4
G,716796,29793,21,690,417400,7366,17,689,985.6,299.4
R,288679,13871,758,690,168190,5793,773,689,985.6,299.4
D,NBXX,7128,3.348e-5,2.361e-5,1.414e-5,2.382e-6,2.705e-6,2.244e-6
Y,215907,985.6,299.4,294.8,73.9,13.1,5.8,0,0000
T,2014,06,30,10,53,36
B,60213,4654,20,689,35800,1472,17,690,985.6,299.4
G,716868,30449,17,689,419024,7537,8,690,985.6,299.4
R,286709,14034,739,689,169304,5832,799,690,985.6,299.4
D,NBXX,7068,3.351e-5,2.453e-5,1.478e-5,4.768e-6,2.930e-6,2.363e-6
Y,216243,985.6,299.4,294.8,73.7,13.1,5.8,0,0000
T,2014,06,30,10,54,36
B,59735,4772,25,690,36012,1436,42,689,985.6,299.4
G,718844,30107,22,690,419107,7345,10,689,985.6,299.4
R,289403,13938,747,690,168852,5771,766,689,985.6,299.4
D,NBXX,7008,3.521e-5,2.393e-5,1.429e-5,3.987e-6,2.657e-6,2.214e-6
Y,216526,985.6,299.4,294.9,73.9,13.1,5.8,0,0000
T,2014,06,30,10,55,36
B,59456,4760,22,689,36018,1458,16,689,985.7,299.4
G,716541,30325,26,689,422999,7430,14,689,985.7,299.4
R,287081,13908,671,689,170488,5980,722,689,985.7,299.4
D,NBXX,6948,3.582e-5,2.435e-5,1.485e-5,4.838e-6,2.779e-6,3.219e-6
Y,216144,985.7,299.4,294.9,73.9,13.1,5.8,0,0000
T,2014,06,30,10,56,36
B,60024,4669,15,689,36431,1326,12,690,985.7,299.4
G,716660,30265,17,689,423906,7260,13,690,985.7,299.4
R,288363,13982,704,689,170383,5930,737,690,985.7,299.4
D,NBXX,6888,3.408e-5,2.428e-5,1.475e-5,2.944e-6,2.545e-6,2.864e-6
Y,216180,985.7,299.4,294.9,73.9,13.1,5.8,0,0000
T,2014,06,30,10,57,36
B,59781,4692,30,690,36210,1386,29,689,985.7,299.4
G,716059,30367,9,690,420625,7555,10,689,985.7,299.4
R,288754,14126,750,690,169369,5869,762,689,985.7,299.4
D,NBXX,6828,3.415e-5,2.447e-5,1.487e-5,3.396e-6,3.007e-6,2.504e-6
Y,215684,985.7,299.4,294.9,73.9,13.1,5.8,0,0000
T,2014,06,30,10,58,36
B,59858,4795,25,689,36950,1385,25,690,985.7,299.4
G,715132,30353,26,689,429159,7579,8,690,985.7,299.4
R,287469,14006,793,689,173410,5765,742,690,985.7,299.4
D,NBXX,6768,3.567e-5,2.448e-5,1.463e-5,3.450e-6,2.999e-6,2.164e-6
Y,215717,985.7,299.4,294.9,73.9,13.1,5.8,0,0000
T,2014,06,30,10,59,36
B,59807,4719,26,690,36617,1295,20,689,985.8,299.4
G,716581,30637,21,690,427043,7568,16,689,985.8,299.4
R,288265,14163,745,690,173243,5770,717,689,985.8,299.4
D,NBXX,6708,3.472e-5,2.478e-5,1.518e-5,2.314e-6,2.988e-6,2.413e-6
Y,215842,985.8,299.4,294.9,73.9,13.1,5.8,0,0000
T,2014,06,30,11,00,36
B,60043,4768,24,689,35568,1403,21,690,985.8,299.4
G,717933,30489,15,689,419981,7315,6,690,985.8,299.4
R,288346,13923,747,689,169753,5739,740,690,985.8,299.4
D,NBXX,6648,3.516e-5,2.453e-5,1.446e-5,3.726e-6,2.617e-6,2.211e-6
Y,216566,985.8,299.4,294.9,73.9,13.1,5.8,0,0000
T,2014,06,30,11,01,36
B,60196,4834,23,690,36096,1291,28,689,985.9,299.4
G,719539,31048,25,690,416233,7459,14,689,985.9,299.4
R,288611,14336,801,690,167819,5895,732,689,985.9,299.4
D,NBXX,6588,3.582e-5,2.517e-5,1.538e-5,2.063e-6,2.793e-6,2.514e-6
Y,216736,985.9,299.4,294.9,73.9,13.1,5.8,0,0000
T,2014,06,30,11,02,36
B,60259,4784,18,689,36249,1325,20,690,985.9,299.4
G,717279,30169,13,689,418149,7540,18,690,985.9,299.4
R,288296,13808,763,689,169446,5803,728,690,985.9,299.4
D,NBXX,6528,3.526e-5,2.411e-5,1.414e-5,2.681e-6,2.919e-6,2.371e-6
Y,216368,985.9,299.4,294.9,73.9,13.1,5.8,0,0000
T,2014,06,30,11,03,36
B,59727,4828,32,690,35343,1370,30,689,985.9,299.5
G,716566,30486,22,690,417777,7470,9,689,985.9,299.5
R,288392,13845,751,690,167827,5615,759,689,985.9,299.5
D,NBXX,6468,3.609e-5,2.459e-5,1.416e-5,3.137e-6,2.863e-6,1.843e-6
Y,215837,985.9,299.5,294.9,73.9,13.1,5.8,0,0000
T,2014,06,30,11,04,36
B,60034,4926,32,689,36236,1365,27,689,985.9,299.5
G,715240,30648,22,689,420492,7543,18,689,985.9,299.5
R,287698,13866,724,689,170007,5878,706,689,985.9,299.5
D,NBXX,6408,3.717e-5,2.487e-5,1.455e-5,2.994e-6,2.953e-6,2.805e-6
Y,215750,985.9,299.5,294.9,73.9,13.1,5.8,0,0000
T,2014,06,30,11,05,36
B,59455,4823,27,689,35781,1380,25,690,985.9,299.5
G,715653,30657,20,689,416877,7491,17,690,985.9,299.5
R,288671,13901,731,689,167205,5790,765,690,985.9,299.5
D,NBXX,6348,3.649e-5,2.486e-5,1.433e-5,3.473e-6,2.866e-6,2.307e-6
Y,215875,985.9,299.5,294.9,73.9,13.1,5.8,0,0000
T,2014,06,30,11,06,36
B,59785,4890,18,690,36275,1362,29,689,985.9,299.5
G,719817,30343,23,690,417935,7450,14,689,985.9,299.5
R,288432,13968,762,690,169422,5835,728,689,985.9,299.5
D,NBXX,6288,3.714e-5,2.419e-5,1.455e-5,3.252e-6,2.780e-6,2.494e-6
Y,216820,985.9,299.5,294.9,73.9,13.1,5.8,0,0000
T,2014,06,30,11,07,36
B,59738,4617,25,689,35676,1312,9,690,985.9,299.5
G,716973,30569,23,689,416226,7400,21,690,985.9,299.5
R,288666,14006,842,689,168204,5761,795,690,985.9,299.5
D,NBXX,6228,3.355e-5,2.465e-5,1.418e-5,2.719e-6,2.711e-6,1.792e-6
Y,216275,985.9,299.5,294.9,73.9,13.0,5.8,0,0000
T,2014,06,30,11,08,36
B,60872,4829,26,690,36585,1337,23,689,985.9,299.5
G,717346,30962,13,690,424589,7526,12,689,985.9,299.5
R,289299,14277,793,690,171480,5694,755,689,985.9,299.5
D,NBXX,6168,3.504e-5,2.520e-5,1.510e-5,2.542e-6,2.938e-6,1.904e-6
Y,216073,985.9,299.5,294.9,73.9,13.1,5.8,0,0000
T,2014,06,30,11,09,36
B,59620,4837,17,689,36374,1359,42,690,985.8,299.5
G,716687,30369,12,689,423035,7583,25,690,985.8,299.5
R,287697,14083,761,689,170712,5767,687,690,985.8,299.5
D,NBXX,6108,3.638e-5,2.441e-5,1.508e-5,3.009e-6,2.977e-6,2.432e-6
Y,216188,985.8,299.5,294.9,73.9,13.1,5.8,0,0000
T,2014,06,30,11,10,36
B,60255,4456,15,690,36449,1328,19,689,985.8,299.5
G,715463,29146,34,690,420903,7445,16,689,985.8,299.5
R,289534,13785,760,690,169553,5801,781,689,985.8,299.5
D,NBXX,6048,3.073e-5,2.278e-5,1.378e-5,2.842e-6,2.814e-6,2.203e-6
Y,215503,985.8,299.5,294.9,73.9,13.1,5.8,0,0000
T,2014,06,30,11,11,36
B,60086,4703,16,689,36740,1346,27,690,985.8,299.5
G,716880,30400,10,689,423777,7519,17,690,985.8,299.5
R,289604,14645,761,689,170819,6020,734,690,985.8,299.5
D,NBXX,5988,3.423e-5,2.446e-5,1.621e-5,2.945e-6,2.902e-6,2.887e-6
Y,216247,985.8,299.5,294.9,73.7,13.1,5.8,0,0000
T,2014,06,30,11,12,36
B,60225,4667,26,690,36540,1366,27,689,985.8,299.5
G,717652,31676,18,690,426060,7915,11,689,985.8,299.5
R,288638,15176,786,690,171703,5997,755,689,985.8,299.5
D,NBXX,5928,3.342e-5,2.616e-5,1.760e-5,3.075e-6,3.462e-6,2.761e-6
Y,216165,985.8,299.5,294.9,73.7,13.1,5.8,0,0000
T,2014,06,30,11,13,36
B,59947,4719,25,689,36767,1343,27,690,985.7,299.5
G,716121,29997,15,689,428720,7523,17,690,985.7,299.5
R,288288,14738,748,689,173169,5774,725,690,985.7,299.5
D,NBXX,5868,3.447e-5,2.394e-5,1.669e-5,2.799e-6,2.911e-6,2.350e-6
Y,216017,985.7,299.5,294.9,73.6,13.0,5.8,0,0000
T,2014,06,30,11,14,36
B,60149,4496,30,689,36464,1325,19,689,985.7,299.5
G,717622,29613,21,689,427030,7378,18,689,985.7,299.5
R,289014,14392,737,689,172627,5812,780,689,985.7,299.5
D,NBXX,5808,3.116e-5,2.331e-5,1.554e-5,2.561e-6,2.694e-6,2.307e-6
Y,216471,985.7,299.5,294.9,73.6,13.1,5.8,0,0000
T,2014,06,30,11,15,36
B,59732,4503,17,690,35931,1326,27,689,985.7,299.5
G,716959,29064,26,690,418308,7453,8,689,985.7,299.5
R,287925,14105,795,690,169171,5834,724,689,985.7,299.5
D,NBXX,5748,3.178e-5,2.260e-5,1.489e-5,2.808e-6,2.829e-6,2.420e-6
Y,215956,985.7,299.5,294.9,73.6,13.1,5.8,0,0000
T,2014,06,30,11,16,36
B,60079,4417,36,689,35861,1383,18,690,985.7,299.5
G,717171,29718,28,689,414687,7290,19,690,985.7,299.5
R,288131,14285,706,689,166903,5890,715,690,985.7,299.5
D,NBXX,5688,3.005e-5,2.347e-5,1.565e-5,3.288e-6,2.552e-6,2.828e-6
Y,216335,985.7,299.5,294.9,73.4,13.1,5.8,0,0000
T,2014,06,30,11,17,36
B,59997,4710,17,690,36128,1384,15,689,985.8,299.5
G,715227,30414,29,690,417164,7497,23,689,985.8,299.5
R,289263,14922,786,690,168081,5797,716,689,985.8,299.5
D,NBXX,5628,3.461e-5,2.453e-5,1.697e-5,3.741e-6,2.886e-6,2.323e-6
Y,215432,985.8,299.5,294.9,73.4,13.1,5.8,0,0000
T,2014,06,30,11,18,36
B,60220,4655,24,689,36298,1369,12,690,985.9,299.5
G,717928,32176,15,689,420404,7931,22,690,985.9,299.5
R,289107,15815,729,689,168507,5940,726,690,985.9,299.5
D,NBXX,5568,3.353e-5,2.681e-5,1.952e-5,3.341e-6,3.436e-6,2.818e-6
Y,216564,985.9,299.5,294.9,73.4,13.1,5.8,0,0000
T,2014,06,30,11,19,36
B,60337,4736,13,690,35909,1377,22,689,985.9,299.5
G,717205,32873,16,690,417052,7897,6,689,985.9,299.5
R,288741,16120,764,690,168571,5954,713,689,985.9,299.5
D,NBXX,5508,3.455e-5,2.784e-5,2.031e-5,3.488e-6,3.455e-6,2.841e-6
Y,216030,985.9,299.5,294.9,73.2,13.1,5.8,0,0000
T,2014,06,30,11,20,36
B,59848,4657,23,689,36308,1357,27,690,985.9,299.5
G,717343,33090,12,689,419312,7716,13,690,985.9,299.5
R,287634,16151,725,689,169773,5939,730,690,985.9,299.5
D,NBXX,5448,3.373e-5,2.812e-5,2.062e-5,3.058e-6,3.169e-6,2.873e-6
Y,216387,985.9,299.5,294.9,73.2,13.1,5.8,0,0000
T,2014,06,30,11,21,36
B,59817,4924,11,690,36050,1400,17,689,985.9,299.5
G,717131,33792,29,690,420133,7935,19,689,985.9,299.5
R,289166,16593,754,690,169664,6076,716,689,985.9,299.5
D,NBXX,5388,3.789e-5,2.907e-5,2.154e-5,4.090e-6,3.467e-6,3.172e-6
Y,216008,985.9,299.5,294.9,73.2,13.1,5.8,0,0000
T,2014,06,30,11,22,36
B,60202,4975,15,689,36142,1337,22,690,985.9,299.5
G,716467,33949,17,689,419661,7691,8,690,985.9,299.5
R,288207,16618,795,689,169364,5909,787,690,985.9,299.5
D,NBXX,5328,3.802e-5,2.936e-5,2.140e-5,2.882e-6,3.148e-6,2.375e-6
Y,216122,985.9,299.5,294.9,73.2,13.1,5.8,0,0000
T,2014,06,30,11,23,36
B,59679,4792,27,690,35913,1452,25,689,985.9,299.5
G,717820,33726,17,690,416968,7908,18,689,985.9,299.5
R,288297,16331,790,690,168454,6011,751,689,985.9,299.5
D,NBXX,5268,3.579e-5,2.895e-5,2.074e-5,4.478e-6,3.440e-6,2.812e-6
Y,216216,985.9,299.5,294.9,73.2,13.1,5.8,0,0000
T,2014,06,30,11,24,36
B,60160,4936,17,689,35725,1450,17,689,986.0,299.5
G,714781,33178,15,689,414284,7653,13,689,986.0,299.5
R,288377,16339,696,689,166865,6134,772,689,986.0,299.5
D,NBXX,5208,3.757e-5,2.840e-5,2.098e-5,4.556e-6,3.131e-6,3.345e-6
Y,215611,986.0,299.5,294.9,73.2,13.1,5.8,0,0000
T,2014,06,30,11,25,36
B,60170,4963,26,689,36361,1332,10,690,986.1,299.5
G,717173,34214,21,689,419499,8012,5,690,986.1,299.5
R,288143,16657,713,689,168866,6046,760,690,986.1,299.5
D,NBXX,5148,3.788e-5,2.965e-5,2.185e-5,2.824e-6,3.562e-6,3.083e-6
Y,216335,986.1,299.5,294.9,73.2,13.1,5.8,0,0000
