T,2014,09,09,00,02,16
B,261165,18617,139,3448,158482,5840,103,3447,980.8,300.2
G,3126923,114064,86,3448,1843186,32306,88,3447,980.8,300.2
R,1266098,58827,4759,3448,748216,29173,4772,3447,980.8,300.2
D,NBXX,9999,2.829e-5,1.969e-5,1.198e-5,2.666e-6,2.996e-6,2.476e-6
Y,188379,980.8,300.2,295.9,65.0,13.1,5.7,0,0000
T,2014,09,09,00,07,16
B,261619,18143,130,3447,158769,6023,137,3447,980.8,300.1
G,3126619,113314,119,3447,1840813,32043,114,3447,980.8,300.1
R,1269534,58401,4796,3447,749344,28902,4915,3447,980.8,300.1
D,NBXX,9999,2.663e-5,1.944e-5,1.151e-5,3.110e-6,2.889e-6,2.141e-6
Y,188416,980.8,300.1,295.9,64.8,13.1,5.7,0,0000
T,2014,09,09,00,12,16
B,260616,17483,137,3447,159471,5933,145,3448,980.8,300.2
G,3126770,107010,114,3447,1844203,31074,94,3448,980.8,300.2
R,1266383,56347,4794,3447,751476,28542,4862,3448,980.8,300.2
D,NBXX,9999,2.473e-5,1.745e-5,1.033e-5,2.837e-6,2.589e-6,1.979e-6
Y,188425,980.8,300.2,295.9,64.0,13.1,5.7,0,0000
T,2014,09,09,00,17,16
B,262728,17047,121,3447,157742,5667,138,3447,980.8,300.1
G,3124000,103921,96,3447,1840691,30772,108,3447,980.8,300.1
R,1265716,55919,4721,3447,747715,28440,4697,3447,980.8,300.1
D,NBXX,9999,2.303e-5,1.651e-5,1.025e-5,1.960e-6,2.507e-6,2.098e-6
Y,188257,980.8,300.1,295.9,63.7,13.1,5.7,0,0000
T,2014,09,09,00,22,16
B,261046,17230,111,3448,158888,5766,100,3447,980.7,300.1
G,3128718,103740,84,3448,1843345,30840,79,3447,980.7,300.1
R,1266125,55357,4739,3448,748335,28391,4713,3447,980.7,300.1
D,NBXX,9999,2.410e-5,1.642e-5,9.871e-6,2.555e-6,2.532e-6,2.044e-6
Y,188488,980.7,300.1,295.9,63.7,13.0,5.7,0,0000
T,2014,09,09,00,27,16
B,262098,16890,128,3447,158601,5774,132,3447,980.7,300.1
G,3122089,103919,98,3447,1843604,30496,85,3447,980.7,300.1
R,1267599,55406,4675,3447,749541,28802,4747,3447,980.7,300.1
D,NBXX,9999,2.266e-5,1.654e-5,9.892e-6,2.329e-6,2.433e-6,2.306e-6
Y,188142,980.7,300.1,295.8,63.8,13.1,5.7,0,0000
T,2014,09,09,00,32,16
B,261979,17185,130,3447,159109,5750,129,3448,980.7,300.0
G,3130902,104639,86,3447,1840600,31189,93,3448,980.7,300.0
R,1264505,55604,4694,3447,748200,28700,4741,3448,980.7,300.0
D,NBXX,9999,2.360e-5,1.667e-5,1.007e-5,2.261e-6,2.623e-6,2.255e-6
Y,188675,980.7,300.0,295.8,63.8,13.1,5.7,0,0000
T,2014,09,09,00,37,16
B,261256,17163,105,3447,158348,5755,119,3447,980.7,300.0
G,3127246,104014,109,3447,1842149,30579,114,3447,980.7,300.0
R,1265118,55680,4606,3447,748874,27888,4734,3447,980.7,300.0
D,NBXX,9999,2.381e-5,1.650e-5,1.017e-5,2.455e-6,2.429e-6,1.815e-6
Y,188454,980.7,300.0,295.8,63.8,13.1,5.7,0,0000
T,2014,09,09,00,42,16
B,261116,17021,105,3448,157990,5627,128,3447,980.7,300.0
G,3128992,102970,87,3448,1840939,30486,91,3447,980.7,300.0
R,1266140,54946,4781,3448,745756,28246,4669,3447,980.7,300.0
D,NBXX,9999,2.336e-5,1.617e-5,9.615e-6,2.037e-6,2.414e-6,1.954e-6
Y,188504,980.7,300.0,295.8,63.8,13.0,5.7,0,0000
T,2014,09,09,00,47,16
B,261203,17044,106,3447,158886,5588,135,3447,980.7,300.0
G,3128792,103441,103,3447,1841941,30677,79,3447,980.7,300.0
R,1263872,55615,4735,3447,749464,28169,4651,3447,980.7,300.0
D,NBXX,9999,2.338e-5,1.632e-5,1.013e-5,1.876e-6,2.470e-6,1.968e-6
Y,188547,980.7,300.0,295.8,64.0,13.1,5.7,0,0000
T,2014,09,09,00,52,16
B,258293,16871,127,3408,156035,5756,95,3410,980.7,300.0
G,3089074,102768,111,3408,1818327,30428,103,3410,980.7,300.0
R,1250317,54789,4498,3408,738068,28246,4718,3410,980.7,300.0
D,NBXX,9999,2.350e-5,1.651e-5,1.003e-5,2.651e-6,2.497e-6,2.251e-6
Y,188283,980.7,300.0,295.8,64.0,13.1,5.7,0,0008
T,2014,09,09,00,57,16
B,261722,17222,130,3447,159273,5876,108,3447,980.7,300.0
G,3128124,103631,104,3447,1846011,31006,73,3447,980.7,300.0
R,1265312,55884,4561,3447,750027,28744,4634,3447,980.7,300.0
D,NBXX,9999,2.385e-5,1.638e-5,1.040e-5,2.750e-6,2.578e-6,2.455e-6
Y,188507,980.7,300.0,295.8,64.0,13.1,5.7,0,0000
T,2014,09,09,01,02,16
B,261009,17029,111,3448,158487,5764,106,3447,980.7,300.0
G,3128772,104784,104,3448,1840627,30997,71,3447,980.7,300.0
R,1267158,55545,4774,3448,748102,28193,4660,3447,980.7,300.0
D,NBXX,9999,2.346e-5,1.674e-5,9.979e-6,2.529e-6,2.577e-6,1.924e-6
Y,188491,980.7,300.0,295.8,64.0,13.1,5.7,0,0000
T,2014,09,09,01,07,16
B,261892,17256,126,3447,158153,5904,119,3447,980.7,300.0
G,3124798,105410,91,3447,1843687,31132,80,3447,980.7,300.0
R,1267245,56148,4621,3447,749014,28371,4620,3447,980.7,300.0
D,NBXX,9999,2.389e-5,1.698e-5,1.049e-5,2.800e-6,2.630e-6,2.171e-6
Y,188305,980.7,300.0,295.8,64.2,13.1,5.7,0,0000
T,2014,09,09,01,12,16
B,262598,17170,132,3447,158251,5888,143,3448,980.7,300.0
G,3128334,105353,94,3447,1844865,30894,93,3448,980.7,300.0
R,1266555,55370,4640,3447,747716,28285,4429,3448,980.7,300.0
D,NBXX,9999,2.338e-5,1.692e-5,1.014e-5,2.591e-6,2.535e-6,2.244e-6
Y,188519,980.7,300.0,295.8,64.2,13.1,5.7,0,0000
T,2014,09,09,01,17,16
B,262292,17435,86,3447,158401,5769,115,3447,980.7,300.1
G,3127159,107408,79,3447,1848469,31614,74,3447,980.7,300.1
R,1266214,57001,4779,3447,750117,28485,4604,3447,980.7,300.1
D,NBXX,9999,2.452e-5,1.760e-5,1.094e-5,2.513e-6,2.782e-6,2.148e-6
Y,188448,980.7,300.1,295.9,64.2,13.0,5.7,0,0000
T,2014,09,09,01,22,16
B,261761,17839,102,3448,158133,5944,112,3447,980.8,300.1
G,3132681,110386,103,3448,1840770,31536,94,3447,980.8,300.1
R,1266741,57573,4594,3448,748568,28761,4651,3447,980.8,300.1
D,NBXX,9999,2.584e-5,1.846e-5,1.139e-5,3.051e-6,2.726e-6,2.420e-6
Y,188727,980.8,300.1,295.9,64.0,13.1,5.7,0,0000
T,2014,09,09,01,27,16
B,261647,17908,138,3447,158462,5856,108,3447,980.8,300.1
G,3131724,112071,116,3447,1846593,31863,87,3447,980.8,300.1
R,1265564,58126,4508,3447,749405,28667,4473,3447,980.8,300.1
D,NBXX,9999,2.597e-5,1.900e-5,1.195e-5,2.664e-6,2.827e-6,2.560e-6
Y,188724,980.8,300.1,295.9,64.2,13.1,5.7,0,0000
T,2014,09,09,01,32,16
B,261340,18240,101,3447,157782,6066,141,3448,980.9,300.1
G,3134660,112081,89,3447,1847704,31922,95,3448,980.9,300.1
R,1265444,57730,4620,3447,747148,28585,4608,3448,980.9,300.1
D,NBXX,9999,2.708e-5,1.897e-5,1.153e-5,3.347e-6,2.841e-6,2.326e-6
Y,188902,980.9,300.1,296.0,64.0,13.0,5.7,0,0000
T,2014,09,09,01,37,16
B,262040,18305,120,3447,159053,5836,120,3447,980.8,300.2
G,3130463,113287,100,3447,1846494,31899,82,3447,980.8,300.2
R,1264648,58640,4608,3447,748256,28576,4616,3447,980.8,300.2
D,NBXX,9999,2.714e-5,1.940e-5,1.212e-5,2.597e-6,2.850e-6,2.334e-6
Y,188648,980.8,300.2,296.0,64.0,13.1,5.7,0,0000
T,2014,09,09,01,42,16
B,262248,19053,132,3447,157936,6047,126,3447,980.9,300.2
G,3131385,117145,107,3447,1846664,32386,81,3447,980.9,300.2
R,1266180,59700,4730,3447,749814,29147,4589,3447,980.9,300.2
D,NBXX,9999,2.935e-5,2.061e-5,1.268e-5,3.174e-6,2.999e-6,2.609e-6
Y,188704,980.9,300.2,296.0,64.0,13.1,5.7,0,0000
T,2014,09,09,01,47,16
B,260395,19256,107,3448,159042,5989,90,3447,980.9,300.2
G,3132400,119495,75,3448,1846579,32799,96,3447,980.9,300.2
R,1267827,60446,4668,3448,746992,28971,4661,3447,980.9,300.2
D,NBXX,9999,3.062e-5,2.134e-5,1.310e-5,3.346e-6,3.135e-6,2.481e-6
Y,188710,980.9,300.2,296.0,64.0,13.1,5.7,0,0000
T,2014,09,09,01,52,16
B,261175,19336,125,3447,158340,5998,99,3447,980.9,300.2
G,3131689,120890,99,3447,1850548,32899,77,3447,980.9,300.2
R,1267915,61337,4755,3447,751115,29344,4603,3447,980.9,300.2
D,NBXX,9999,3.059e-5,2.179e-5,1.363e-5,3.217e-6,3.164e-6,2.688e-6
Y,188722,980.9,300.2,296.0,64.2,13.1,5.7,0,0000
T,2014,09,09,01,57,16
B,261396,19471,126,3447,159004,6012,114,3448,980.9,300.2
G,3133257,120407,94,3447,1846306,32742,90,3448,980.9,300.2
R,1266721,60435,4490,3447,749922,28976,4728,3448,980.9,300.2
D,NBXX,9999,3.091e-5,2.161e-5,1.320e-5,3.183e-6,3.103e-6,2.566e-6
Y,188817,980.9,300.2,296.0,64.0,13.1,5.7,0,0000
T,2014,09,09,02,02,16
B,261213,19496,139,3447,158355,6042,151,3447,980.9,300.2
G,3131379,122975,78,3447,1842822,33323,103,3447,980.9,300.2
R,1265073,61049,4542,3447,748749,29066,4755,3447,980.9,300.2
D,NBXX,9999,3.085e-5,2.245e-5,1.357e-5,3.113e-6,3.297e-6,2.584e-6
Y,188704,980.9,300.2,296.0,63.8,13.1,5.7,0,0000
T,2014,09,09,02,07,16
B,261819,19624,131,3448,158853,5914,139,3447,980.9,300.2
G,3133764,123981,86,3448,1846807,33263,68,3447,980.9,300.2
R,1266532,61196,4688,3448,750055,29508,4590,3447,980.9,300.2
D,NBXX,9999,3.118e-5,2.274e-5,1.364e-5,2.751e-6,3.283e-6,2.866e-6
Y,188793,980.9,300.2,296.0,64.0,13.1,5.7,0,0000
T,2014,09,09,02,12,16
B,261985,20076,143,3447,158314,6222,144,3447,980.8,300.2
G,3130093,125550,104,3447,1849024,33487,81,3447,980.8,300.2
R,1266409,62748,4714,3447,748450,29540,4658,3447,980.8,300.2
D,NBXX,9999,3.249e-5,2.327e-5,1.454e-5,3.631e-6,3.351e-6,2.814e-6
Y,188626,980.8,300.2,296.0,64.0,13.1,5.7,0,0000
T,2014,09,09,02,17,16
B,262654,19894,119,3447,159255,6048,111,3448,980.8,300.2
G,3135048,125779,104,3447,1847823,33595,95,3448,980.8,300.2
R,1267563,62908,4716,3447,751956,29470,4641,3448,980.8,300.2
D,NBXX,9999,3.197e-5,2.328e-5,1.463e-5,3.245e-6,3.361e-6,2.766e-6
Y,188925,980.8,300.2,296.0,64.0,13.1,5.7,0,0000
T,2014,09,09,02,22,16
B,262706,20450,128,3447,157981,6028,111,3447,980.8,300.2
G,3130817,127512,94,3447,1844706,33518,105,3447,980.8,300.2
R,1266783,63291,4681,3447,746417,29785,4644,3447,980.8,300.2
D,NBXX,9999,3.365e-5,2.388e-5,1.491e-5,3.152e-6,3.354e-6,2.998e-6
Y,188670,980.8,300.2,296.0,64.0,13.1,5.7,0,0000
T,2014,09,09,02,27,16
B,262939,20421,108,3448,157504,6060,130,3447,980.8,300.2
G,3132333,128467,108,3448,1845742,33507,105,3447,980.8,300.2
R,1266134,63464,4719,3448,748270,29777,4663,3447,980.8,300.2
D,NBXX,9999,3.350e-5,2.416e-5,1.499e-5,3.244e-6,3.343e-6,2.962e-6
Y,188706,980.8,300.2,296.1,63.8,13.1,5.7,0,0000
T,2014,09,09,02,32,16
B,262319,20186,108,3447,158914,6154,142,3447,980.8,300.2
G,3134418,128607,100,3447,1846651,33863,97,3447,980.8,300.2
R,1265786,63379,4641,3447,749340,29608,4699,3447,980.8,300.2
D,NBXX,9999,3.288e-5,2.418e-5,1.498e-5,3.530e-6,3.451e-6,2.886e-6
Y,188887,980.8,300.2,296.1,63.8,13.1,5.7,0,0000
T,2014,09,09,02,37,16
B,261947,20165,100,3447,157742,5928,100,3448,980.8,300.2
G,3136625,128522,104,3447,1848136,33785,81,3448,980.8,300.2
R,1264803,63895,4744,3447,746505,29416,4657,3448,980.8,300.2
D,NBXX,9999,3.308e-5,2.413e-5,1.528e-5,3.028e-6,3.420e-6,2.726e-6
Y,189021,980.8,300.2,296.1,63.8,13.1,5.7,0,0000
T,2014,09,09,02,42,16
B,261443,20561,142,3447,158422,6219,132,3447,980.8,300.3
G,3129063,129243,81,3447,1847723,33790,99,3447,980.8,300.3
R,1268069,63699,4705,3447,748861,29460,4784,3447,980.8,300.3
D,NBXX,9999,3.420e-5,2.445e-5,1.501e-5,3.720e-6,3.452e-6,2.664e-6
Y,188563,980.8,300.3,296.1,63.8,13.1,5.7,0,0000
T,2014,09,09,02,47,17
B,260918,20365,122,3448,158099,5997,106,3447,980.8,300.3
G,3126433,129661,83,3448,1841319,34252,63,3447,980.8,300.3
R,1265194,63627,4606,3448,748974,29662,4691,3447,980.8,300.3
D,NBXX,9999,3.388e-5,2.463e-5,1.518e-5,3.236e-6,3.623e-6,2.961e-6
Y,188350,980.8,300.3,296.1,63.8,13.1,5.7,0,0000
T,2014,09,09,02,52,16
B,260622,19951,133,3447,159569,6187,114,3447,980.8,300.3
G,3133263,127419,97,3447,1849322,33567,97,3447,980.8,300.3
R,1266752,63009,4792,3447,748729,29284,4638,3447,980.8,300.3
D,NBXX,9999,3.259e-5,2.382e-5,1.466e-5,3.776e-6,3.363e-6,2.609e-6
Y,188818,980.8,300.3,296.1,63.8,13.1,5.7,0,0000
T,2014,09,09,02,57,17
B,261913,20283,112,3447,159135,6208,121,3448,980.8,300.3
G,3133393,128377,103,3447,1847943,34087,105,3448,980.8,300.3
R,1265309,63629,4825,3447,749644,29510,4593,3448,980.8,300.3
D,NBXX,9999,3.337e-5,2.411e-5,1.509e-5,3.795e-6,3.518e-6,2.768e-6
Y,188825,980.8,300.3,296.1,63.8,13.1,5.7,0,0000
T,2014,09,09,03,02,16
B,261592,20249,123,3447,159027,6130,113,3447,980.8,300.3
G,3131081,127648,97,3447,1847208,33866,138,3447,980.8,300.3
R,1267326,62813,4694,3447,747188,29570,4715,3447,980.8,300.3
D,NBXX,9999,3.333e-5,2.391e-5,1.453e-5,3.570e-6,3.449e-6,2.798e-6
Y,188686,980.8,300.3,296.1,64.0,13.1,5.7,0,0000
T,2014,09,09,03,07,17
B,261236,20473,122,3448,158585,6032,131,3447,980.8,300.3
G,3137032,128538,106,3448,1847026,33963,57,3447,980.8,300.3
R,1263223,63737,4780,3448,749603,29565,4639,3447,980.8,300.3
D,NBXX,9999,3.405e-5,2.413e-5,1.521e-5,3.233e-6,3.489e-6,2.830e-6
Y,188990,980.8,300.3,296.1,63.8,13.1,5.7,0,0000
T,2014,09,09,03,12,16
B,262808,20768,127,3447,157772,6342,111,3447,980.8,300.3
G,3129469,130149,110,3447,1845289,34187,91,3447,980.8,300.3
R,1266068,64290,4676,3447,746833,29940,4659,3447,980.8,300.3
D,NBXX,9999,3.464e-5,2.473e-5,1.554e-5,4.135e-6,3.568e-6,3.095e-6
Y,188588,980.8,300.3,296.1,63.8,13.1,5.7,0,0000
T,2014,09,09,03,17,17
B,261543,20870,139,3447,158936,6151,135,3448,980.8,300.3
G,3133558,130942,89,3447,1844962,33930,88,3448,980.8,300.3
R,1267782,64271,4633,3447,748553,29756,4718,3448,980.8,300.3
D,NBXX,9999,3.513e-5,2.493e-5,1.548e-5,3.496e-6,3.479e-6,2.947e-6
Y,188835,980.8,300.3,296.1,63.7,13.1,5.7,0,0000
T,2014,09,09,03,22,17
B,261615,20618,98,3447,158251,6104,111,3447,980.8,300.3
G,3129291,128559,104,3447,1843835,34329,109,3447,980.8,300.3
R,1265424,63044,4787,3447,749490,29851,4682,3447,980.8,300.3
D,NBXX,9999,3.456e-5,2.422e-5,1.468e-5,3.585e-6,3.609e-6,2.948e-6
Y,188577,980.8,300.3,296.1,63.8,13.1,5.7,0,0000
T,2014,09,09,03,27,17
B,261452,20436,110,3448,158708,6150,120,3447,980.8,300.3
G,3134802,128412,106,3448,1842043,33947,101,3447,980.8,300.3
R,1267415,63514,4590,3448,747665,29721,4592,3447,980.8,300.3
D,NBXX,9999,3.396e-5,2.411e-5,1.513e-5,3.669e-6,3.475e-6,3.061e-6
Y,188856,980.8,300.3,296.1,63.8,13.1,5.7,0,0000
T,2014,09,09,03,32,17
B,261620,20869,110,3447,158840,6122,105,3447,980.7,300.3
G,3133172,130239,85,3447,1847576,33949,75,3447,980.7,300.3
R,1266133,63376,4678,3447,747612,29681,4605,3447,980.7,300.3
D,NBXX,9999,3.532e-5,2.472e-5,1.501e-5,3.619e-6,3.496e-6,2.970e-6
Y,188812,980.7,300.3,296.1,63.8,13.1,5.7,0,0000
T,2014,09,09,03,37,17
B,261969,21155,99,3447,158858,6073,102,3448,980.7,300.3
G,3134165,132668,127,3447,1849137,34272,82,3448,980.7,300.3
R,1265859,65009,4775,3447,750552,29857,4646,3448,980.7,300.3
D,NBXX,9999,3.617e-5,2.546e-5,1.594e-5,3.487e-6,3.573e-6,2.978e-6
Y,188872,980.7,300.3,296.1,63.7,13.1,5.7,0,0000
T,2014,09,09,03,42,17
B,261305,20632,145,3447,158171,6086,134,3447,980.7,300.2
G,3132083,129841,78,3447,1844381,33904,111,3447,980.7,300.2
R,1264646,63503,4685,3447,748824,29635,4630,3447,980.7,300.2
D,NBXX,9999,3.441e-5,2.460e-5,1.510e-5,3.284e-6,3.475e-6,2.932e-6
Y,188746,980.7,300.2,296.1,64.0,13.1,5.7,0,0000
T,2014,09,09,03,47,17
B,262457,20652,136,3448,158268,6149,111,3447,980.7,300.2
G,3132284,131010,84,3448,1848587,34097,74,3447,980.7,300.2
R,1267880,64086,4749,3448,749605,29619,4674,3447,980.7,300.2
D,NBXX,9999,3.430e-5,2.498e-5,1.530e-5,3.521e-6,3.549e-6,2.817e-6
Y,188703,980.7,300.2,296.1,64.0,13.1,5.7,0,0000
T,2014,09,09,03,52,17
B,261265,21290,133,3447,158845,6093,113,3447,980.7,300.2
G,3131612,131107,92,3447,1840752,34393,86,3447,980.7,300.2
R,1263343,64280,4750,3447,745893,29327,4682,3447,980.7,300.2
D,NBXX,9999,3.658e-5,2.501e-5,1.554e-5,3.428e-6,3.634e-6,2.665e-6
Y,188718,980.7,300.2,296.1,64.0,13.1,5.7,0,0000
T,2014,09,09,03,57,16
B,260989,21302,114,3447,158560,6236,131,3447,980.7,300.2
G,3129435,135048,105,3447,1843126,34789,67,3447,980.7,300.2
R,1267778,64993,4712,3447,748117,29919,4699,3447,980.7,300.2
D,NBXX,9999,3.669e-5,2.628e-5,1.588e-5,3.896e-6,3.769e-6,3.010e-6
Y,188586,980.7,300.2,296.0,64.0,13.1,5.7,0,0000
T,2014,09,09,04,02,17
B,262479,20877,136,3447,157650,6090,137,3448,980.7,300.2
G,3130918,131850,101,3447,1846331,34351,109,3448,980.7,300.2
R,1266686,63909,4715,3447,748369,29914,4705,3448,980.7,300.2
D,NBXX,9999,3.490e-5,2.524e-5,1.523e-5,3.232e-6,3.609e-6,3.006e-6
Y,188676,980.7,300.2,296.0,64.2,13.1,5.7,0,0000
T,2014,09,09,04,07,17
B,261457,21200,109,3447,158584,6068,105,3447,980.6,300.2
G,3135383,132598,78,3447,1849044,34276,60,3447,980.6,300.2
R,1265980,63830,4627,3447,746566,29749,4735,3447,980.6,300.2
D,NBXX,9999,3.637e-5,2.544e-5,1.524e-5,3.452e-6,3.599e-6,2.956e-6
Y,188946,980.6,300.2,296.0,64.2,13.1,5.7,0,0000
T,2014,09,09,04,12,17
B,260718,21063,134,3448,158112,6256,113,3447,980.6,300.2
G,3130048,132442,91,3448,1844856,34413,92,3447,980.6,300.2
R,1265806,64073,4749,3448,747819,29256,4645,3447,980.6,300.2
D,NBXX,9999,3.601e-5,2.545e-5,1.537e-5,3.976e-6,3.647e-6,2.630e-6
Y,188568,980.6,300.2,296.0,64.3,13.1,5.7,0,0000
T,2014,09,09,04,17,17
B,261319,21303,123,3447,158041,6177,110,3447,980.6,300.2
G,3130382,133734,106,3447,1846243,34449,118,3447,980.6,300.2
R,1264404,64721,4543,3447,748274,29614,4649,3447,980.6,300.2
D,NBXX,9999,3.666e-5,2.584e-5,1.596e-5,3.732e-6,3.639e-6,3.010e-6
Y,188643,980.6,300.2,296.0,64.2,13.1,5.7,0,0000
T,2014,09,09,04,22,17
B,260514,21358,105,3447,159121,6304,155,3448,980.6,300.1
G,3135167,133339,118,3447,1847547,34590,74,3448,980.6,300.1
R,1264711,64803,4832,3447,748632,29964,4648,3448,980.6,300.1
D,NBXX,9999,3.693e-5,2.566e-5,1.580e-5,4.083e-6,3.676e-6,3.013e-6
Y,188933,980.6,300.1,295.9,64.2,13.1,5.7,0,0000
T,2014,09,09,04,27,17
B,261667,21167,130,3447,158632,6330,101,3447,980.6,300.1
G,3132328,134198,82,3447,1845807,34625,80,3447,980.6,300.1
R,1266174,63991,4599,3447,749625,29549,4647,3447,980.6,300.1
D,NBXX,9999,3.615e-5,2.598e-5,1.542e-5,4.191e-6,3.711e-6,2.914e-6
Y,188761,980.6,300.1,295.9,64.3,13.1,5.7,0,0000
T,2014,09,09,04,32,17
B,261118,21486,102,3448,158370,6333,124,3447,980.5,300.1
G,3132626,134411,100,3448,1846682,35007,103,3447,980.5,300.1
R,1266226,64717,4536,3448,748911,29670,4630,3447,980.5,300.1
D,NBXX,9999,3.733e-5,2.603e-5,1.593e-5,4.278e-6,3.818e-6,3.051e-6
Y,188724,980.5,300.1,295.9,64.5,13.0,5.7,0,0000
T,2014,09,09,04,37,17
B,261641,21325,148,3447,157296,6281,125,3447,980.5,300.1
G,3127696,133691,91,3447,1843682,34903,96,3447,980.5,300.1
R,1264461,64539,4535,3447,746985,29717,4577,3447,980.5,300.1
D,NBXX,9999,3.653e-5,2.587e-5,1.590e-5,3.903e-6,3.806e-6,3.132e-6
Y,188481,980.5,300.1,295.9,64.5,13.1,5.7,0,0000
T,2014,09,09,04,42,17
B,262147,21098,166,3447,158212,6240,114,3448,980.5,300.1
G,3131377,132978,93,3447,1844599,34962,100,3448,980.5,300.1
R,1265501,64710,4620,3447,748181,29740,4528,3448,980.5,300.1
D,NBXX,9999,3.567e-5,2.560e-5,1.596e-5,3.709e-6,3.806e-6,3.106e-6
Y,188703,980.5,300.1,295.9,64.6,13.1,5.7,0,0000
T,2014,09,09,04,47,17
B,262236,22000,110,3447,158956,6346,104,3447,980.5,300.1
G,3133616,136336,124,3447,1841706,34950,123,3447,980.5,300.1
R,1266142,65811,4614,3447,747328,29819,4687,3447,980.5,300.1
D,NBXX,9999,3.869e-5,2.661e-5,1.652e-5,4.275e-6,3.778e-6,3.043e-6
Y,188839,980.5,300.1,295.9,64.5,13.1,5.7,0,0000
T,2014,09,09,04,52,17
B,261893,21865,117,3448,157881,6374,107,3447,980.5,300.1
G,3133376,137561,85,3448,1844777,35226,90,3447,980.5,300.1
R,1264856,65997,4621,3448,746712,29796,4696,3447,980.5,300.1
D,NBXX,9999,3.832e-5,2.702e-5,1.666e-5,4.356e-6,3.895e-6,3.033e-6
Y,188769,980.5,300.1,295.9,64.5,13.1,5.7,0,0000
T,2014,09,09,04,57,17
B,261865,21506,119,3447,158591,6353,114,3447,980.6,300.0
G,3134915,136747,73,3447,1848980,34712,71,3447,980.6,300.0
R,1264815,65165,4517,3447,746978,29739,4539,3447,980.6,300.0
D,NBXX,9999,3.715e-5,2.675e-5,1.633e-5,4.241e-6,3.736e-6,3.184e-6
Y,188917,980.6,300.0,295.8,64.5,13.1,5.7,0,0000
T,2014,09,09,05,02,17
B,261383,21706,114,3447,157743,6334,138,3448,980.6,300.0
G,3134302,136158,117,3447,1846762,35082,94,3448,980.6,300.0
R,1266114,65026,4551,3447,746145,29711,4693,3448,980.6,300.0
D,NBXX,9999,3.783e-5,2.655e-5,1.607e-5,4.143e-6,3.827e-6,3.013e-6
Y,188880,980.6,300.0,295.8,64.6,13.1,5.7,0,0000
T,2014,09,09,05,07,17
B,261289,21851,103,3447,157849,6175,122,3447,980.6,300.0
G,3135405,137874,105,3447,1846239,34960,91,3447,980.6,300.0
R,1264897,65595,4404,3447,747686,29747,4596,3447,980.6,300.0
D,NBXX,9999,3.840e-5,2.708e-5,1.664e-5,3.757e-6,3.793e-6,3.229e-6
Y,188947,980.6,300.0,295.7,64.6,13.1,5.7,0,0000
T,2014,09,09,05,12,17
B,261093,21435,158,3448,157920,6286,111,3447,980.6,299.9
G,3130530,138069,85,3448,1840774,35238,89,3447,980.6,299.9
R,1265489,65317,4544,3448,746612,29559,4589,3447,980.6,299.9
D,NBXX,9999,3.700e-5,2.722e-5,1.635e-5,3.964e-6,3.909e-6,3.013e-6
Y,188597,980.6,299.9,295.7,64.6,13.1,5.7,0,0000
T,2014,09,09,05,17,17
B,260847,21870,134,3447,157671,6307,116,3447,980.5,299.9
G,3132688,138129,88,3447,1840285,35353,75,3447,980.5,299.9
R,1261312,65240,4445,3447,745082,29890,4583,3447,980.5,299.9
D,NBXX,9999,3.851e-5,2.721e-5,1.649e-5,4.124e-6,3.939e-6,3.332e-6
Y,188783,980.5,299.9,295.6,64.8,13.1,5.7,0,0000
T,2014,09,09,05,22,17
B,261131,22558,147,3447,158701,6321,112,3448,980.5,299.8
G,3133133,143409,76,3447,1842149,35878,93,3448,980.5,299.8
R,1262700,66936,4507,3447,747131,29814,4527,3448,980.5,299.8
D,NBXX,9999,4.052e-5,2.887e-5,1.751e-5,4.095e-6,4.097e-6,3.262e-6
Y,188810,980.5,299.8,295.6,65.0,13.1,5.7,0,0000
T,2014,09,09,05,27,17
B,262216,23273,100,3447,159004,6559,131,3447,980.6,299.8
G,3131993,146328,75,3447,1846549,36280,112,3447,980.6,299.8
R,1263926,67758,4385,3447,745997,30119,4543,3447,980.6,299.8
D,NBXX,9999,4.255e-5,2.980e-5,1.807e-5,4.863e-6,4.225e-6,3.524e-6
Y,188741,980.6,299.8,295.5,65.1,13.1,5.7,0,0000
T,2014,09,09,05,32,17
B,262193,22110,138,3448,158486,6292,110,3447,980.6,299.8
G,3129103,138752,108,3448,1844889,35526,76,3447,980.6,299.8
R,1265196,65903,4565,3448,746582,29314,4590,3447,980.6,299.8
D,NBXX,9999,3.889e-5,2.745e-5,1.671e-5,3.980e-6,4.002e-6,2.846e-6
Y,188511,980.6,299.8,295.5,65.3,13.1,5.7,0,0000
T,2014,09,09,05,37,17
B,262056,22003,116,3447,158238,6306,161,3447,980.6,299.8
G,3129341,138315,77,3447,1842364,35334,107,3447,980.6,299.8
R,1262387,65248,4464,3447,745673,29905,4439,3447,980.6,299.8
D,NBXX,9999,3.849e-5,2.731e-5,1.656e-5,3.923e-6,3.937e-6,3.423e-6
Y,188580,980.6,299.8,295.6,65.3,13.1,5.7,0,0000
T,2014,09,09,05,42,17
B,262674,22149,122,3447,157735,6439,130,3448,980.6,299.8
G,3133923,139782,93,3447,1841985,35649,81,3448,980.6,299.8
R,1263600,65946,4296,3447,747021,29228,4488,3448,980.6,299.8
D,NBXX,9999,3.887e-5,2.771e-5,1.705e-5,4.376e-6,4.020e-6,3.069e-6
Y,188857,980.6,299.8,295.6,65.5,13.1,5.7,0,0000
T,2014,09,09,05,47,17
B,256896,22251,123,3392,155545,6247,103,3392,980.7,299.8
G,3082095,138837,87,3392,1810494,34685,74,3392,980.7,299.8
R,1244005,64812,4376,3392,734204,29540,4322,3392,980.7,299.8
D,NBXX,9999,4.079e-5,2.815e-5,1.694e-5,4.283e-6,3.907e-6,3.523e-6
Y,188745,980.7,299.8,295.6,65.5,13.1,5.7,0,0008
T,2014,09,09,05,52,17
B,249967,21774,93,3298,150528,6104,115,3298,980.7,299.8
G,2994163,136817,77,3298,1755745,34707,73,3298,980.7,299.8
R,1209221,64113,4210,3298,712023,27815,4234,3298,980.7,299.8
D,NBXX,9999,4.123e-5,2.880e-5,1.768e-5,4.411e-6,4.243e-6,2.942e-6
Y,188586,980.7,299.8,295.6,65.6,13.1,5.7,0,0008
T,2014,09,09,05,57,17
B,260535,22405,116,3447,157229,6481,117,3447,980.8,299.7
G,3131437,144747,85,3447,1830177,36080,83,3447,980.8,299.7
R,1261489,67022,4563,3447,740124,29712,4402,3447,980.8,299.7
D,NBXX,9999,4.027e-5,2.929e-5,1.765e-5,4.724e-6,4.157e-6,3.265e-6
Y,188707,980.8,299.7,295.5,65.6,13.1,5.7,0,0000
T,2014,09,09,06,02,17
B,253316,22556,125,3345,153458,6036,89,3345,980.8,299.7
G,3037153,142996,62,3345,1781316,35112,79,3345,980.8,299.7
R,1224285,66252,4241,3345,720032,28964,4107,3345,980.8,299.7
D,NBXX,9999,4.280e-5,3.014e-5,1.869e-5,3.918e-6,4.204e-6,3.613e-6
Y,188606,980.8,299.7,295.4,65.8,13.1,5.7,0,0008
T,2014,09,09,06,07,17
B,261600,23932,115,3447,156909,6532,97,3448,980.9,299.7
G,3132052,153709,102,3447,1833099,36909,99,3448,980.9,299.7
R,1260511,69944,4308,3447,741364,30159,4325,3448,980.9,299.7
D,NBXX,9999,4.481e-5,3.209e-5,1.976e-5,4.873e-6,4.401e-6,3.793e-6
Y,188744,980.9,299.7,295.4,65.9,13.1,5.7,0,0000
T,2014,09,09,06,12,17
B,244487,22308,126,3219,147766,6254,97,3220,980.9,299.7
G,2930981,143863,63,3219,1728482,34666,74,3220,980.9,299.7
R,1181301,65735,3987,3219,698470,28084,4035,3220,980.9,299.7
D,NBXX,9999,4.452e-5,3.212e-5,1.993e-5,5.274e-6,4.463e-6,3.725e-6
Y,189139,980.9,299.7,295.4,65.9,13.1,5.7,0,0008
T,2014,09,09,06,17,17
B,262319,24194,104,3448,158808,6538,92,3447,981.0,299.7
G,3139754,154708,105,3448,1849757,37191,75,3447,981.0,299.7
R,1264434,70100,4284,3448,748077,29865,4303,3447,981.0,299.7
D,NBXX,9999,4.548e-5,3.229e-5,1.977e-5,4.907e-6,4.476e-6,3.612e-6
Y,189155,981.0,299.7,295.4,65.9,13.1,5.7,0,0000
T,2014,09,09,06,22,17
B,261472,24018,123,3447,157519,6515,116,3447,981.0,299.7
G,3129698,153150,92,3447,1841961,36948,62,3447,981.0,299.7
R,1265017,70168,4276,3447,745011,29900,4405,3447,981.0,299.7
D,NBXX,9999,4.502e-5,3.197e-5,1.973e-5,4.738e-6,4.442e-6,3.555e-6
Y,188602,981.0,299.7,295.5,66.1,13.1,5.7,0,0000
T,2014,09,09,06,27,17
B,261301,23558,90,3447,159500,6684,99,3448,981.1,299.7
G,3135219,151330,93,3447,1843613,36901,80,3448,981.1,299.7
R,1266888,69377,4379,3447,747480,30171,4425,3448,981.1,299.7
D,NBXX,9999,4.381e-5,3.128e-5,1.909e-5,5.452e-6,4.384e-6,3.613e-6
Y,188936,981.1,299.7,295.5,65.9,13.1,5.7,0,0000
T,2014,09,09,06,32,17
B,261626,23510,107,3447,158305,6558,107,3447,981.1,299.7
G,3136119,150332,95,3447,1848002,36414,88,3447,981.1,299.7
R,1267562,68560,4299,3447,747319,29860,4266,3447,981.1,299.7
D,NBXX,9999,4.349e-5,3.095e-5,1.873e-5,4.951e-6,4.227e-6,3.590e-6
Y,188990,981.1,299.7,295.5,65.6,13.1,5.7,0,0000
T,2014,09,09,06,37,17
B,260515,22982,105,3448,157671,6617,132,3447,981.1,299.7
G,3137107,149763,102,3448,1850410,36485,61,3447,981.1,299.7
R,1263595,68662,4335,3448,746608,29388,4405,3447,981.1,299.7
D,NBXX,9999,4.206e-5,3.076e-5,1.878e-5,5.142e-6,4.256e-6,3.210e-6
Y,188995,981.1,299.7,295.4,65.8,13.1,5.7,0,0000
T,2014,09,09,06,42,17
B,261644,23396,89,3447,158150,6466,77,3447,981.1,299.7
G,3141029,151909,97,3447,1851058,36408,80,3447,981.1,299.7
R,1262880,69151,4198,3447,748249,29956,4428,3447,981.1,299.7
D,NBXX,9999,4.330e-5,3.137e-5,1.919e-5,4.836e-6,4.209e-6,3.652e-6
Y,189287,981.1,299.7,295.4,65.8,13.1,5.7,0,0000
T,2014,09,09,06,47,17
B,261160,23509,136,3447,158320,6494,88,3448,981.1,299.6
G,3138693,152641,113,3447,1849326,36884,81,3448,981.1,299.6
R,1264281,70138,4290,3447,747898,29726,4365,3448,981.1,299.6
D,NBXX,9999,4.358e-5,3.163e-5,1.975e-5,4.745e-6,4.358e-6,3.468e-6
Y,189146,981.1,299.6,295.4,65.8,13.0,5.7,0,0000
T,2014,09,09,06,52,17
B,262651,23831,114,3447,159285,6478,116,3447,981.1,299.6
G,3137367,153869,84,3447,1851004,37161,65,3447,981.1,299.6
R,1263937,70386,4228,3447,750324,30046,4305,3447,981.1,299.6
D,NBXX,9999,4.414e-5,3.205e-5,2.000e-5,4.569e-6,4.470e-6,3.765e-6
Y,189066,981.1,299.6,295.4,65.9,13.1,5.7,0,0000
T,2014,09,09,06,57,17
B,261158,23622,109,3448,157006,6465,105,3447,981.1,299.6
G,3137283,152084,74,3448,1834139,36560,68,3447,981.1,299.6
R,1262311,69747,4146,3448,744140,29775,4208,3447,981.1,299.6
D,NBXX,9999,4.396e-5,3.149e-5,1.978e-5,4.702e-6,4.287e-6,3.746e-6
Y,189006,981.1,299.6,295.3,65.9,13.1,5.7,0,0000
T,2014,09,09,07,02,17
B,260754,23744,97,3447,157388,6446,111,3447,981.1,299.6
G,3130531,152487,82,3447,1842831,36763,88,3447,981.1,299.6
R,1260335,69295,4283,3447,744924,29612,4219,3447,981.1,299.6
D,NBXX,9999,4.448e-5,3.171e-5,1.945e-5,4.689e-6,4.362e-6,3.551e-6
Y,188652,981.1,299.6,295.3,65.9,13.1,5.7,0,0000
T,2014,09,09,07,07,17
B,261928,23428,110,3447,157688,6485,110,3448,981.2,299.7
G,3134853,151477,83,3447,1845511,36955,90,3448,981.2,299.7
R,1261339,69608,4249,3447,746090,29780,4242,3448,981.2,299.7
D,NBXX,9999,4.313e-5,3.133e-5,1.962e-5,4.674e-6,4.402e-6,3.650e-6
Y,188914,981.2,299.7,295.4,66.1,13.1,5.7,0,0000
T,2014,09,09,07,12,17
B,261304,23735,120,3447,156801,6567,121,3447,981.2,299.7
G,3131638,152051,67,3447,1836296,36932,82,3447,981.2,299.7
R,1259784,70208,4274,3447,745253,29959,4273,3447,981.2,299.7
D,NBXX,9999,4.418e-5,3.157e-5,2.001e-5,4.906e-6,4.419e-6,3.742e-6
Y,188719,981.2,299.7,295.4,65.9,13.1,5.7,0,0000
T,2014,09,09,07,17,17
B,261064,23237,105,3448,157229,6409,112,3447,981.2,299.7
G,3134035,149111,100,3448,1836404,36482,88,3447,981.2,299.7
R,1262828,69182,4293,3448,741679,29875,4266,3447,981.2,299.7
D,NBXX,9999,4.278e-5,3.059e-5,1.926e-5,4.523e-6,4.257e-6,3.655e-6
Y,188809,981.2,299.7,295.4,66.1,13.1,5.7,0,0000
T,2014,09,09,07,22,17
B,260139,23450,107,3447,157445,6518,134,3447,981.1,299.6
G,3129630,149722,77,3447,1839137,36791,98,3447,981.1,299.6
R,1260775,69041,4188,3447,745067,29713,4245,3447,981.1,299.6
D,NBXX,9999,4.362e-5,3.085e-5,1.932e-5,4.840e-6,4.372e-6,3.661e-6
Y,188598,981.1,299.6,295.4,66.3,13.1,5.7,0,0000
T,2014,09,09,07,27,17
B,255643,22774,119,3371,154964,6456,121,3372,981.1,299.6
G,3063530,147693,78,3371,1807687,35789,65,3372,981.1,299.6
R,1233058,68370,4135,3371,729033,29470,4112,3372,981.1,299.6
D,NBXX,9999,4.274e-5,3.123e-5,1.987e-5,4.984e-6,4.307e-6,3.920e-6
Y,188777,981.1,299.6,295.3,66.6,13.1,5.7,0,0008
T,2014,09,09,07,32,17
B,254091,22477,93,3362,152482,6334,87,3361,981.1,299.6
G,3053118,145345,95,3362,1780815,35693,75,3361,981.1,299.6
R,1229555,67818,4179,3362,720241,29138,4249,3361,981.1,299.6
D,NBXX,9999,4.245e-5,3.062e-5,1.949e-5,4.948e-6,4.312e-6,3.616e-6
Y,188639,981.1,299.6,295.3,66.4,13.1,5.7,0,0008
T,2014,09,09,07,37,17
B,256207,22314,137,3377,153511,6351,100,3375,981.1,299.6
G,3067430,147322,75,3377,1800224,35783,60,3375,981.1,299.6
R,1235464,67681,4309,3377,727361,28986,4057,3375,981.1,299.6
D,NBXX,9999,4.113e-5,3.105e-5,1.926e-5,4.636e-6,4.304e-6,3.510e-6
Y,188681,981.1,299.6,295.3,66.7,13.1,5.7,0,0008
T,2014,09,09,07,42,17
B,260787,23286,102,3447,157571,6414,83,3447,981.2,299.5
G,3134633,150581,67,3447,1841605,36691,77,3447,981.2,299.5
R,1262975,69452,4210,3447,743441,29809,4252,3447,981.2,299.5
D,NBXX,9999,4.310e-5,3.106e-5,1.950e-5,4.656e-6,4.334e-6,3.678e-6
Y,188900,981.2,299.5,295.3,67.1,13.1,5.7,0,0000
T,2014,09,09,07,47,17
B,260830,23554,80,3447,158486,6428,117,3448,981.2,299.5
G,3131577,151959,108,3447,1846844,36534,83,3448,981.2,299.5
R,1261037,69517,4177,3447,745428,29876,4330,3448,981.2,299.5
D,NBXX,9999,4.388e-5,3.152e-5,1.956e-5,4.647e-6,4.275e-6,3.702e-6
Y,188716,981.2,299.5,295.3,67.2,13.1,5.7,0,0000
T,2014,09,09,07,52,17
B,261894,23915,109,3447,157525,6487,78,3447,981.2,299.5
G,3131813,155731,118,3447,1841819,37132,75,3447,981.2,299.5
R,1261592,70619,4223,3447,742938,30017,4213,3447,981.2,299.5
D,NBXX,9999,4.474e-5,3.271e-5,2.029e-5,4.794e-6,4.465e-6,3.841e-6
Y,188730,981.2,299.5,295.3,67.1,13.1,5.7,0,0000
T,2014,09,09,07,57,17
B,261669,24266,124,3448,156967,6571,139,3447,981.3,299.5
G,3132822,157164,91,3448,1835436,37438,92,3447,981.3,299.5
R,1262291,71857,4033,3448,741687,30166,4193,3447,981.3,299.5
D,NBXX,9999,4.563e-5,3.315e-5,2.120e-5,4.803e-6,4.565e-6,4.085e-6
Y,188736,981.3,299.5,295.3,67.2,13.1,5.7,0,0000
T,2014,09,09,08,02,17
B,261777,24618,94,3447,156735,6414,109,3447,981.3,299.5
G,3132550,159318,99,3447,1830584,37564,82,3447,981.3,299.5
R,1259547,72759,4211,3447,740810,29958,4205,3447,981.3,299.5
D,NBXX,9999,4.690e-5,3.383e-5,2.171e-5,4.518e-6,4.603e-6,3.839e-6
Y,188774,981.3,299.5,295.3,67.2,13.1,5.7,0,0000
T,2014,09,09,08,07,17
B,260836,24493,113,3447,158273,6448,113,3448,981.4,299.5
G,3127757,158658,114,3447,1840402,37203,75,3448,981.4,299.5
R,1260033,71643,4224,3447,743915,30318,3999,3448,981.4,299.5
D,NBXX,9999,4.670e-5,3.370e-5,2.114e-5,4.604e-6,4.501e-6,4.197e-6
Y,188484,981.4,299.5,295.3,67.2,13.1,5.7,0,0000
T,2014,09,09,08,12,17
B,260892,24659,137,3447,157411,6448,115,3447,981.4,299.5
G,3134155,159597,90,3447,1837527,37589,99,3447,981.4,299.5
R,1260606,72275,4196,3447,740930,29963,4152,3447,981.4,299.5
D,NBXX,9999,4.711e-5,3.389e-5,2.142e-5,4.512e-6,4.602e-6,3.882e-6
Y,188871,981.4,299.5,295.2,67.4,13.1,5.7,0,0000
T,2014,09,09,08,17,17
B,255156,24198,102,3378,154123,6325,125,3378,981.4,299.4
G,3069655,156224,95,3378,1801772,36424,91,3378,981.4,299.4
R,1235316,70621,4162,3378,728896,29399,4184,3378,981.4,299.4
D,NBXX,9999,4.744e-5,3.386e-5,2.117e-5,4.644e-6,4.476e-6,3.782e-6
Y,188763,981.4,299.4,295.2,67.6,13.1,5.7,0,0008
T,2014,09,09,08,22,17
B,261977,24319,111,3448,157849,6380,94,3447,981.4,299.4
G,3133214,159727,84,3448,1831607,37603,98,3447,981.4,299.4
R,1261316,72580,4343,3448,739703,29845,4060,3447,981.4,299.4
D,NBXX,9999,4.591e-5,3.395e-5,2.155e-5,4.396e-6,4.616e-6,3.765e-6
Y,188760,981.4,299.4,295.2,67.6,13.1,5.7,0,0000
T,2014,09,09,08,27,17
B,261279,24353,99,3447,157672,6607,112,3447,981.4,299.4
G,3134870,158524,88,3447,1838487,37360,64,3447,981.4,299.4
R,1260529,71794,4075,3447,741244,29885,4098,3447,981.4,299.4
D,NBXX,9999,4.619e-5,3.356e-5,2.125e-5,5.127e-6,4.541e-6,3.961e-6
Y,188915,981.4,299.4,295.1,67.7,13.1,5.7,0,0000
T,2014,09,09,08,32,17
B,262124,24559,93,3447,158477,6390,118,3448,981.4,299.4
G,3131965,158003,90,3447,1841888,37332,97,3448,981.4,299.4
R,1259964,71652,4090,3447,742871,29741,4040,3448,981.4,299.4
D,NBXX,9999,4.659e-5,3.342e-5,2.121e-5,4.383e-6,4.526e-6,3.903e-6
Y,188739,981.4,299.4,295.1,68.0,13.1,5.7,0,0000
T,2014,09,09,08,37,17
B,261272,24259,103,3447,158256,6531,129,3447,981.4,299.4
G,3134363,160494,105,3447,1843765,37294,74,3447,981.4,299.4
R,1259760,72148,4082,3447,743698,29818,4141,3447,981.4,299.4
D,NBXX,9999,4.583e-5,3.417e-5,2.146e-5,4.815e-6,4.512e-6,3.890e-6
Y,188884,981.4,299.4,295.1,67.9,13.1,5.7,0,0000
T,2014,09,09,08,42,17
B,262414,24558,98,3448,157484,6655,114,3447,981.5,299.4
G,3134717,160852,92,3448,1838194,37528,100,3447,981.5,299.4
R,1259943,72664,4124,3448,742559,29551,4196,3447,981.5,299.4
D,NBXX,9999,4.650e-5,3.428e-5,2.171e-5,5.192e-6,4.583e-6,3.654e-6
Y,188850,981.5,299.4,295.1,68.0,13.1,5.7,0,0000
T,2014,09,09,08,47,17
B,260960,25025,117,3447,158053,6384,108,3447,981.5,299.4
G,3133097,164148,91,3447,1839295,37946,84,3447,981.5,299.4
R,1261608,73366,4096,3447,744589,29963,4183,3447,981.5,299.4
D,NBXX,9999,4.833e-5,3.535e-5,2.213e-5,4.405e-6,4.723e-6,3.922e-6
Y,188807,981.5,299.4,295.1,67.9,13.1,5.7,0,0000
T,2014,09,09,08,52,17
B,261723,24861,91,3447,157648,6279,116,3448,981.4,299.4
G,3134378,161776,52,3447,1846483,37557,88,3448,981.4,299.4
R,1258897,72937,4164,3447,746144,30174,4124,3448,981.4,299.4
D,NBXX,9999,4.766e-5,3.459e-5,2.194e-5,4.082e-6,4.605e-6,4.071e-6
Y,188885,981.4,299.4,295.1,67.6,13.0,5.7,0,0000
T,2014,09,09,08,57,17
B,262301,24607,107,3447,158098,6402,100,3447,981.5,299.4
G,3136338,159480,99,3447,1850344,37407,102,3447,981.5,299.4
R,1259462,72389,4058,3447,744275,29602,4104,3447,981.5,299.4
D,NBXX,9999,4.670e-5,3.382e-5,2.167e-5,4.428e-6,4.532e-6,3.802e-6
Y,189004,981.5,299.4,295.1,67.7,13.1,5.7,0,0000
T,2014,09,09,09,02,17
B,261232,23632,114,3448,157388,6433,118,3447,981.4,299.4
G,3137362,155722,84,3448,1847852,36726,102,3447,981.4,299.4
R,1261144,70870,4049,3448,745515,29728,4135,3447,981.4,299.4
D,NBXX,9999,4.388e-5,3.262e-5,2.064e-5,4.518e-6,4.323e-6,3.853e-6
Y,189010,981.4,299.4,295.1,67.6,13.1,5.7,0,0000
T,2014,09,09,09,07,17
B,261891,23295,130,3447,157520,6375,111,3447,981.4,299.4
G,3133221,152998,100,3447,1846054,36318,72,3447,981.4,299.4
R,1259577,70099,4276,3447,745580,29209,4138,3447,981.4,299.4
D,NBXX,9999,4.262e-5,3.183e-5,2.004e-5,4.251e-6,4.211e-6,3.369e-6
Y,188815,981.4,299.4,295.1,67.6,13.1,5.7,0,0000
T,2014,09,09,09,12,17
B,261647,22829,122,3447,156708,6426,132,3448,981.4,299.4
G,3135143,147932,89,3447,1840683,36106,77,3448,981.4,299.4
R,1261401,68211,4145,3447,742850,29075,4158,3448,981.4,299.4
D,NBXX,9999,4.119e-5,3.021e-5,1.888e-5,4.375e-6,4.136e-6,3.344e-6
Y,188931,981.4,299.4,295.1,67.6,13.1,5.7,0,0000
T,2014,09,09,09,17,17
B,261247,22394,135,3447,158092,6397,110,3447,981.4,299.4
G,3134080,146615,91,3447,1840866,35702,91,3447,981.4,299.4
R,1258552,67856,4163,3447,740843,29153,4171,3447,981.4,299.4
D,NBXX,9999,3.998e-5,2.981e-5,1.872e-5,4.352e-6,4.010e-6,3.403e-6
Y,188867,981.4,299.4,295.2,67.2,13.1,5.7,0,0000
T,2014,09,09,09,22,17
B,260907,22485,118,3448,157569,6218,102,3447,981.5,299.5
G,3137918,143418,85,3448,1832676,35620,95,3447,981.5,299.5
R,1260761,67136,4204,3448,739319,29328,4235,3447,981.5,299.5
D,NBXX,9999,4.044e-5,2.874e-5,1.812e-5,3.914e-6,3.975e-6,3.419e-6
Y,189044,981.5,299.5,295.2,67.4,13.1,5.7,0,0000
T,2014,09,09,09,27,17
B,260736,22155,97,3447,158018,6232,128,3447,981.5,299.5
G,3129885,142617,65,3447,1845553,35455,83,3447,981.5,299.5
R,1260236,66958,4230,3447,743329,29096,4149,3447,981.5,299.5
D,NBXX,9999,3.944e-5,2.862e-5,1.807e-5,3.947e-6,3.960e-6,3.318e-6
Y,188613,981.5,299.5,295.2,67.4,13.1,5.7,0,0000
T,2014,09,09,09,32,17
B,260532,21746,112,3447,157535,6264,69,3448,981.5,299.5
G,3132539,141231,90,3447,1846436,35456,74,3448,981.5,299.5
R,1261372,66843,4175,3447,744151,29143,4180,3448,981.5,299.5
D,NBXX,9999,3.837e-5,2.814e-5,1.798e-5,4.215e-6,3.942e-6,3.349e-6
Y,188774,981.5,299.5,295.2,67.2,13.1,5.7,0,0000
T,2014,09,09,09,37,17
B,261845,21180,94,3447,158512,6169,121,3447,981.5,299.5
G,3137025,135028,86,3447,1844253,34319,80,3447,981.5,299.5
R,1260637,64608,4046,3447,746076,28509,4110,3447,981.5,299.5
D,NBXX,9999,3.615e-5,2.612e-5,1.674e-5,3.708e-6,3.570e-6,3.108e-6
Y,189045,981.5,299.5,295.2,67.2,13.0,5.7,0,0000
T,2014,09,09,09,42,17
B,261078,20920,119,3448,157718,6204,118,3447,981.6,299.5
G,3136089,134178,87,3448,1842779,34523,87,3447,981.6,299.5
R,1262793,64783,4191,3448,742277,28498,4143,3447,981.6,299.5
D,NBXX,9999,3.545e-5,2.586e-5,1.666e-5,3.797e-6,3.638e-6,2.955e-6
Y,188933,981.6,299.5,295.2,67.2,13.1,5.7,0,0000
T,2014,09,09,09,47,17
B,262041,20819,119,3447,157723,6273,99,3447,981.6,299.5
G,3133206,131385,96,3447,1841108,34235,68,3447,981.6,299.5
R,1261527,63687,4260,3447,744257,28647,4080,3447,981.6,299.5
D,NBXX,9999,3.497e-5,2.503e-5,1.601e-5,4.006e-6,3.558e-6,3.052e-6
Y,188814,981.6,299.5,295.3,67.1,13.1,5.7,0,0000
T,2014,09,09,09,52,17
B,255559,20378,115,3369,154641,5866,102,3371,981.6,299.6
G,3071898,130272,89,3369,1804914,33455,103,3371,981.6,299.6
R,1235786,62477,4046,3369,728535,28280,4223,3371,981.6,299.6
D,NBXX,9999,3.522e-5,2.548e-5,1.599e-5,3.191e-6,3.504e-6,3.108e-6
Y,189408,981.6,299.6,295.3,67.4,13.1,5.7,0,0008
T,2014,09,09,09,57,17
B,258573,19924,94,3398,155284,6112,105,3397,981.6,299.6
G,3089861,124589,88,3398,1807309,33383,84,3397,981.6,299.6
R,1242892,61132,4195,3398,729942,27949,4051,3397,981.6,299.6
D,NBXX,9999,3.311e-5,2.343e-5,1.496e-5,3.839e-6,3.436e-6,2.859e-6
Y,188887,981.6,299.6,295.3,67.1,13.1,5.7,0,0008
T,2014,09,09,10,02,17
B,258690,19813,117,3423,155357,6007,103,3421,981.5,299.6
G,3111517,125280,118,3423,1820871,33251,67,3421,981.5,299.6
R,1250552,60827,4199,3423,735073,28454,4193,3421,981.5,299.6
D,NBXX,9999,3.265e-5,2.337e-5,1.445e-5,3.429e-6,3.319e-6,3.004e-6
Y,188822,981.5,299.6,295.3,67.1,13.1,5.7,0,0008
T,2014,09,09,10,07,17
B,262269,19457,126,3447,158940,5987,130,3447,981.5,299.6
G,3139309,122776,93,3447,1853873,33349,81,3447,981.5,299.6
R,1264096,60659,4319,3447,749024,28181,4217,3447,981.5,299.6
D,NBXX,9999,3.058e-5,2.223e-5,1.390e-5,2.980e-6,3.255e-6,2.593e-6
Y,189183,981.5,299.6,295.3,67.1,13.1,5.7,0,0000
T,2014,09,09,10,12,17
B,262361,18214,138,3447,157898,5899,70,3448,981.5,299.6
G,3139041,116936,117,3447,1849226,32638,91,3448,981.5,299.6
R,1264734,58580,4266,3447,745949,28562,4254,3448,981.5,299.6
D,NBXX,9999,2.687e-5,2.039e-5,1.259e-5,2.868e-6,3.016e-6,2.833e-6
Y,189167,981.5,299.6,295.4,66.4,13.1,5.7,0,0000
T,2014,09,09,10,17,17
B,262094,18656,107,3447,158439,5924,112,3447,981.5,299.6
G,3137839,116807,105,3447,1848449,32519,85,3447,981.5,299.6
R,1264315,59787,4273,3447,748599,28228,4291,3447,981.5,299.6
D,NBXX,9999,2.826e-5,2.037e-5,1.333e-5,2.929e-6,2.992e-6,2.600e-6
Y,189094,981.5,299.6,295.4,66.6,13.1,5.7,0,0000
T,2014,09,09,10,22,17
B,262201,17838,145,3448,158530,5934,128,3447,981.4,299.6
G,3147650,110366,83,3448,1854587,31792,76,3447,981.4,299.6
R,1265617,56974,4316,3448,749016,27530,4452,3447,981.4,299.6
D,NBXX,9999,2.551e-5,1.825e-5,1.138e-5,2.764e-6,2.747e-6,2.007e-6
Y,189633,981.4,299.6,295.4,65.9,13.1,5.7,0,0000
T,2014,09,09,10,27,17
B,261554,17121,124,3447,158071,5633,122,3447,981.4,299.7
G,3148894,105019,90,3447,1852481,31286,72,3447,981.4,299.7
R,1264991,55595,4438,3447,749317,28045,4374,3447,981.4,299.7
D,NBXX,9999,2.351e-5,1.655e-5,1.050e-5,1.962e-6,2.580e-6,2.298e-6
Y,189763,981.4,299.7,295.4,66.1,13.1,5.7,0,0000
T,2014,09,09,10,32,17
B,261606,15569,137,3447,158450,5528,99,3447,981.4,299.7
G,3143619,97406,73,3447,1853735,30280,89,3447,981.4,299.7
R,1266234,53124,4290,3447,747311,27033,4243,3447,981.4,299.7
D,NBXX,9999,1.871e-5,1.422e-5,9.136e-6,1.668e-6,2.281e-6,1.857e-6
Y,189444,981.4,299.7,295.5,65.6,13.1,5.7,0,0000
T,2014,09,09,10,37,17
B,260399,14305,97,3424,156450,5480,108,3425,981.4,299.7
G,3117562,86048,97,3424,1830458,28545,69,3425,981.4,299.7
R,1252868,49669,4234,3424,738351,26304,4271,3425,981.4,299.7
D,NBXX,9999,1.509e-5,1.088e-5,7.262e-6,1.701e-6,1.806e-6,1.527e-6
Y,189135,981.4,299.7,295.5,64.3,13.1,5.7,0,0008
T,2014,09,09,10,42,17
B,261161,14433,117,3447,158516,5521,116,3447,981.4,299.7
G,3130035,87468,88,3447,1838423,28771,104,3447,981.4,299.7
R,1260699,49982,4407,3447,741458,26707,4303,3447,981.4,299.7
D,NBXX,9999,1.526e-5,1.121e-5,7.152e-6,1.685e-6,1.835e-6,1.570e-6
Y,188622,981.4,299.7,295.5,64.2,13.1,5.7,0,0000
T,2014,09,09,10,47,17
B,261478,15047,132,3448,158398,5478,105,3447,981.4,299.7
G,3131267,92170,84,3448,1844105,29750,109,3447,981.4,299.7
R,1261377,51907,4370,3448,744170,26881,4254,3447,981.4,299.7
D,NBXX,9999,1.710e-5,1.268e-5,8.409e-6,1.522e-6,2.143e-6,1.740e-6
Y,188642,981.4,299.7,295.5,64.3,12.9,5.7,0,0000
T,2014,09,09,10,52,17
B,261427,14806,119,3447,156964,5486,126,3447,981.4,299.7
G,3134490,90491,102,3447,1844342,29311,87,3447,981.4,299.7
R,1261144,51012,4391,3447,743416,26906,4389,3447,981.4,299.7
D,NBXX,9999,1.633e-5,1.212e-5,7.739e-6,1.516e-6,1.993e-6,1.640e-6
Y,188892,981.4,299.7,295.5,64.5,13.1,5.7,0,0000
T,2014,09,09,10,57,17
B,261749,15046,125,3447,157237,5449,112,3448,981.5,299.7
G,3133107,90152,72,3447,1846043,29250,82,3448,981.5,299.7
R,1259373,50993,4358,3447,744226,26524,4498,3448,981.5,299.7
D,NBXX,9999,1.705e-5,1.204e-5,7.709e-6,1.405e-6,1.988e-6,1.355e-6
Y,188808,981.5,299.7,295.5,64.8,13.1,5.7,0,0000
T,2014,09,09,11,02,17
B,260453,15197,108,3447,157527,5506,108,3447,981.5,299.7
G,3132619,93169,93,3447,1846265,29762,91,3447,981.5,299.7
R,1259866,51268,4390,3447,744749,26969,4352,3447,981.5,299.7
D,NBXX,9999,1.782e-5,1.298e-5,7.954e-6,1.744e-6,2.143e-6,1.718e-6
Y,188779,981.5,299.7,295.5,65.0,13.1,5.7,0,0000
T,2014,09,09,11,07,17
B,261492,15545,103,3448,157821,5535,100,3447,981.6,299.7
G,3134654,93857,120,3448,1844204,30295,77,3447,981.6,299.7
R,1261411,51641,4341,3448,744861,27006,4411,3447,981.6,299.7
D,NBXX,9999,1.877e-5,1.318e-5,8.149e-6,1.821e-6,2.303e-6,1.725e-6
Y,188847,981.6,299.7,295.5,64.8,13.0,5.7,0,0000
T,2014,09,09,11,12,17
B,260299,15031,115,3447,157750,5590,126,3447,981.6,299.7
G,3129475,92257,87,3447,1850251,29355,77,3447,981.6,299.7
R,1263371,51333,4284,3447,746944,27120,4420,3447,981.6,299.7
D,NBXX,9999,1.724e-5,1.273e-5,7.951e-6,1.926e-6,2.031e-6,1.811e-6
Y,188588,981.6,299.7,295.5,64.5,13.1,5.7,0,0000
T,2014,09,09,11,17,17
B,261058,15539,133,3447,157770,5664,116,3448,981.5,299.7
G,3131313,94359,106,3447,1841258,29450,78,3448,981.5,299.7
R,1262466,51805,4423,3447,743598,26798,4435,3448,981.5,299.7
D,NBXX,9999,1.867e-5,1.337e-5,8.155e-6,2.075e-6,2.046e-6,1.501e-6
Y,188700,981.5,299.7,295.5,64.6,13.1,5.7,0,0000
T,2014,09,09,11,22,17
B,261317,15399,117,3447,156309,5699,105,3447,981.5,299.8
G,3133103,94572,94,3447,1830203,29822,106,3447,981.5,299.8
R,1262609,52157,4294,3447,739498,27474,4314,3447,981.5,299.8
D,NBXX,9999,1.828e-5,1.344e-5,8.553e-6,2.270e-6,2.168e-6,2.110e-6
Y,188808,981.5,299.8,295.6,64.8,13.1,5.7,0,0000
T,2014,09,09,11,27,17
B,260178,15391,124,3448,157894,5516,94,3447,981.6,299.8
G,3131981,92990,75,3448,1842380,29641,59,3447,981.6,299.8
R,1262709,51795,4466,3448,740800,27155,4320,3447,981.6,299.8
D,NBXX,9999,1.847e-5,1.298e-5,8.194e-6,1.791e-6,2.141e-6,1.783e-6
Y,188685,981.6,299.8,295.6,64.6,13.1,5.7,0,0000
T,2014,09,09,11,32,17
B,261170,15292,99,3447,157865,5463,109,3447,981.5,299.8
G,3133727,93079,91,3447,1842538,29797,64,3447,981.5,299.8
R,1263990,51878,4300,3447,743875,27159,4292,3447,981.5,299.8
D,NBXX,9999,1.802e-5,1.298e-5,8.361e-6,1.594e-6,2.174e-6,1.912e-6
Y,188846,981.5,299.8,295.7,65.0,13.0,5.7,0,0000
T,2014,09,09,11,37,17
B,260511,15312,144,3447,156995,5506,107,3448,981.6,299.8
G,3134711,93483,81,3447,1835066,29459,81,3448,981.6,299.8
R,1262273,51421,4480,3447,741245,27305,4282,3448,981.6,299.8
D,NBXX,9999,1.805e-5,1.310e-5,7.987e-6,1.609e-6,2.060e-6,1.890e-6
Y,188905,981.6,299.8,295.7,64.8,13.1,5.7,0,0000
T,2014,09,09,11,42,17
B,260669,15333,108,3447,158838,5615,112,3447,981.5,299.8
G,3135079,92709,94,3447,1849961,29597,94,3447,981.5,299.8
R,1261780,51473,4398,3447,746286,27234,4423,3447,981.5,299.8
D,NBXX,9999,1.820e-5,1.284e-5,7.986e-6,2.057e-6,2.095e-6,1.811e-6
Y,188927,981.5,299.8,295.7,64.8,13.1,5.7,0,0000
T,2014,09,09,11,47,17
B,260471,15542,106,3448,156169,5498,112,3447,981.5,299.8
G,3134949,94970,86,3448,1826080,29909,70,3447,981.5,299.8
R,1261994,52261,4372,3448,737058,27025,4309,3447,981.5,299.8
D,NBXX,9999,1.889e-5,1.357e-5,8.577e-6,1.716e-6,2.208e-6,1.784e-6
Y,188865,981.5,299.8,295.6,65.6,13.1,5.7,0,0000
T,2014,09,09,11,52,17
B,258142,15950,100,3402,155497,5607,102,3403,981.5,299.8
G,3095840,95469,104,3402,1816287,30195,82,3403,981.5,299.8
R,1246005,52387,4319,3402,735146,26833,4324,3403,981.5,299.8
D,NBXX,9999,2.067e-5,1.409e-5,9.027e-6,2.256e-6,2.401e-6,1.818e-6
Y,189031,981.5,299.8,295.7,65.1,13.1,5.7,0,0008
T,2014,09,09,11,57,17
B,259435,15880,114,3423,157248,5577,110,3425,981.6,299.8
G,3114094,96102,85,3423,1833728,30227,70,3425,981.6,299.8
R,1253555,52666,4500,3423,740412,27027,4502,3425,981.6,299.8
D,NBXX,9999,2.012e-5,1.413e-5,8.780e-6,1.992e-6,2.364e-6,1.609e-6
Y,188979,981.6,299.8,295.7,64.6,13.1,5.7,0,0008
T,2014,09,09,12,02,17
B,258808,15674,116,3404,156449,5643,83,3403,981.6,299.8
G,3102973,96675,95,3404,1824586,30489,83,3403,981.6,299.8
R,1249409,52459,4396,3404,737722,27238,4272,3403,981.6,299.8
D,NBXX,9999,1.968e-5,1.441e-5,8.979e-6,2.347e-6,2.481e-6,2.036e-6
Y,189356,981.6,299.8,295.7,64.5,13.1,5.7,0,0008
T,2014,09,09,12,07,17
B,256218,15756,93,3375,154336,5580,105,3373,981.6,299.8
G,3073906,95604,98,3375,1805336,29882,108,3373,981.6,299.8
R,1237564,51188,4431,3375,729527,26973,4261,3373,981.6,299.8
D,NBXX,9999,2.044e-5,1.434e-5,8.405e-6,2.328e-6,2.370e-6,1.957e-6
Y,189194,981.6,299.8,295.7,64.6,13.1,5.7,0,0008
T,2014,09,09,12,12,17
B,261598,16516,133,3447,155534,5710,113,3447,981.6,299.8
G,3131317,99633,108,3447,1829597,30604,100,3447,981.6,299.8
R,1263258,53716,4471,3447,737969,27778,4383,3447,981.6,299.8
D,NBXX,9999,2.162e-5,1.505e-5,9.339e-6,2.199e-6,2.417e-6,2.116e-6
Y,188700,981.6,299.8,295.7,65.0,13.1,5.7,0,0000
T,2014,09,09,12,17,17
B,261497,16534,115,3447,156583,5748,98,3448,981.6,299.8
G,3133050,100262,97,3447,1832324,30965,97,3448,981.6,299.8
R,1263126,53779,4461,3447,740654,27459,4414,3448,981.6,299.8
D,NBXX,9999,2.181e-5,1.524e-5,9.367e-6,2.438e-6,2.527e-6,1.897e-6
Y,188805,981.6,299.8,295.7,65.0,13.1,5.7,0,0000
T,2014,09,09,12,37,17
B,260809,17065,101,3447,157970,5651,141,3448,981.5,299.8
G,3134123,104698,87,3447,1841217,31508,93,3448,981.5,299.8
R,1263299,54541,4502,3447,744635,27962,4357,3448,981.5,299.8
D,NBXX,9999,2.350e-5,1.663e-5,9.853e-6,2.075e-6,2.700e-6,2.223e-6
Y,188870,981.5,299.8,295.6,64.6,13.1,5.7,0,0000
T,2014,09,09,12,42,17
B,260649,17220,117,3447,158186,5787,129,3447,981.5,299.8
G,3136301,105058,97,3447,1848280,31342,105,3447,981.5,299.8
R,1258973,55134,4460,3447,746566,28024,4403,3447,981.5,299.8
D,NBXX,9999,2.400e-5,1.671e-5,1.031e-5,2.501e-6,2.636e-6,2.301e-6
Y,189001,981.5,299.8,295.6,64.8,13.1,5.7,0,0000
T,2014,09,09,12,47,17
B,260553,17263,91,3447,158608,5754,111,3447,981.4,299.8
G,3132104,105611,90,3447,1848172,31522,77,3447,981.4,299.8
R,1262660,55115,4353,3447,747838,27722,4395,3447,981.4,299.8
D,NBXX,9999,2.431e-5,1.694e-5,1.030e-5,2.564e-6,2.719e-6,2.163e-6
Y,188747,981.4,299.8,295.7,65.1,13.1,5.7,0,0000
T,2014,09,09,12,52,17
B,261042,17675,136,3448,157978,5825,126,3447,981.3,299.8
G,3133819,107577,97,3448,1848486,31896,79,3447,981.3,299.8
R,1261420,55596,4404,3448,744604,27961,4374,3447,981.3,299.8
D,NBXX,9999,2.528e-5,1.754e-5,1.061e-5,2.541e-6,2.831e-6,2.306e-6
Y,188796,981.3,299.8,295.7,65.5,13.1,5.7,0,0000
T,2014,09,09,12,57,17
B,262005,17911,136,3447,156968,6015,101,3447,981.3,299.8
G,3134785,108081,77,3447,1835077,32172,98,3447,981.3,299.8
R,1261741,56208,4487,3447,741876,28036,4410,3447,981.3,299.8
D,NBXX,9999,2.591e-5,1.769e-5,1.090e-5,3.153e-6,2.912e-6,2.259e-6
Y,188910,981.3,299.8,295.6,65.1,13.1,5.7,0,0000
T,2014,09,09,13,02,17
B,261403,19935,124,3447,158069,6347,117,3448,981.2,299.8
G,3130409,126455,92,3447,1845389,35934,88,3448,981.2,299.8
R,1262086,62419,4345,3447,744012,29624,4311,3448,981.2,299.8
D,NBXX,9999,3.232e-5,2.353e-5,1.497e-5,4.208e-6,4.107e-6,3.425e-6
Y,188645,981.2,299.8,295.7,65.5,13.1,5.7,0,0000
T,2014,09,09,13,07,17
B,260869,17818,123,3447,155085,5957,100,3447,981.2,299.8
G,3134427,111199,95,3447,1815810,33060,109,3447,981.2,299.8
R,1260715,57690,4513,3447,732478,28470,4420,3447,981.2,299.8
D,NBXX,9999,2.590e-5,1.867e-5,1.183e-5,3.100e-6,3.182e-6,2.515e-6
Y,188888,981.2,299.8,295.7,65.5,13.1,5.7,0,0000
T,2014,09,09,13,12,17
B,260048,17096,107,3448,157331,5719,82,3447,981.2,299.9
G,3133638,103413,81,3448,1840317,31441,75,3447,981.2,299.9
R,1263490,55494,4438,3448,742587,27797,4402,3447,981.2,299.9
D,NBXX,9999,2.397e-5,1.624e-5,1.045e-5,2.554e-6,2.695e-6,2.140e-6
Y,188785,981.2,299.9,295.7,65.5,13.1,5.7,0,0000
T,2014,09,09,13,42,17
B,261268,18966,110,3447,157989,5898,126,3448,981.0,299.9
G,3145926,118300,71,3447,1855674,32790,94,3448,981.0,299.9
R,1262654,58780,4465,3447,747095,28554,4344,3448,981.0,299.9
D,NBXX,9999,2.938e-5,2.081e-5,1.256e-5,2.851e-6,3.084e-6,2.636e-6
Y,189583,981.0,299.9,295.8,65.6,13.1,5.7,0,0000
T,2014,09,09,13,47,17
B,260727,19343,116,3447,156490,5987,150,3447,980.9,299.9
G,3135979,120559,96,3447,1827524,33621,89,3447,980.9,299.9
R,1261805,60312,4518,3447,738625,28889,4574,3447,980.9,299.9
D,NBXX,9999,3.057e-5,2.163e-5,1.334e-5,3.062e-6,3.374e-6,2.652e-6
Y,188982,980.9,299.9,295.8,65.5,13.1,5.7,0,0000
T,2014,09,09,14,02,17
B,254149,18869,133,3354,153474,5849,121,3355,980.8,299.9
G,3055715,116905,84,3354,1798052,32761,97,3355,980.8,299.9
R,1231083,57960,4356,3354,724683,28095,4334,3355,980.8,299.9
D,NBXX,9999,3.063e-5,2.144e-5,1.290e-5,3.118e-6,3.370e-6,2.725e-6
Y,189252,980.8,299.9,295.8,65.6,13.1,5.7,0,0008
T,2014,09,09,14,07,17
B,242497,18480,110,3210,146818,5673,75,3209,980.8,300.0
G,2915532,114170,107,3210,1715143,31256,63,3209,980.8,300.0
R,1175172,56719,4124,3210,693261,27287,4162,3209,980.8,300.0
D,NBXX,9999,3.245e-5,2.234e-5,1.385e-5,3.661e-6,3.377e-6,3.057e-6
Y,188668,980.8,300.0,295.9,65.6,13.0,5.7,0,0008
T,2014,09,09,14,12,17
B,236652,17794,99,3143,143138,5623,95,3146,980.7,300.0
G,2850793,112060,103,3143,1675182,31354,82,3146,980.7,300.0
R,1150075,55215,4089,3143,677337,26490,4108,3146,980.7,300.0
D,NBXX,9999,3.157e-5,2.248e-5,1.358e-5,3.882e-6,3.631e-6,2.820e-6
Y,188410,980.7,300.0,295.9,65.6,13.1,5.7,0,0008
T,2014,09,09,14,17,17
B,260688,19257,106,3447,157192,6157,115,3447,980.7,300.0
G,3139239,121506,101,3447,1851207,34084,89,3447,980.7,300.0
R,1262510,60456,4494,3447,746039,29081,4528,3447,980.7,300.0
D,NBXX,9999,3.047e-5,2.189e-5,1.346e-5,3.758e-6,3.507e-6,2.817e-6
Y,189179,980.7,300.0,295.9,66.1,13.0,5.7,0,0000
T,2014,09,09,14,22,17
B,260086,19471,124,3447,158741,6100,112,3448,980.6,300.0
G,3139705,122985,80,3447,1847368,33821,78,3448,980.6,300.0
R,1263705,61052,4446,3447,749264,29192,4602,3448,980.6,300.0
D,NBXX,9999,3.122e-5,2.236e-5,1.379e-5,3.562e-6,3.431e-6,2.853e-6
Y,189207,980.6,300.0,296.0,65.6,13.1,5.7,0,0000
T,2014,09,09,14,27,17
B,260858,19330,132,3447,158270,5915,115,3447,980.5,300.0
G,3138104,119988,60,3447,1846503,33750,88,3447,980.5,300.0
R,1263004,59635,4494,3447,747132,29215,4564,3447,980.5,300.0
D,NBXX,9999,3.059e-5,2.144e-5,1.291e-5,2.911e-6,3.421e-6,2.871e-6
Y,189110,980.5,300.0,296.0,66.1,13.1,5.7,0,0000
T,2014,09,09,14,32,17
B,261307,18621,131,3448,157075,6012,115,3447,980.5,300.0
G,3135100,115245,101,3448,1847240,32781,102,3447,980.5,300.0
R,1266832,58757,4619,3448,745692,28899,4529,3447,980.5,300.0
D,NBXX,9999,2.829e-5,1.996e-5,1.220e-5,3.191e-6,3.109e-6,2.576e-6
Y,188874,980.5,300.0,296.0,66.3,13.1,5.7,0,0000
T,2014,09,09,14,37,17
B,261364,19187,124,3447,157935,5950,134,3447,980.5,300.1
G,3136078,118053,90,3447,1846888,32975,88,3447,980.5,300.1
R,1262774,58821,4455,3447,745848,29308,4526,3447,980.5,300.1
D,NBXX,9999,2.999e-5,2.084e-5,1.246e-5,2.946e-6,3.173e-6,2.987e-6
Y,188988,980.5,300.1,296.0,65.9,13.1,5.7,0,0000
T,2014,09,09,14,42,17
B,261331,18883,114,3447,157119,5903,109,3448,980.4,300.1
G,3136775,116148,97,3447,1846443,32711,84,3448,980.4,300.1
R,1262991,59077,4536,3447,748195,28732,4529,3448,980.4,300.1
D,NBXX,9999,2.918e-5,2.023e-5,1.255e-5,2.923e-6,3.083e-6,2.558e-6
Y,189030,980.4,300.1,296.0,65.9,13.1,5.7,0,0000
T,2014,09,09,14,47,17
B,261109,19270,97,3447,157341,5882,125,3447,980.4,300.1
G,3134693,119752,122,3447,1844983,33592,92,3447,980.4,300.1
R,1264178,59992,4641,3447,746330,28830,4482,3447,980.4,300.1
D,NBXX,9999,3.044e-5,2.138e-5,1.305e-5,2.881e-6,3.358e-6,2.571e-6
Y,188904,980.4,300.1,296.0,65.9,13.1,5.7,0,0000
T,2014,09,09,14,52,17
B,261153,19276,94,3448,157442,5800,90,3447,980.4,300.1
G,3137865,117607,116,3448,1846377,32746,58,3447,980.4,300.1
R,1263406,59092,4589,3448,746475,28913,4622,3447,980.4,300.1
D,NBXX,9999,3.058e-5,2.068e-5,1.244e-5,2.765e-6,3.099e-6,2.570e-6
Y,189041,980.4,300.1,296.0,66.1,13.1,5.7,0,0000
T,2014,09,09,14,57,17
B,260544,18962,118,3447,158274,5970,138,3447,980.4,300.1
G,3136800,118845,85,3447,1847556,32829,75,3447,980.4,300.1
R,1266807,59732,4620,3447,745549,28807,4591,3447,980.4,300.1
D,NBXX,9999,2.948e-5,2.109e-5,1.276e-5,3.071e-6,3.131e-6,2.469e-6
Y,189031,980.4,300.1,296.1,66.1,13.1,5.7,0,0000
T,2014,09,09,15,02,17
B,260454,18675,126,3447,157933,5925,114,3447,980.3,300.1
G,3140786,117216,122,3447,1850955,33351,107,3447,980.3,300.1
R,1265540,59008,4488,3447,749519,28681,4652,3447,980.3,300.1
D,NBXX,9999,2.866e-5,2.050e-5,1.239e-5,2.994e-6,3.257e-6,2.453e-6
Y,189273,980.3,300.1,296.1,66.4,13.1,5.7,0,0000
T,2014,09,09,15,07,17
B,261436,18984,134,3447,157567,6143,115,3448,980.3,300.1
G,3138370,117756,103,3447,1841274,32756,96,3448,980.3,300.1
R,1262444,59364,4570,3447,744809,28921,4646,3448,980.3,300.1
D,NBXX,9999,2.938e-5,2.071e-5,1.264e-5,3.569e-6,3.086e-6,2.572e-6
Y,189126,980.3,300.1,296.0,66.6,13.1,5.7,0,0000
T,2014,09,09,15,32,17
B,260964,20114,124,3447,157784,6115,132,3447,980.0,300.2
G,3138990,125254,94,3447,1852580,33881,69,3447,980.0,300.2
R,1263027,61523,4634,3447,747737,29383,4653,3447,980.0,300.2
D,NBXX,9999,3.298e-5,2.308e-5,1.395e-5,3.495e-6,3.453e-6,2.822e-6
Y,189164,980.0,300.2,296.1,67.1,13.1,5.7,0,0000
T,2014,09,09,15,37,17
B,260651,20729,124,3448,157409,6144,104,3447,979.9,300.2
G,3140630,128910,83,3448,1846343,34813,84,3447,979.9,300.2
R,1266967,62966,4746,3448,745992,29757,4614,3447,979.9,300.2
D,NBXX,9999,3.508e-5,2.420e-5,1.470e-5,3.714e-6,3.743e-6,2.971e-6
Y,189208,979.9,300.2,296.1,67.4,13.0,5.7,0,0000
T,2014,09,09,15,42,17
B,260138,20687,101,3447,156474,6226,125,3447,979.9,300.2
G,3141645,130607,90,3447,1843098,34250,78,3447,979.9,300.2
R,1262664,63165,4734,3447,745897,29729,4707,3447,979.9,300.2
D,NBXX,9999,3.508e-5,2.472e-5,1.488e-5,4.009e-6,3.559e-6,2.931e-6
Y,189325,979.9,300.2,296.1,66.9,13.1,5.7,0,0000
T,2014,09,09,15,47,17
B,261459,21221,120,3447,158312,6231,102,3448,979.8,300.2
G,3135991,131012,78,3447,1847986,34541,84,3448,979.8,300.2
R,1266001,63478,4743,3447,746546,30041,4770,3448,979.8,300.2
D,NBXX,9999,3.643e-5,2.493e-5,1.494e-5,3.939e-6,3.669e-6,3.038e-6
Y,188983,979.8,300.2,296.2,67.2,13.0,5.7,0,0000
T,2014,09,09,15,52,17
B,260236,20827,144,3447,157554,6060,130,3447,979.8,300.2
G,3139204,132364,91,3447,1846884,34404,86,3447,979.8,300.2
R,1262339,63621,4677,3447,745823,29780,4827,3447,979.8,300.2
D,NBXX,9999,3.532e-5,2.530e-5,1.513e-5,3.308e-6,3.612e-6,2.920e-6
Y,189177,979.8,300.2,296.2,67.2,13.1,5.7,0,0000
T,2014,09,09,15,57,17
B,260247,20792,117,3448,158863,6060,93,3447,979.9,300.2
G,3139727,130063,91,3448,1851673,33843,99,3447,979.9,300.2
R,1265655,63140,4642,3448,749619,29408,4725,3447,979.9,300.2
D,NBXX,9999,3.544e-5,2.457e-5,1.484e-5,3.545e-6,3.432e-6,2.760e-6
Y,189153,979.9,300.2,296.2,66.9,13.1,5.7,0,0000
T,2014,09,09,16,02,17
B,261026,20655,106,3447,157319,6169,105,3447,979.9,300.2
G,3134326,129544,118,3447,1849915,33864,97,3447,979.9,300.2
R,1264217,63093,4719,3447,747576,29657,4728,3447,979.9,300.2
D,NBXX,9999,3.481e-5,2.447e-5,1.479e-5,3.822e-6,3.445e-6,2.867e-6
Y,188882,979.9,300.2,296.2,66.7,13.1,5.7,0,0000
T,2014,09,09,16,07,17
B,260284,20553,127,3447,157238,6056,125,3448,979.9,300.2
G,3136098,129701,118,3447,1846806,34037,111,3448,979.9,300.2
R,1264303,63392,4728,3447,746299,29658,4734,3448,979.9,300.2
D,NBXX,9999,3.453e-5,2.449e-5,1.497e-5,3.367e-6,3.485e-6,2.851e-6
Y,188989,979.9,300.2,296.2,66.7,13.1,5.7,0,0000
T,2014,09,09,16,12,17
B,261093,20937,143,3447,157908,6062,140,3447,979.8,300.3
G,3133628,133187,98,3447,1845682,34091,86,3447,979.8,300.3
R,1265029,63769,4609,3447,747098,29786,4701,3447,979.8,300.3
D,NBXX,9999,3.545e-5,2.564e-5,1.529e-5,3.237e-6,3.530e-6,3.040e-6
Y,188840,979.8,300.3,296.2,66.3,13.0,5.7,0,0000
T,2014,09,09,16,17,17
B,260876,21059,122,3448,157737,6248,121,3447,979.7,300.2
G,3140221,132009,96,3448,1849040,34139,93,3447,979.7,300.2
R,1264661,63654,4724,3448,747709,30183,4670,3447,979.7,300.2
D,NBXX,9999,3.600e-5,2.518e-5,1.517e-5,3.968e-6,3.524e-6,3.235e-6
Y,189183,979.7,300.2,296.2,66.7,13.1,5.7,0,0000
T,2014,09,09,16,22,17
B,261028,21407,132,3447,156265,6272,120,3447,979.7,300.2
G,3138407,136106,90,3447,1844350,34628,87,3447,979.7,300.2
R,1263876,64915,4669,3447,745071,30300,4669,3447,979.7,300.2
D,NBXX,9999,3.701e-5,2.649e-5,1.602e-5,3.994e-6,3.685e-6,3.352e-6
Y,189129,979.7,300.2,296.2,66.3,13.1,5.7,0,0000
T,2014,09,09,16,27,17
B,260723,21953,125,3447,157864,6131,131,3448,979.7,300.2
G,3135883,139386,90,3447,1846008,35414,111,3448,979.7,300.2
R,1266671,65682,4776,3447,748210,30215,4746,3448,979.7,300.2
D,NBXX,9999,3.878e-5,2.755e-5,1.629e-5,3.556e-6,3.929e-6,3.134e-6
Y,188976,979.7,300.2,296.2,66.1,13.1,5.7,0,0000
T,2014,09,09,16,32,17
B,259546,21699,169,3447,157979,6227,115,3447,979.6,300.3
G,3134489,137875,105,3447,1847473,34696,84,3447,979.6,300.3
R,1265316,65095,4662,3447,748630,30496,4741,3447,979.6,300.3
D,NBXX,9999,3.822e-5,2.710e-5,1.605e-5,3.857e-6,3.716e-6,3.414e-6
Y,188892,979.6,300.3,296.2,65.9,13.1,5.7,0,0000
T,2014,09,09,16,37,17
B,261398,21821,116,3448,158374,6272,117,3447,979.6,300.3
G,3134526,135432,109,3448,1847866,34929,99,3447,979.6,300.3
R,1265172,65190,4651,3448,745618,29927,4745,3447,979.6,300.3
D,NBXX,9999,3.830e-5,2.632e-5,1.611e-5,4.056e-6,3.785e-6,3.068e-6
Y,188839,979.6,300.3,296.2,66.6,13.1,5.7,0,0000
T,2014,09,09,16,42,17
B,260590,20523,112,3447,157159,6159,105,3447,979.5,300.3
G,3135834,128232,106,3447,1848151,33678,92,3447,979.5,300.3
R,1264049,62690,4727,3447,747126,29449,4723,3447,979.5,300.3
D,NBXX,9999,3.452e-5,2.404e-5,1.454e-5,3.813e-6,3.387e-6,2.736e-6
Y,188973,979.5,300.3,296.3,67.1,13.1,5.7,0,0000
T,2014,09,09,16,47,17
B,260486,20214,154,3447,157516,5925,114,3448,979.5,300.3
G,3134436,125632,105,3447,1848699,33763,78,3448,979.5,300.3
R,1263627,62058,4740,3447,747956,29658,4792,3448,979.5,300.3
D,NBXX,9999,3.339e-5,2.325e-5,1.410e-5,2.899e-6,3.421e-6,2.806e-6
Y,188888,979.5,300.3,296.3,67.2,13.1,5.7,0,0000
T,2014,09,09,16,52,17
B,260881,20214,122,3447,157454,6154,122,3447,979.5,300.3
G,3132675,126892,129,3447,1847766,33989,100,3447,979.5,300.3
R,1266000,62184,4810,3447,746513,29692,4765,3447,979.5,300.3
D,NBXX,9999,3.338e-5,2.365e-5,1.408e-5,3.679e-6,3.485e-6,2.779e-6
Y,188782,979.5,300.3,296.3,67.4,13.1,5.7,0,0000
