T,2014,08,23,00,03,40
B,269611,26217,131,3447,164135,6826,124,3447,978.2,300.2
G,3251259,185267,122,3447,1914873,41619,102,3447,978.2,300.2
R,1311158,91856,4874,3447,775436,33557,4841,3447,978.2,300.2
D,NBXX,9999,4.948e-5,3.994e-5,3.081e-5,5.090e-6,5.427e-6,4.616e-6
Y,195956,978.2,300.2,296.1,73.1,13.1,5.7,0,0000
T,2014,08,23,00,08,40
B,269186,25865,157,3447,163119,7026,122,3448,978.2,300.2
G,3252366,183354,98,3447,1918304,41350,106,3448,978.2,300.2
R,1312306,90174,4790,3447,775553,33832,4830,3448,978.2,300.2
D,NBXX,9999,4.846e-5,3.935e-5,2.982e-5,5.636e-6,5.345e-6,4.832e-6
Y,196023,978.2,300.2,296.1,72.9,13.1,5.7,0,0000
T,2014,08,23,00,13,40
B,270325,25500,117,3447,163871,6757,149,3447,978.2,300.2
G,3248651,180359,120,3447,1916166,40731,94,3447,978.2,300.2
R,1311217,88544,4916,3447,774504,33501,4832,3447,978.2,300.2
D,NBXX,9999,4.708e-5,3.850e-5,2.879e-5,4.792e-6,5.171e-6,4.558e-6
Y,195798,978.2,300.2,296.0,72.3,13.1,5.7,0,0000
T,2014,08,23,00,18,40
B,269443,25721,157,3448,164233,6768,100,3447,978.2,300.2
G,3253147,183490,92,3448,1911073,41018,92,3447,978.2,300.2
R,1312492,90854,4814,3448,773693,33933,4933,3447,978.2,300.2
D,NBXX,9999,4.803e-5,3.938e-5,3.014e-5,4.926e-6,5.255e-6,4.811e-6
Y,196013,978.2,300.2,296.0,72.9,13.1,5.7,0,0000
T,2014,08,23,00,23,40
B,270165,25813,116,3447,163018,6865,94,3447,978.2,300.2
G,3249166,180715,103,3447,1914423,40817,112,3447,978.2,300.2
R,1308115,88171,4731,3447,777555,33518,4886,3447,978.2,300.2
D,NBXX,9999,4.826e-5,3.860e-5,2.876e-5,5.324e-6,5.195e-6,4.692e-6
Y,195829,978.2,300.2,296.0,72.4,13.1,5.7,0,0000
T,2014,08,23,00,28,40
B,269231,25769,126,3447,163923,6818,122,3448,978.2,300.2
G,3250682,183970,111,3447,1912067,41232,103,3448,978.2,300.2
R,1309558,90526,4801,3447,772966,33558,4798,3448,978.2,300.2
D,NBXX,9999,4.826e-5,3.956e-5,3.015e-5,5.113e-6,5.312e-6,4.709e-6
Y,195921,978.2,300.2,296.0,72.8,13.1,5.7,0,0000
T,2014,08,23,00,33,40
B,270538,26445,110,3447,163723,6934,115,3447,978.2,300.1
G,3258406,186112,110,3447,1916703,41251,99,3447,978.2,300.1
R,1313865,91262,4828,3447,776419,33556,4861,3447,978.2,300.1
D,NBXX,9999,5.000e-5,4.008e-5,3.037e-5,5.452e-6,5.293e-6,4.605e-6
Y,196388,978.2,300.1,296.0,73.1,13.0,5.7,0,0000
T,2014,08,23,00,38,40
B,270321,26176,143,3448,164375,6938,117,3447,978.2,300.1
G,3258248,183858,127,3448,1908837,41104,98,3447,978.2,300.1
R,1312843,90753,4872,3448,774620,33733,4745,3447,978.2,300.1
D,NBXX,9999,4.914e-5,3.939e-5,3.015e-5,5.364e-6,5.247e-6,4.778e-6
Y,196322,978.2,300.1,296.0,72.9,13.0,5.7,0,0000
T,2014,08,23,00,43,40
B,269651,25296,115,3447,163402,7052,127,3447,978.2,300.1
G,3253551,181280,89,3447,1912687,41117,84,3447,978.2,300.1
R,1311956,89699,4807,3447,773721,33673,4801,3447,978.2,300.1
D,NBXX,9999,4.674e-5,3.871e-5,2.956e-5,5.815e-6,5.284e-6,4.753e-6
Y,196095,978.2,300.1,296.0,72.4,13.0,5.7,0,0000
T,2014,08,23,00,48,40
B,270006,26077,136,3447,163133,7021,130,3448,978.1,300.1
G,3253219,183196,148,3447,1916349,40914,60,3448,978.1,300.1
R,1311647,90168,4998,3447,776702,33532,4863,3448,978.1,300.1
D,NBXX,9999,4.891e-5,3.928e-5,2.968e-5,5.605e-6,5.208e-6,4.488e-6
Y,196074,978.1,300.1,296.0,72.6,13.1,5.7,0,0000
T,2014,08,23,00,53,40
B,268995,26135,121,3447,162839,6873,108,3447,978.1,300.1
G,3253131,184142,113,3447,1913978,40989,104,3447,978.1,300.1
R,1312019,89718,4805,3447,774033,33612,4916,3447,978.1,300.1
D,NBXX,9999,4.950e-5,3.957e-5,2.949e-5,5.369e-6,5.231e-6,4.636e-6
Y,196069,978.1,300.1,296.0,72.8,13.1,5.7,0,0000
T,2014,08,23,00,58,40
B,270279,26142,143,3447,162375,6920,119,3447,978.1,300.1
G,3255626,185192,103,3447,1914183,41145,84,3447,978.1,300.1
R,1313939,90137,4778,3447,777399,33564,4895,3447,978.1,300.1
D,NBXX,9999,4.904e-5,3.985e-5,2.970e-5,5.300e-6,5.280e-6,4.621e-6
Y,196220,978.1,300.1,295.9,73.1,13.1,5.7,0,0000
T,2014,08,23,01,03,40
B,269355,26791,116,3448,163413,7070,131,3447,978.1,300.1
G,3255329,190209,130,3448,1916659,42489,101,3447,978.1,300.1
R,1310099,91999,4813,3448,774387,33732,4719,3447,978.1,300.1
D,NBXX,9999,5.132e-5,4.137e-5,3.107e-5,5.880e-6,5.676e-6,4.866e-6
Y,196145,978.1,300.1,295.9,72.8,13.1,5.7,0,0000
T,2014,08,23,01,08,40
B,269137,27334,109,3447,163236,7114,120,3447,978.1,300.1
G,3251042,191827,121,3447,1917761,42587,105,3447,978.1,300.1
R,1311858,92745,4770,3447,777933,34128,4624,3447,978.1,300.1
D,NBXX,9999,5.309e-5,4.194e-5,3.155e-5,6.087e-6,5.721e-6,5.178e-6
Y,195943,978.1,300.1,295.9,72.9,13.0,5.7,0,0000
T,2014,08,23,01,13,40
B,268468,26984,134,3447,162649,7082,144,3448,978.1,300.1
G,3247962,192893,106,3447,1911343,41926,81,3448,978.1,300.1
R,1311350,92899,4705,3447,775608,33829,4629,3448,978.1,300.1
D,NBXX,9999,5.206e-5,4.233e-5,3.170e-5,5.864e-6,5.543e-6,5.040e-6
Y,195756,978.1,300.1,295.9,73.7,13.1,5.7,0,0000
T,2014,08,23,01,18,40
B,270314,26826,115,3447,163527,7097,130,3447,978.0,300.1
G,3248045,191957,107,3447,1911613,42175,84,3447,978.0,300.1
R,1310097,92874,4786,3447,773065,34379,4702,3447,978.0,300.1
D,NBXX,9999,5.115e-5,4.204e-5,3.163e-5,5.890e-6,5.620e-6,5.283e-6
Y,195761,978.0,300.1,295.9,73.9,13.0,5.7,0,0000
T,2014,08,23,01,23,40
B,270243,26682,102,3448,163089,6972,122,3447,978.0,300.1
G,3259255,190155,125,3448,1918602,42057,82,3447,978.0,300.1
R,1315052,91826,4612,3448,777709,33744,4762,3447,978.0,300.1
D,NBXX,9999,5.081e-5,4.129e-5,3.089e-5,5.598e-6,5.539e-6,4.932e-6
Y,196383,978.0,300.1,295.9,73.7,13.0,5.7,0,0000
T,2014,08,23,01,28,40
B,270585,27005,109,3447,163106,6788,153,3447,978.0,300.1
G,3250656,188819,99,3447,1911239,42307,115,3447,978.0,300.1
R,1310388,90907,4652,3447,775118,33761,4713,3447,978.0,300.1
D,NBXX,9999,5.155e-5,4.103e-5,3.051e-5,4.881e-6,5.642e-6,4.993e-6
Y,195919,978.0,300.1,295.9,73.4,13.0,5.7,0,0000
T,2014,08,23,01,33,40
B,269609,26220,135,3447,163860,6782,102,3448,978.0,300.0
G,3253663,185643,127,3447,1921880,41234,109,3448,978.0,300.0
R,1311649,89682,4548,3447,778000,33672,4588,3448,978.0,300.0
D,NBXX,9999,4.955e-5,4.001e-5,2.988e-5,5.015e-6,5.293e-6,5.081e-6
Y,196101,978.0,300.0,295.9,73.2,13.1,5.7,0,0000
T,2014,08,23,01,38,40
B,271019,26709,150,3447,162856,6665,95,3447,978.0,300.0
G,3254463,186954,139,3447,1916936,41746,120,3447,978.0,300.0
R,1310307,89697,4655,3447,773742,33474,4621,3447,978.0,300.0
D,NBXX,9999,5.059e-5,4.038e-5,2.984e-5,4.539e-6,5.441e-6,4.882e-6
Y,196150,978.0,300.0,295.9,73.9,13.1,5.7,0,0000
T,2014,08,23,01,43,40
B,269859,26416,108,3448,163205,7138,105,3447,978.0,300.0
G,3255224,187268,106,3448,1907432,41662,67,3447,978.0,300.0
R,1313264,90033,4661,3448,771733,33090,4847,3447,978.0,300.0
D,NBXX,9999,5.015e-5,4.050e-5,2.978e-5,6.166e-6,5.446e-6,4.462e-6
Y,196139,978.0,300.0,295.9,73.9,13.0,5.7,0,0000
T,2014,08,23,01,48,40
B,268205,26746,138,3447,163516,6885,138,3447,978.0,300.0
G,3250048,186866,111,3447,1918245,41818,88,3447,978.0,300.0
R,1307148,90500,4691,3447,774781,33588,4728,3447,978.0,300.0
D,NBXX,9999,5.143e-5,4.046e-5,3.035e-5,5.299e-6,5.501e-6,4.884e-6
Y,195883,978.0,300.0,295.9,73.7,13.1,5.7,0,0000
T,2014,08,23,01,53,40
B,269443,26831,127,3447,162816,7014,124,3448,978.0,300.0
G,3250723,190429,112,3447,1912972,42217,106,3448,978.0,300.0
R,1311444,90528,4697,3447,773233,33400,4636,3448,978.0,300.0
D,NBXX,9999,5.140e-5,4.152e-5,3.027e-5,5.679e-6,5.609e-6,4.781e-6
Y,195923,978.0,300.0,295.9,74.1,13.0,5.7,0,0000
T,2014,08,23,01,58,40
B,268823,27747,130,3447,163266,7137,123,3447,977.9,300.0
G,3250687,198331,101,3447,1914191,42741,80,3447,977.9,300.0
R,1308989,94573,4654,3447,774648,33855,4608,3447,977.9,300.0
D,NBXX,9999,5.435e-5,4.393e-5,3.285e-5,6.097e-6,5.785e-6,5.137e-6
Y,195921,977.9,300.0,295.9,75.0,13.1,5.7,0,0000
T,2014,08,23,02,03,40
B,268888,27774,126,3448,162488,7073,115,3447,977.9,300.0
G,3252843,195434,116,3448,1917470,42750,122,3447,977.9,300.0
R,1311369,92692,4787,3448,774997,33612,4716,3447,977.9,300.0
D,NBXX,9999,5.445e-5,4.299e-5,3.146e-5,5.946e-6,5.763e-6,4.800e-6
Y,195995,977.9,300.0,295.9,74.9,13.0,5.7,0,0000
T,2014,08,23,02,08,40
B,269261,27404,108,3447,163858,7073,135,3447,977.9,300.0
G,3248005,190396,108,3447,1914265,42233,85,3447,977.9,300.0
R,1307882,91636,4736,3447,772412,33733,4565,3447,977.9,300.0
D,NBXX,9999,5.321e-5,4.157e-5,3.109e-5,5.905e-6,5.637e-6,5.047e-6
Y,195759,977.9,300.0,295.9,74.1,13.1,5.7,0,0000
T,2014,08,23,02,13,40
B,270324,27303,154,3447,162892,7041,126,3448,977.9,300.0
G,3252395,189859,128,3447,1912800,41971,106,3448,977.9,300.0
R,1312092,90551,4532,3447,775139,33219,4665,3448,977.9,300.0
D,NBXX,9999,5.246e-5,4.131e-5,3.035e-5,5.592e-6,5.522e-6,4.760e-6
Y,196025,977.9,300.0,295.9,73.9,13.0,5.7,0,0000
T,2014,08,23,02,18,40
B,269704,27665,91,3447,162934,7048,98,3447,977.8,300.0
G,3250571,194579,115,3447,1917948,42782,92,3447,977.8,300.0
R,1308843,92010,4595,3447,773054,33371,4545,3447,977.8,300.0
D,NBXX,9999,5.405e-5,4.279e-5,3.139e-5,5.984e-6,5.789e-6,4.931e-6
Y,195914,977.8,300.0,295.9,74.2,13.1,5.7,0,0000
T,2014,08,23,02,23,40
B,269121,27333,134,3448,162958,7015,154,3447,977.8,300.0
G,3249362,190739,110,3448,1911596,42197,83,3447,977.8,300.0
R,1308359,90941,4704,3448,770512,33325,4572,3447,977.8,300.0
D,NBXX,9999,5.289e-5,4.165e-5,3.067e-5,5.588e-6,5.625e-6,4.818e-6
Y,195784,977.8,300.0,295.9,74.1,13.1,5.7,0,0000
T,2014,08,23,02,28,40
B,264556,26721,117,3381,160332,6992,102,3382,977.8,300.0
G,3191275,187007,147,3381,1876230,41416,105,3382,977.8,300.0
R,1283672,89374,4510,3381,757872,32942,4522,3382,977.8,300.0
D,NBXX,9999,5.266e-5,4.152e-5,3.081e-5,6.100e-6,5.586e-6,5.009e-6
Y,196096,977.8,300.0,295.9,73.7,13.0,5.7,0,0008
T,2014,08,23,02,33,40
B,270203,27414,128,3447,163877,7120,113,3448,977.7,300.0
G,3256256,194777,94,3447,1915079,42660,105,3448,977.7,300.0
R,1311799,92023,4727,3447,773220,33465,4499,3448,977.7,300.0
D,NBXX,9999,5.297e-5,4.275e-5,3.123e-5,5.976e-6,5.728e-6,4.891e-6
Y,196258,977.7,300.0,295.9,74.1,13.1,5.7,0,0000
T,2014,08,23,02,38,40
B,270199,27676,145,3447,163388,7117,117,3447,977.7,300.0
G,3258887,195774,118,3447,1918978,42475,84,3447,977.7,300.0
R,1310609,91778,4641,3447,773460,33433,4686,3447,977.7,300.0
D,NBXX,9999,5.368e-5,4.300e-5,3.106e-5,5.900e-6,5.665e-6,4.819e-6
Y,196417,977.7,300.0,295.8,74.4,13.0,5.7,0,0000
T,2014,08,23,02,43,40
B,270896,28052,122,3448,164092,7060,119,3447,977.7,300.0
G,3255985,196819,107,3448,1916535,43506,94,3447,977.7,300.0
R,1312712,92684,4555,3448,775081,33753,4650,3447,977.7,300.0
D,NBXX,9999,5.467e-5,4.337e-5,3.161e-5,5.755e-6,5.993e-6,5.080e-6
Y,196185,977.7,300.0,295.8,74.7,13.0,5.7,0,0000
T,2014,08,23,02,48,40
B,268925,28092,149,3447,163258,7181,108,3447,977.6,300.0
G,3256514,196665,92,3447,1913876,42500,99,3447,977.6,300.0
R,1312384,92935,4635,3447,774628,33473,4595,3447,977.6,300.0
D,NBXX,9999,5.535e-5,4.332e-5,3.176e-5,6.208e-6,5.685e-6,4.892e-6
Y,196274,977.6,300.0,295.8,74.5,13.0,5.7,0,0000
T,2014,08,23,02,53,40
B,269837,27817,126,3447,163750,6955,118,3448,977.6,299.9
G,3256995,196449,90,3447,1918105,42652,108,3448,977.6,299.9
R,1310287,92751,4534,3447,776293,33782,4571,3448,977.6,299.9
D,NBXX,9999,5.428e-5,4.324e-5,3.181e-5,5.495e-6,5.723e-6,5.184e-6
Y,196303,977.6,299.9,295.8,74.9,13.1,5.7,0,0000
T,2014,08,23,02,58,40
B,268793,27831,109,3447,163231,7019,122,3447,977.6,299.9
G,3260941,197877,96,3447,1918689,42691,99,3447,977.6,299.9
R,1312531,92404,4621,3447,776104,33724,4671,3447,977.6,299.9
D,NBXX,9999,5.469e-5,4.360e-5,3.139e-5,5.819e-6,5.724e-6,4.999e-6
Y,196542,977.6,299.9,295.8,74.9,13.1,5.7,0,0000
T,2014,08,23,03,03,40
B,269688,27999,108,3448,162890,7192,128,3447,977.5,299.9
G,3257395,196127,113,3448,1916617,42836,108,3447,977.5,299.9
R,1311782,91519,4640,3448,774918,33886,4648,3447,977.5,299.9
D,NBXX,9999,5.490e-5,4.313e-5,3.088e-5,6.262e-6,5.777e-6,5.112e-6
Y,196270,977.5,299.9,295.8,74.5,13.1,5.7,0,0000
T,2014,08,23,03,08,40
B,269068,27816,134,3425,162908,7105,104,3425,977.5,299.9
G,3246626,194138,99,3425,1913353,42590,62,3425,977.5,299.9
R,1306810,91729,4503,3425,775972,33259,4459,3425,977.5,299.9
D,NBXX,9999,5.454e-5,4.274e-5,3.142e-5,6.034e-6,5.762e-6,5.010e-6
Y,196937,977.5,299.9,295.8,74.5,13.0,5.7,0,0008
T,2014,08,23,03,13,40
B,267276,27573,134,3402,160782,6991,95,3402,977.5,299.9
G,3220319,193028,117,3402,1894548,42281,68,3402,977.5,299.9
R,1300730,91344,4560,3402,765508,33471,4404,3402,977.5,299.9
D,NBXX,9999,5.439e-5,4.287e-5,3.142e-5,5.857e-6,5.764e-6,5.202e-6
Y,196661,977.5,299.9,295.8,74.5,13.1,5.7,0,0008
T,2014,08,23,03,18,40
B,269456,27779,124,3447,163330,7118,104,3448,977.5,299.9
G,3255056,195871,105,3447,1913494,43115,88,3448,977.5,299.9
R,1311304,91822,4595,3447,772714,33739,4431,3448,977.5,299.9
D,NBXX,9999,5.434e-5,4.310e-5,3.127e-5,6.072e-6,5.873e-6,5.202e-6
Y,196186,977.5,299.9,295.8,74.5,13.1,5.7,0,0000
T,2014,08,23,03,23,40
B,267694,28338,122,3424,162554,7127,111,3425,977.4,299.9
G,3234117,196697,105,3424,1908365,42419,90,3425,977.4,299.9
R,1299574,91738,4683,3424,770867,33843,4483,3425,977.4,299.9
D,NBXX,9999,5.657e-5,4.374e-5,3.156e-5,6.218e-6,5.744e-6,5.294e-6
Y,196233,977.4,299.9,295.7,74.7,13.0,5.7,0,0008
T,2014,08,23,03,28,40
B,269893,28572,130,3448,162505,7231,93,3447,977.4,299.9
G,3251945,198663,118,3448,1912499,43080,56,3447,977.4,299.9
R,1310356,92949,4522,3448,773111,33922,4451,3447,977.4,299.9
D,NBXX,9999,5.661e-5,4.401e-5,3.202e-5,6.409e-6,5.889e-6,5.370e-6
Y,195940,977.4,299.9,295.7,74.9,13.1,5.7,0,0000
T,2014,08,23,03,33,40
B,269457,28554,113,3447,162631,7116,126,3447,977.4,299.9
G,3247356,202231,112,3447,1909933,43783,90,3447,977.4,299.9
R,1307377,93531,4524,3447,771275,33791,4523,3447,977.4,299.9
D,NBXX,9999,5.664e-5,4.517e-5,3.243e-5,6.034e-6,6.108e-6,5.266e-6
Y,195720,977.4,299.9,295.7,75.0,13.0,5.7,0,0000
T,2014,08,23,03,38,40
B,269116,28538,131,3447,162999,7270,95,3448,977.4,299.9
G,3243693,200997,123,3447,1908735,43329,83,3448,977.4,299.9
R,1305606,93017,4537,3447,772240,33777,4491,3448,977.4,299.9
D,NBXX,9999,5.675e-5,4.487e-5,3.221e-5,6.565e-6,5.979e-6,5.285e-6
Y,195498,977.4,299.9,295.7,75.0,13.1,5.7,0,0000
T,2014,08,23,03,43,40
B,266248,28407,110,3403,161273,7082,121,3404,977.3,299.9
G,3207140,197988,105,3403,1885714,42995,82,3404,977.3,299.9
R,1290836,91615,4419,3403,762150,33433,4379,3404,977.3,299.9
D,NBXX,9999,5.728e-5,4.464e-5,3.208e-5,6.215e-6,6.033e-6,5.400e-6
Y,195795,977.3,299.9,295.7,75.2,13.1,5.7,0,0008
T,2014,08,23,03,48,40
B,266589,28620,102,3398,160315,7109,122,3398,977.3,299.9
G,3202794,199380,104,3398,1870461,43083,86,3398,977.3,299.9
R,1290916,92354,4582,3398,755099,33523,4469,3398,977.3,299.9
D,NBXX,9999,5.784e-5,4.515e-5,3.235e-5,6.301e-6,6.081e-6,5.279e-6
Y,195818,977.3,299.9,295.7,75.3,13.1,5.7,0,0008
T,2014,08,23,03,53,40
B,249883,26645,122,3198,151260,6521,105,3198,977.3,299.9
G,3017019,186747,90,3198,1776542,40631,79,3198,977.3,299.9
R,1215195,86871,4215,3198,714813,31014,4230,3198,977.3,299.9
D,NBXX,9999,5.719e-5,4.481e-5,3.237e-5,5.773e-6,6.100e-6,4.982e-6
Y,195996,977.3,299.9,295.7,75.3,13.1,5.7,0,0008
T,2014,08,23,03,58,40
B,269782,29421,111,3447,162180,7483,96,3448,977.3,299.9
G,3244788,205983,95,3447,1911268,43944,90,3448,977.3,299.9
R,1306478,94977,4600,3447,771761,33915,4602,3448,977.3,299.9
D,NBXX,9999,5.929e-5,4.637e-5,3.324e-5,7.235e-6,6.169e-6,5.237e-6
Y,195564,977.3,299.9,295.7,76.2,13.0,5.7,0,0000
T,2014,08,23,04,03,40
B,268728,29078,136,3447,163197,7173,93,3447,977.3,299.9
G,3246729,203294,122,3447,1909812,43610,103,3447,977.3,299.9
R,1306914,93814,4553,3447,772502,33743,4512,3447,977.3,299.9
D,NBXX,9999,5.852e-5,4.550e-5,3.261e-5,6.311e-6,6.050e-6,5.230e-6
Y,195682,977.3,299.9,295.7,75.8,13.1,5.7,0,0000
T,2014,08,23,04,08,40
B,270435,29090,145,3448,163418,7190,111,3447,977.3,299.9
G,3243603,203010,115,3448,1904037,43388,91,3447,977.3,299.9
R,1306871,94452,4515,3448,768348,33788,4597,3447,977.3,299.9
D,NBXX,9999,5.792e-5,4.548e-5,3.297e-5,6.142e-6,6.005e-6,5.229e-6
Y,195436,977.3,299.9,295.7,75.8,13.0,5.7,0,0000
T,2014,08,23,04,13,40
B,248780,26521,133,3194,150322,6568,110,3196,977.3,299.9
G,3006521,184659,94,3194,1765228,40289,95,3196,977.3,299.9
R,1211624,85398,4153,3194,711707,31201,4257,3196,977.3,299.9
D,NBXX,9999,5.710e-5,4.433e-5,3.158e-5,5.943e-6,6.018e-6,5.161e-6
Y,195557,977.3,299.9,295.7,75.7,13.1,5.7,0,0008
T,2014,08,23,04,18,40
B,229004,24550,118,2939,138359,6029,68,2940,977.3,299.9
G,2769774,171497,70,2939,1622125,36718,86,2940,977.3,299.9
R,1116352,79074,3819,2939,656039,28733,3879,2940,977.3,299.9
D,NBXX,9999,5.774e-5,4.483e-5,3.190e-5,6.044e-6,5.887e-6,5.197e-6
Y,195790,977.3,299.9,295.7,75.7,13.1,5.7,0,0008
T,2014,08,23,04,23,40
B,262413,28470,134,3342,158254,6895,110,3341,977.3,299.9
G,3148211,196019,99,3342,1853178,41943,84,3341,977.3,299.9
R,1266502,90209,4398,3342,747390,32834,4474,3341,977.3,299.9
D,NBXX,9999,5.868e-5,4.517e-5,3.211e-5,5.905e-6,5.959e-6,5.256e-6
Y,195706,977.3,299.9,295.7,75.8,13.0,5.7,0,0008
T,2014,08,23,04,28,40
B,263411,29027,113,3369,158077,7034,100,3368,977.3,299.8
G,3175308,203152,105,3369,1857996,43181,93,3368,977.3,299.8
R,1277607,94084,4392,3369,750897,33505,4309,3368,977.3,299.8
D,NBXX,9999,6.016e-5,4.685e-5,3.420e-5,6.354e-6,6.226e-6,5.672e-6
Y,195809,977.3,299.8,295.7,76.5,13.0,5.7,0,0008
T,2014,08,23,04,33,40
B,242359,26745,105,3090,147045,6604,71,3089,977.3,299.8
G,2922644,186130,80,3090,1712157,39007,81,3089,977.3,299.8
R,1178934,86239,4168,3090,693044,30237,3958,3089,977.3,299.8
D,NBXX,9999,6.036e-5,4.657e-5,3.373e-5,6.876e-6,5.986e-6,5.140e-6
Y,196503,977.3,299.8,295.7,76.6,13.0,5.7,0,0008
T,2014,08,23,04,38,40
B,270336,29867,107,3447,162275,7156,127,3448,977.3,299.8
G,3244811,207481,90,3447,1901228,43925,83,3448,977.3,299.8
R,1309442,94924,4433,3447,767447,33444,4562,3448,977.3,299.8
D,NBXX,9999,6.034e-5,4.683e-5,3.323e-5,6.098e-6,6.168e-6,5.066e-6
Y,195566,977.3,299.8,295.7,76.5,13.1,5.7,0,0000
T,2014,08,23,04,43,40
B,269834,29330,109,3447,162580,7197,116,3447,977.3,299.8
G,3247387,203927,116,3447,1907322,43446,83,3447,977.3,299.8
R,1305753,94042,4417,3447,769727,33431,4501,3447,977.3,299.8
D,NBXX,9999,5.891e-5,4.569e-5,3.290e-5,6.298e-6,6.006e-6,5.156e-6
Y,195722,977.3,299.8,295.7,76.3,13.1,5.7,0,0000
T,2014,08,23,04,48,40
B,268045,29109,105,3448,162257,7224,116,3447,977.3,299.8
G,3249790,204436,106,3448,1911899,43372,87,3447,977.3,299.8
R,1304234,93793,4506,3448,770020,33676,4452,3447,977.3,299.8
D,NBXX,9999,5.884e-5,4.580e-5,3.278e-5,6.540e-6,5.980e-6,5.298e-6
Y,195810,977.3,299.8,295.6,76.2,13.1,5.7,0,0000
T,2014,08,23,04,53,40
B,269140,29294,111,3447,162740,7188,117,3447,977.2,299.8
G,3246846,205386,94,3447,1910260,43207,81,3447,977.2,299.8
R,1304683,93922,4564,3447,772086,34055,4456,3447,977.2,299.8
D,NBXX,9999,5.902e-5,4.615e-5,3.280e-5,6.314e-6,5.944e-6,5.475e-6
Y,195689,977.2,299.8,295.6,76.3,13.0,5.7,0,0000
T,2014,08,23,04,58,40
B,269768,29160,84,3447,163551,7261,93,3448,977.2,299.8
G,3248274,206018,92,3447,1913985,44142,92,3448,977.2,299.8
R,1307651,94212,4483,3447,771214,33657,4467,3448,977.2,299.8
D,NBXX,9999,5.858e-5,4.631e-5,3.290e-5,6.658e-6,6.216e-6,5.246e-6
Y,195775,977.2,299.8,295.6,76.5,13.1,5.7,0,0000
T,2014,08,23,05,03,40
B,269786,29015,97,3447,162720,7059,124,3447,977.2,299.8
G,3245827,204050,98,3447,1914645,43647,77,3447,977.2,299.8
R,1305986,94207,4454,3447,771557,34077,4364,3447,977.2,299.8
D,NBXX,9999,5.799e-5,4.576e-5,3.306e-5,5.899e-6,6.082e-6,5.616e-6
Y,195627,977.2,299.8,295.6,76.3,13.0,5.7,0,0000
T,2014,08,23,05,08,40
B,269473,29206,110,3448,163180,7119,111,3447,977.2,299.8
G,3248008,204666,96,3448,1912372,43507,91,3447,977.2,299.8
R,1305380,94381,4542,3448,769887,33721,4585,3447,977.2,299.8
D,NBXX,9999,5.867e-5,4.591e-5,3.297e-5,6.111e-6,6.030e-6,5.194e-6
Y,195702,977.2,299.8,295.6,76.3,13.1,5.7,0,0000
T,2014,08,23,05,13,40
B,267015,29327,92,3416,160829,7068,86,3416,977.1,299.8
G,3215663,207688,97,3416,1891176,43396,107,3416,977.1,299.8
R,1296058,96135,4451,3416,763677,33488,4126,3416,977.1,299.8
D,NBXX,9999,5.999e-5,4.745e-5,3.480e-5,6.292e-6,6.119e-6,5.538e-6
Y,195568,977.1,299.8,295.7,76.8,13.0,5.7,0,0008
T,2014,08,23,05,18,40
B,260213,28719,110,3331,156454,6793,111,3330,977.1,299.8
G,3138586,197921,95,3331,1840028,42451,90,3330,977.1,299.8
R,1263041,90764,4283,3331,742391,32520,4239,3330,977.1,299.8
D,NBXX,9999,6.026e-5,4.595e-5,3.284e-5,5.829e-6,6.158e-6,5.352e-6
Y,195752,977.1,299.8,295.7,76.5,13.0,5.7,0,0008
T,2014,08,23,05,23,40
B,240163,25827,111,3089,145633,6437,106,3090,977.0,299.9
G,2901743,181147,57,3089,1696783,38554,70,3090,977.0,299.9
R,1168544,83409,4062,3089,686279,30071,3954,3090,977.0,299.9
D,NBXX,9999,5.793e-5,4.534e-5,3.236e-5,6.346e-6,5.931e-6,5.227e-6
Y,195156,977.0,299.9,295.7,76.0,13.1,5.7,0,0008
T,2014,08,23,05,28,40
B,269037,29435,104,3447,162745,7217,125,3447,977.0,299.9
G,3245452,204376,88,3447,1904015,43802,97,3447,977.0,299.9
R,1306237,94649,4385,3447,769896,33615,4419,3447,977.0,299.9
D,NBXX,9999,5.950e-5,4.587e-5,3.333e-5,6.420e-6,6.127e-6,5.343e-6
Y,195605,977.0,299.9,295.7,76.2,13.1,5.7,0,0000
T,2014,08,23,05,33,40
B,269514,29606,122,3448,161536,7187,120,3447,977.1,299.9
G,3247624,205079,94,3448,1894017,44310,89,3447,977.1,299.9
R,1304598,93956,4349,3448,765152,33621,4450,3447,977.1,299.9
D,NBXX,9999,5.982e-5,4.604e-5,3.297e-5,6.253e-6,6.277e-6,5.373e-6
Y,195679,977.1,299.9,295.7,76.0,13.1,5.7,0,0000
T,2014,08,23,05,38,40
B,253933,27303,101,3262,154610,6764,95,3263,977.2,299.9
G,3064917,192474,85,3262,1808955,41084,102,3263,977.2,299.9
R,1231929,88103,4283,3262,728499,31681,4160,3263,977.2,299.9
D,NBXX,9999,5.804e-5,4.569e-5,3.248e-5,6.335e-6,6.028e-6,5.220e-6
Y,195198,977.2,299.9,295.7,76.0,13.0,5.7,0,0008
T,2014,08,23,05,43,40
B,247923,26743,123,3164,148774,6523,92,3166,977.2,299.9
G,2973993,186932,139,3164,1743151,40244,88,3166,977.2,299.9
R,1194557,86264,4068,3164,703682,30661,3960,3166,977.2,299.9
D,NBXX,9999,5.823e-5,4.573e-5,3.315e-5,5.973e-6,6.132e-6,5.297e-6
Y,195275,977.2,299.9,295.7,76.0,13.0,5.7,0,0008
T,2014,08,23,05,48,40
B,239798,26004,75,3084,145859,6293,120,3087,977.2,299.9
G,2899744,182388,78,3084,1710210,39157,67,3087,977.2,299.9
R,1165697,84127,3978,3084,690713,30097,3974,3087,977.2,299.9
D,NBXX,9999,5.875e-5,4.580e-5,3.302e-5,5.962e-6,6.130e-6,5.318e-6
Y,195339,977.2,299.9,295.7,75.8,13.0,5.7,0,0008
T,2014,08,23,05,53,40
B,263162,28458,84,3360,158489,7062,90,3360,977.2,299.9
G,3178424,199983,102,3360,1863015,42753,58,3360,977.2,299.9
R,1278612,91019,4530,3360,750747,33262,4288,3360,977.2,299.9
D,NBXX,9999,5.864e-5,4.582e-5,3.217e-5,6.607e-6,6.090e-6,5.421e-6
Y,196528,977.2,299.9,295.6,76.0,13.0,5.7,0,0008
T,2014,08,23,05,58,40
B,268482,29134,114,3447,161542,7363,106,3447,977.3,299.9
G,3245257,203170,94,3447,1901687,43306,83,3447,977.3,299.9
R,1305825,92603,4340,3447,769656,33665,4626,3447,977.3,299.9
D,NBXX,9999,5.880e-5,4.551e-5,3.199e-5,6.938e-6,5.980e-6,5.264e-6
Y,195593,977.3,299.9,295.7,75.8,13.0,5.7,0,0000
T,2014,08,23,06,03,40
B,247343,27086,108,3144,147674,6350,87,3142,977.3,299.9
G,2969133,187902,83,3144,1730853,40014,60,3142,977.3,299.9
R,1194751,85270,4003,3144,699267,30907,4092,3142,977.3,299.9
D,NBXX,9999,5.964e-5,4.618e-5,3.243e-5,5.554e-6,6.126e-6,5.428e-6
Y,196199,977.3,299.9,295.6,76.0,13.0,5.7,0,0008
T,2014,08,23,06,08,40
B,261972,28764,96,3347,157257,6932,125,3347,977.3,299.9
G,3148472,200019,79,3347,1852300,42332,90,3347,977.3,299.9
R,1270137,91500,4329,3347,748489,32919,4260,3347,977.3,299.9
D,NBXX,9999,5.983e-5,4.642e-5,3.297e-5,6.131e-6,6.081e-6,5.468e-6
Y,195428,977.3,299.9,295.6,76.3,13.1,5.7,0,0008
T,2014,08,23,06,13,40
B,269595,29619,127,3448,162837,7157,138,3447,977.3,299.9
G,3249511,206862,100,3448,1913325,43763,65,3447,977.3,299.9
R,1306064,94418,4478,3448,772972,33969,4599,3447,977.3,299.9
D,NBXX,9999,5.975e-5,4.655e-5,3.300e-5,6.076e-6,6.110e-6,5.373e-6
Y,195793,977.3,299.9,295.6,76.3,13.0,5.7,0,0000
T,2014,08,23,06,18,40
B,250679,27487,137,3215,151532,6758,74,3216,977.3,299.8
G,3028607,192667,96,3215,1782601,41217,92,3216,977.3,299.8
R,1219573,88075,4096,3215,718033,31560,4134,3216,977.3,299.8
D,NBXX,9999,5.968e-5,4.650e-5,3.313e-5,6.517e-6,6.229e-6,5.444e-6
Y,195708,977.3,299.8,295.6,76.5,13.1,5.7,0,0008
T,2014,08,23,06,23,40
B,269737,28790,127,3447,164477,7142,111,3448,977.4,299.8
G,3247432,204323,84,3447,1919670,43197,94,3448,977.4,299.8
R,1305076,93058,4448,3447,774108,33739,4378,3448,977.4,299.8
D,NBXX,9999,5.724e-5,4.582e-5,3.239e-5,6.074e-6,5.934e-6,5.410e-6
Y,195724,977.4,299.8,295.6,76.2,13.0,5.7,0,0000
T,2014,08,23,06,28,40
B,268418,29752,134,3447,163708,7139,104,3447,977.4,299.8
G,3246648,206830,107,3447,1917173,43799,94,3447,977.4,299.8
R,1306425,94671,4365,3447,774591,33418,4508,3447,977.4,299.8
D,NBXX,9999,6.058e-5,4.658e-5,3.328e-5,6.173e-6,6.116e-6,5.173e-6
Y,195677,977.4,299.8,295.6,76.3,13.0,5.7,0,0000
T,2014,08,23,06,33,40
B,269636,29024,117,3448,162995,7116,94,3447,977.4,299.8
G,3244996,203783,100,3448,1909212,43731,88,3447,977.4,299.8
R,1306674,93123,4524,3448,770345,34054,4389,3447,977.4,299.8
D,NBXX,9999,5.807e-5,4.569e-5,3.231e-5,6.110e-6,6.110e-6,5.533e-6
Y,195520,977.4,299.8,295.6,76.0,13.0,5.7,0,0000
T,2014,08,23,06,38,40
B,270330,29658,100,3447,162194,7317,91,3447,977.4,299.8
G,3243373,207925,87,3447,1901815,44298,81,3447,977.4,299.8
R,1307101,95204,4363,3447,769321,33846,4422,3447,977.4,299.8
D,NBXX,9999,5.983e-5,4.699e-5,3.364e-5,6.726e-6,6.293e-6,5.487e-6
Y,195479,977.4,299.8,295.6,76.2,13.0,5.7,0,0000
T,2014,08,23,06,43,40
B,267030,29218,127,3424,162322,7109,108,3426,977.5,299.8
G,3223225,204601,99,3424,1897092,43286,108,3426,977.5,299.8
R,1299276,93588,4488,3424,764748,33728,4323,3426,977.5,299.8
D,NBXX,9999,5.943e-5,4.636e-5,3.295e-5,6.188e-6,6.045e-6,5.473e-6
Y,195570,977.5,299.8,295.6,76.0,13.1,5.7,0,0008
T,2014,08,23,06,48,40
B,261384,29098,111,3350,156713,7170,114,3351,977.4,299.8
G,3155086,203025,91,3350,1848705,43016,66,3351,977.4,299.8
R,1269944,93321,4369,3350,749177,33036,4322,3351,977.4,299.8
D,NBXX,9999,6.100e-5,4.723e-5,3.404e-5,6.870e-6,6.267e-6,5.464e-6
Y,195664,977.4,299.8,295.6,76.3,13.0,5.7,0,0008
T,2014,08,23,06,53,40
B,262496,28854,110,3369,157237,7050,112,3369,977.4,299.8
G,3171586,203791,102,3369,1852110,43143,70,3369,977.4,299.8
R,1275417,93157,4339,3369,747098,32885,4296,3369,977.4,299.8
D,NBXX,9999,5.987e-5,4.714e-5,3.376e-5,6.424e-6,6.236e-6,5.354e-6
Y,195578,977.4,299.8,295.6,76.3,13.1,5.7,0,0008
T,2014,08,23,06,58,40
B,269461,29443,118,3447,164133,7268,93,3447,977.4,299.8
G,3242667,206294,148,3447,1911380,43602,84,3447,977.4,299.8
R,1307447,94022,4432,3447,771308,33791,4353,3447,977.4,299.8
D,NBXX,9999,5.939e-5,4.649e-5,3.291e-5,6.577e-6,6.061e-6,5.450e-6
Y,195436,977.4,299.8,295.6,75.8,13.1,5.7,0,0000
T,2014,08,23,07,03,40
B,270057,29946,110,3447,161167,7234,115,3448,977.4,299.8
G,3249302,208769,108,3447,1905088,44108,123,3448,977.4,299.8
R,1305527,95974,4467,3447,770395,33994,4487,3448,977.4,299.8
D,NBXX,9999,6.067e-5,4.711e-5,3.405e-5,6.372e-6,6.184e-6,5.470e-6
Y,195837,977.4,299.8,295.6,76.2,13.1,5.7,0,0000
T,2014,08,23,07,08,40
B,269192,29566,130,3447,162636,7208,100,3447,977.5,299.8
G,3247016,207935,121,3447,1908708,44106,94,3447,977.5,299.8
R,1306334,94759,4444,3447,770721,33821,4445,3447,977.5,299.8
D,NBXX,9999,5.979e-5,4.691e-5,3.333e-5,6.350e-6,6.203e-6,5.407e-6
Y,195699,977.5,299.8,295.6,76.0,13.0,5.7,0,0000
T,2014,08,23,07,13,40
B,264573,29091,113,3380,160878,6914,107,3379,977.5,299.8
G,3191409,204353,113,3380,1873354,42971,84,3379,977.5,299.8
R,1283040,92731,4431,3380,755932,33068,4209,3379,977.5,299.8
D,NBXX,9999,5.991e-5,4.691e-5,3.318e-5,5.854e-6,6.094e-6,5.385e-6
Y,196162,977.5,299.8,295.6,76.2,13.0,5.7,0,0008
T,2014,08,23,07,18,40
B,268818,29655,89,3447,162518,7208,128,3447,977.5,299.8
G,3247774,206340,80,3447,1912624,44368,87,3447,977.5,299.8
R,1306641,93873,4447,3447,772996,33363,4540,3447,977.5,299.8
D,NBXX,9999,6.023e-5,4.643e-5,3.271e-5,6.425e-6,6.296e-6,5.057e-6
Y,195745,977.5,299.8,295.6,75.7,13.0,5.7,0,0000
T,2014,08,23,07,23,40
B,258795,28693,101,3317,156360,6927,117,3317,977.6,299.8
G,3120002,199396,93,3317,1831842,42466,114,3317,977.6,299.8
R,1257358,91556,4210,3317,740015,32718,4224,3317,977.6,299.8
D,NBXX,9999,6.065e-5,4.678e-5,3.364e-5,6.353e-6,6.230e-6,5.600e-6
Y,195413,977.6,299.8,295.6,76.0,13.0,5.7,0,0008
T,2014,08,23,07,28,40
B,269528,29810,133,3447,162960,7283,125,3447,977.6,299.8
G,3249573,208669,109,3447,1914176,43935,91,3447,977.6,299.8
R,1308694,94896,4472,3447,774369,34094,4435,3447,977.6,299.8
D,NBXX,9999,6.032e-5,4.709e-5,3.331e-5,6.452e-6,6.146e-6,5.534e-6
Y,195854,977.6,299.8,295.6,76.3,13.1,5.7,0,0000
T,2014,08,23,07,33,40
B,270315,29450,103,3447,163829,7270,102,3447,977.7,299.8
G,3244768,207616,82,3447,1912323,43988,89,3447,977.7,299.8
R,1307810,94767,4592,3447,771102,33944,4393,3447,977.7,299.8
D,NBXX,9999,5.916e-5,4.687e-5,3.321e-5,6.536e-6,6.192e-6,5.398e-6
Y,195563,977.7,299.8,295.6,76.2,13.0,5.7,0,0000
T,2014,08,23,07,38,40
B,269365,29188,113,3448,162969,7183,105,3447,977.7,299.8
G,3245762,206857,99,3448,1910828,43603,122,3447,977.7,299.8
R,1308477,94636,4571,3448,771232,33856,4486,3447,977.7,299.8
D,NBXX,9999,5.863e-5,4.660e-5,3.305e-5,6.309e-6,6.057e-6,5.292e-6
Y,195566,977.7,299.8,295.6,76.0,13.1,5.7,0,0000
T,2014,08,23,07,43,40
B,268735,29409,127,3447,163034,7240,134,3447,977.8,299.8
G,3247529,205636,93,3447,1908627,43566,87,3447,977.8,299.8
R,1304958,94251,4444,3447,769178,33455,4515,3447,977.8,299.8
D,NBXX,9999,5.936e-5,4.621e-5,3.303e-5,6.374e-6,6.049e-6,5.151e-6
Y,195730,977.8,299.8,295.6,75.8,13.1,5.7,0,0000
T,2014,08,23,07,48,40
B,268838,29248,141,3447,163552,7024,113,3448,977.8,299.8
G,3249046,205727,82,3447,1913392,43918,107,3448,977.8,299.8
R,1305683,93557,4402,3447,772960,33701,4498,3448,977.8,299.8
D,NBXX,9999,5.886e-5,4.621e-5,3.262e-5,5.730e-6,6.143e-6,5.329e-6
Y,195822,977.8,299.8,295.5,75.7,13.1,5.7,0,0000
T,2014,08,23,07,53,40
B,269525,29319,94,3447,163641,7208,149,3447,977.9,299.8
G,3247574,205712,86,3447,1913216,43451,87,3447,977.9,299.8
R,1307109,94101,4603,3447,773915,33789,4468,3447,977.9,299.8
D,NBXX,9999,5.889e-5,4.624e-5,3.277e-5,6.278e-6,6.016e-6,5.251e-6
Y,195733,977.9,299.8,295.5,75.7,13.0,5.7,0,0000
T,2014,08,23,07,58,40
B,269188,29347,144,3448,163163,7329,85,3447,977.9,299.8
G,3251523,206625,95,3448,1913721,43358,84,3447,977.9,299.8
R,1308102,94649,4555,3448,771806,34276,4507,3447,977.9,299.8
D,NBXX,9999,5.913e-5,4.644e-5,3.307e-5,6.726e-6,5.974e-6,5.547e-6
Y,195915,977.9,299.8,295.5,75.8,13.0,5.7,0,0000
T,2014,08,23,08,03,40
B,269092,29606,140,3447,163137,7275,113,3447,977.9,299.8
G,3247053,205576,115,3447,1911007,43539,84,3447,977.9,299.8
R,1306216,94307,4523,3447,770849,33484,4478,3447,977.9,299.8
D,NBXX,9999,5.987e-5,4.620e-5,3.298e-5,6.480e-6,6.036e-6,5.125e-6
Y,195701,977.9,299.8,295.5,75.8,13.0,5.7,0,0000
T,2014,08,23,08,08,40
B,269346,29395,119,3447,163068,7190,125,3448,977.9,299.8
G,3246403,204966,97,3447,1911578,43819,63,3448,977.9,299.8
R,1305343,93756,4476,3447,772445,33704,4399,3448,977.9,299.8
D,NBXX,9999,5.917e-5,4.604e-5,3.277e-5,6.228e-6,6.134e-6,5.352e-6
Y,195662,977.9,299.8,295.5,76.0,13.0,5.7,0,0000
T,2014,08,23,08,13,40
B,269199,29356,110,3447,163202,7243,104,3447,977.9,299.8
G,3242499,206508,89,3447,1910440,43300,85,3447,977.9,299.8
R,1305670,94504,4609,3447,773150,34112,4623,3447,977.9,299.8
D,NBXX,9999,5.921e-5,4.658e-5,3.296e-5,6.511e-6,5.991e-6,5.349e-6
Y,195426,977.9,299.8,295.5,76.3,13.1,5.7,0,0000
T,2014,08,23,08,18,40
B,269762,29714,131,3448,163285,7302,105,3447,977.9,299.8
G,3250305,207271,120,3448,1914625,43810,117,3447,977.9,299.8
R,1307557,94276,4422,3448,774543,34054,4486,3447,977.9,299.8
D,NBXX,9999,6.003e-5,4.664e-5,3.297e-5,6.574e-6,6.095e-6,5.527e-6
Y,195841,977.9,299.8,295.5,76.5,13.0,5.7,0,0000
T,2014,08,23,08,23,40
B,269580,29613,134,3447,162997,7003,103,3447,978.0,299.8
G,3249074,208048,107,3447,1912036,43284,85,3447,978.0,299.8
R,1306967,95050,4521,3447,773894,33872,4472,3447,978.0,299.8
D,NBXX,9999,5.978e-5,4.691e-5,3.341e-5,5.676e-6,5.953e-6,5.358e-6
Y,195824,978.0,299.8,295.6,77.0,13.1,5.7,0,0000
T,2014,08,23,08,28,40
B,269527,29855,132,3447,162295,7150,96,3448,978.0,299.8
G,3248165,208282,102,3447,1911482,43795,88,3448,978.0,299.8
R,1306393,94717,4427,3447,772839,33612,4459,3448,978.0,299.8
D,NBXX,9999,6.056e-5,4.700e-5,3.330e-5,6.149e-6,6.109e-6,5.277e-6
Y,195769,978.0,299.8,295.6,77.1,13.0,5.7,0,0000
T,2014,08,23,08,33,40
B,268248,30381,121,3447,162806,7125,102,3447,978.0,299.8
G,3247753,214208,104,3447,1909056,44169,73,3447,978.0,299.8
R,1305047,97727,4440,3447,770814,33723,4656,3447,978.0,299.8
D,NBXX,9999,6.260e-5,4.881e-5,3.504e-5,6.196e-6,6.232e-6,5.216e-6
Y,195744,978.0,299.8,295.6,77.9,13.1,5.7,0,0000
T,2014,08,23,08,38,40
B,269019,29810,132,3448,162692,7208,121,3447,978.0,299.8
G,3246586,211597,96,3448,1915008,43483,89,3447,978.0,299.8
R,1306472,96180,4363,3448,773347,34179,4461,3447,978.0,299.8
D,NBXX,9999,6.051e-5,4.804e-5,3.423e-5,6.289e-6,6.030e-6,5.674e-6
Y,195616,978.0,299.8,295.6,77.8,13.0,5.7,0,0000
T,2014,08,23,08,43,40
B,268912,29713,106,3447,163888,7180,99,3447,978.0,299.8
G,3244042,210586,92,3447,1916040,44005,88,3447,978.0,299.8
R,1307284,96156,4485,3447,769750,33785,4407,3447,978.0,299.8
D,NBXX,9999,6.041e-5,4.779e-5,3.414e-5,6.375e-6,6.197e-6,5.373e-6
Y,195519,978.0,299.8,295.6,77.9,13.1,5.7,0,0000
T,2014,08,23,08,48,40
B,269285,30163,115,3447,163147,7154,114,3448,978.0,299.8
G,3246757,210686,89,3447,1912448,43802,84,3448,978.0,299.8
R,1308580,96131,4424,3447,771415,33576,4480,3448,978.0,299.8
D,NBXX,9999,6.157e-5,4.776e-5,3.406e-5,6.177e-6,6.122e-6,5.219e-6
Y,195684,978.0,299.8,295.6,77.8,13.0,5.7,0,0000
T,2014,08,23,08,53,40
B,268999,30037,126,3447,162797,7296,97,3447,978.0,299.8
G,3245694,211842,103,3447,1919621,43903,61,3447,978.0,299.8
R,1306327,96417,4427,3447,773439,33594,4362,3447,978.0,299.8
D,NBXX,9999,6.130e-5,4.814e-5,3.440e-5,6.656e-6,6.165e-6,5.340e-6
Y,195619,978.0,299.8,295.6,77.9,13.0,5.7,0,0000
T,2014,08,23,08,58,40
B,269263,30200,98,3448,162834,7242,119,3447,978.0,299.8
G,3246966,214382,100,3448,1912924,43723,96,3447,978.0,299.8
R,1306534,98162,4530,3448,773766,33940,4498,3447,978.0,299.8
D,NBXX,9999,6.173e-5,4.888e-5,3.529e-5,6.499e-6,6.097e-6,5.384e-6
Y,195639,978.0,299.8,295.7,78.4,13.1,5.7,0,0000
T,2014,08,23,09,03,40
B,270692,30456,98,3447,163242,7213,111,3447,978.1,299.9
G,3249144,214660,110,3447,1916009,44100,78,3447,978.1,299.9
R,1307242,98181,4524,3447,772716,34444,4430,3447,978.1,299.9
D,NBXX,9999,6.207e-5,4.892e-5,3.532e-5,6.335e-6,6.202e-6,5.729e-6
Y,195828,978.1,299.9,295.7,78.6,13.0,5.7,0,0000
T,2014,08,23,09,08,40
B,268682,30734,126,3447,164013,7174,137,3448,978.0,299.9
G,3248261,218130,109,3447,1915497,44847,103,3448,978.0,299.9
R,1307634,99678,4577,3447,771890,34589,4312,3448,978.0,299.9
D,NBXX,9999,6.341e-5,4.998e-5,3.626e-5,6.179e-6,6.420e-6,5.853e-6
Y,195775,978.0,299.9,295.7,78.8,13.1,5.7,0,0000
T,2014,08,23,09,13,40
B,269788,30748,128,3447,163287,7291,127,3447,978.1,299.9
G,3251919,218661,108,3447,1905141,44124,81,3447,978.1,299.9
R,1307831,99164,4494,3447,770318,34025,4478,3447,978.1,299.9
D,NBXX,9999,6.310e-5,5.008e-5,3.588e-5,6.480e-6,6.197e-6,5.456e-6
Y,195996,978.1,299.9,295.7,78.9,13.1,5.7,0,0000
T,2014,08,23,09,18,40
B,270126,30868,123,3448,163526,7246,149,3447,978.1,299.9
G,3252854,218954,93,3448,1919740,44302,84,3447,978.1,299.9
R,1309232,99564,4550,3448,772522,34629,4445,3447,978.1,299.9
D,NBXX,9999,6.329e-5,5.015e-5,3.605e-5,6.265e-6,6.256e-6,5.795e-6
Y,195995,978.1,299.9,295.7,78.9,13.1,5.7,0,0000
T,2014,08,23,09,23,40
B,270116,31288,113,3447,162661,7298,121,3447,978.0,299.9
G,3246641,221984,72,3447,1907997,44424,95,3447,978.0,299.9
R,1307772,100099,4478,3447,769616,34267,4458,3447,978.0,299.9
D,NBXX,9999,6.469e-5,5.120e-5,3.648e-5,6.549e-6,6.318e-6,5.629e-6
Y,195676,978.0,299.9,295.8,79.2,13.0,5.7,0,0000
T,2014,08,23,09,28,40
B,269002,32114,107,3447,164143,7400,91,3448,978.0,299.9
G,3250325,227182,100,3447,1914829,45096,85,3448,978.0,299.9
R,1308326,102103,4492,3447,771797,34720,4398,3448,978.0,299.9
D,NBXX,9999,6.770e-5,5.270e-5,3.770e-5,7.065e-6,6.496e-6,5.924e-6
Y,195899,978.0,299.9,295.8,79.7,13.0,5.7,0,0000
T,2014,08,23,09,33,40
B,269774,31335,135,3447,162547,7194,111,3447,978.0,299.9
G,3250713,222940,83,3447,1903074,45068,77,3447,978.0,299.9
R,1305654,101558,4459,3447,770196,34204,4534,3447,978.0,299.9
D,NBXX,9999,6.491e-5,5.141e-5,3.741e-5,6.220e-6,6.499e-6,5.574e-6
Y,195923,978.0,299.9,295.8,79.2,13.1,5.7,0,0000
T,2014,08,23,09,38,40
B,270075,31794,111,3447,163224,7445,117,3447,978.0,299.9
G,3251300,225471,78,3447,1918329,45268,89,3447,978.0,299.9
R,1306918,101080,4626,3447,775066,34609,4396,3447,978.0,299.9
D,NBXX,9999,6.625e-5,5.217e-5,3.705e-5,7.016e-6,6.555e-6,5.785e-6
Y,195958,978.0,299.9,295.9,79.2,13.0,5.7,0,0000
T,2014,08,23,09,43,40
B,270388,31981,122,3448,162799,7278,125,3447,977.9,299.9
G,3247875,226917,93,3448,1904702,44984,87,3447,977.9,299.9
R,1309048,103013,4464,3448,768813,34400,4465,3447,977.9,299.9
D,NBXX,9999,6.664e-5,5.267e-5,3.819e-5,6.428e-6,6.482e-6,5.705e-6
Y,195694,977.9,299.9,295.9,79.2,13.1,5.7,0,0000
T,2014,08,23,09,48,40
B,268597,33303,110,3447,164051,7462,74,3447,977.9,299.9
G,3245377,235778,98,3447,1916917,46359,113,3447,977.9,299.9
R,1306101,105678,4342,3447,771856,34998,4557,3447,977.9,299.9
D,NBXX,9999,7.150e-5,5.541e-5,3.996e-5,7.341e-6,6.896e-6,6.117e-6
Y,195600,977.9,299.9,295.9,79.9,13.0,5.7,0,0000
T,2014,08,23,09,53,40
B,269307,33155,94,3447,162862,7430,122,3448,977.9,300.0
G,3250034,236902,95,3447,1913856,45893,85,3448,977.9,300.0
R,1306874,105816,4514,3447,770974,35371,4458,3448,977.9,300.0
D,NBXX,9999,7.068e-5,5.566e-5,3.996e-5,7.068e-6,6.741e-6,6.277e-6
Y,195882,977.9,300.0,295.9,79.2,13.1,5.7,0,0000
T,2014,08,23,09,58,40
B,268836,33922,109,3447,163042,7485,121,3447,977.9,300.0
G,3244092,240560,89,3447,1911383,45876,96,3447,977.9,300.0
R,1308984,106948,4380,3447,771510,34979,4486,3447,977.9,300.0
D,NBXX,9999,7.312e-5,5.690e-5,4.062e-5,7.230e-6,6.764e-6,6.095e-6
Y,195522,977.9,300.0,296.0,79.1,13.0,5.7,0,0000
T,2014,08,23,10,03,40
B,270387,33599,125,3448,163273,7497,105,3447,977.9,300.0
G,3250058,243316,111,3448,1919577,46310,78,3447,977.9,300.0
R,1307064,108317,4467,3448,777188,35097,4537,3447,977.9,300.0
D,NBXX,9999,7.157e-5,5.761e-5,4.144e-5,7.147e-6,6.873e-6,6.097e-6
Y,195826,977.9,300.0,296.0,78.1,13.1,5.7,0,0000
T,2014,08,23,10,08,40
B,269188,34367,133,3447,163490,7640,119,3447,977.8,300.0
G,3251740,246048,80,3447,1912946,47081,104,3447,977.8,300.0
R,1306211,109553,4513,3447,773010,35398,4473,3447,977.8,300.0
D,NBXX,9999,7.426e-5,5.840e-5,4.224e-5,7.593e-6,7.097e-6,6.297e-6
Y,195985,977.8,300.0,296.0,78.8,13.0,5.7,0,0000
T,2014,08,23,10,13,40
B,269736,35172,133,3447,163847,7639,122,3448,977.9,300.0
G,3251818,253442,94,3447,1917885,47580,98,3448,977.9,300.0
R,1307991,111904,4428,3447,775224,35447,4366,3448,977.9,300.0
D,NBXX,9999,7.647e-5,6.064e-5,4.372e-5,7.528e-6,7.241e-6,6.435e-6
Y,195990,977.9,300.0,296.0,79.1,13.1,5.7,0,0000
T,2014,08,23,10,18,40
B,269680,34571,112,3447,164070,7570,103,3447,977.9,300.0
G,3246844,249393,101,3447,1916780,46678,78,3447,977.9,300.0
R,1307858,110989,4460,3447,772151,35621,4444,3447,977.9,300.0
D,NBXX,9999,7.481e-5,5.953e-5,4.309e-5,7.471e-6,6.998e-6,6.470e-6
Y,195689,977.9,300.0,296.0,78.3,13.0,5.7,0,0000
T,2014,08,23,10,23,40
B,269491,34374,102,3448,163470,7420,116,3447,977.9,300.0
G,3250468,245965,112,3448,1915244,46456,76,3447,977.9,300.0
R,1308097,109517,4489,3448,771973,35545,4427,3447,977.9,300.0
D,NBXX,9999,7.428e-5,5.840e-5,4.218e-5,7.029e-6,6.916e-6,6.418e-6
Y,195851,977.9,300.0,296.0,77.3,13.0,5.7,0,0000
T,2014,08,23,10,28,40
B,269441,34430,113,3447,163065,7579,135,3447,977.9,300.0
G,3246719,247291,95,3447,1912752,46869,79,3447,977.9,300.0
R,1307195,111087,4501,3447,771236,35456,4404,3447,977.9,300.0
D,NBXX,9999,7.437e-5,5.889e-5,4.318e-5,7.402e-6,7.058e-6,6.377e-6
Y,195681,977.9,300.0,296.0,77.1,13.1,5.7,0,0000
T,2014,08,23,10,33,40
B,269874,35035,121,3447,162815,7633,117,3448,977.9,300.0
G,3247858,253095,104,3447,1915370,47143,94,3448,977.9,300.0
R,1307727,112536,4447,3447,773391,35972,4417,3448,977.9,300.0
D,NBXX,9999,7.606e-5,6.062e-5,4.406e-5,7.558e-6,7.124e-6,6.707e-6
Y,195750,977.9,300.0,296.0,78.4,13.0,5.7,0,0000
T,2014,08,23,10,38,40
B,269959,34872,132,3447,162749,7506,131,3447,977.9,300.0
G,3243527,250432,104,3447,1914316,46876,99,3447,977.9,300.0
R,1307772,111475,4489,3447,773372,35552,4395,3447,977.9,300.0
D,NBXX,9999,7.545e-5,5.992e-5,4.340e-5,7.087e-6,7.064e-6,6.444e-6
Y,195488,977.9,300.0,296.0,77.8,13.1,5.7,0,0000
T,2014,08,23,10,43,40
B,268822,34319,123,3448,164055,7595,104,3447,977.9,300.0
G,3252021,251328,118,3448,1916779,47328,91,3447,977.9,300.0
R,1306298,111014,4569,3448,770991,35879,4445,3447,977.9,300.0
D,NBXX,9999,7.434e-5,5.999e-5,4.310e-5,7.581e-6,7.166e-6,6.573e-6
Y,195945,977.9,300.0,296.0,77.5,13.1,5.7,0,0000
T,2014,08,23,10,48,40
B,269676,35263,144,3447,163603,7586,107,3447,977.9,300.0
G,3248687,256087,118,3447,1913703,48110,93,3447,977.9,300.0
R,1305713,113799,4453,3447,770656,36016,4466,3447,977.9,300.0
D,NBXX,9999,7.678e-5,6.151e-5,4.489e-5,7.394e-6,7.414e-6,6.725e-6
Y,195800,977.9,300.0,296.1,78.3,13.1,5.7,0,0000
T,2014,08,23,10,53,40
B,270378,34458,127,3447,163081,7442,113,3448,977.9,300.0
G,3249682,249873,103,3447,1910356,47166,68,3448,977.9,300.0
R,1307104,111413,4506,3447,771180,35804,4381,3448,977.9,300.0
D,NBXX,9999,7.412e-5,5.961e-5,4.340e-5,6.935e-6,7.133e-6,6.597e-6
Y,195860,977.9,300.0,296.1,76.6,13.1,5.7,0,0000
T,2014,08,23,10,58,40
B,269764,34271,112,3447,162623,7510,143,3447,977.9,300.0
G,3243104,247260,123,3447,1912855,46971,77,3447,977.9,300.0
R,1305352,110355,4393,3447,771748,36010,4433,3447,977.9,300.0
D,NBXX,9999,7.374e-5,5.896e-5,4.288e-5,7.143e-6,7.096e-6,6.791e-6
Y,195462,977.9,300.0,296.1,75.2,13.1,5.7,0,0000
T,2014,08,23,11,03,40
B,268828,33985,142,3448,163337,7467,114,3447,977.9,300.0
G,3243836,248439,105,3448,1909977,46334,75,3447,977.9,300.0
R,1303417,111236,4478,3448,770142,35697,4472,3447,977.9,300.0
D,NBXX,9999,7.323e-5,5.931e-5,4.342e-5,7.092e-6,6.910e-6,6.542e-6
Y,195450,977.9,300.0,296.1,74.7,13.1,5.7,0,0000
T,2014,08,23,11,08,40
B,269014,34641,109,3447,162385,7509,91,3447,977.8,300.0
G,3247992,250188,92,3447,1916451,47185,84,3447,977.8,300.0
R,1306618,111677,4550,3447,774335,36112,4402,3447,977.8,300.0
D,NBXX,9999,7.533e-5,5.975e-5,4.353e-5,7.393e-6,7.148e-6,6.749e-6
Y,195758,977.8,300.0,296.1,74.9,13.0,5.7,0,0000
T,2014,08,23,11,13,40
B,269577,34060,92,3447,162332,7531,114,3448,977.8,300.0
G,3242767,247878,100,3447,1902470,46686,74,3448,977.8,300.0
R,1304287,110802,4558,3447,769005,35463,4527,3448,977.8,300.0
D,NBXX,9999,7.334e-5,5.917e-5,4.302e-5,7.386e-6,7.016e-6,6.284e-6
Y,195442,977.8,300.0,296.1,74.2,13.1,5.7,0,0000
T,2014,08,23,11,18,40
B,269084,34504,109,3447,162845,7570,110,3447,977.8,300.0
G,3243683,248329,100,3447,1911394,46598,72,3447,977.8,300.0
R,1306675,110483,4515,3447,771238,35591,4454,3447,977.8,300.0
D,NBXX,9999,7.483e-5,5.928e-5,4.280e-5,7.506e-6,6.990e-6,6.420e-6
Y,195498,977.8,300.0,296.1,74.4,13.0,5.7,0,0000
T,2014,08,23,11,23,40
B,268275,34937,107,3448,162111,7631,99,3447,977.8,300.1
G,3244144,252045,104,3448,1902261,47030,70,3447,977.8,300.1
R,1308081,111855,4520,3448,768179,35766,4496,3447,977.8,300.1
D,NBXX,9999,7.650e-5,6.040e-5,4.353e-5,7.810e-6,7.123e-6,6.482e-6
Y,195468,977.8,300.1,296.1,74.7,13.1,5.7,0,0000
T,2014,08,23,11,28,40
B,268889,34961,106,3447,163438,7721,116,3447,977.8,300.1
G,3240370,253686,101,3447,1906908,47580,105,3447,977.8,300.1
R,1305994,112928,4533,3447,771385,36387,4470,3447,977.8,300.1
D,NBXX,9999,7.628e-5,6.098e-5,4.429e-5,7.968e-6,7.292e-6,6.887e-6
Y,195297,977.8,300.1,296.1,74.4,13.0,5.7,0,0000
T,2014,08,23,11,33,40
B,268615,34990,110,3447,163147,7566,110,3448,977.7,300.0
G,3241664,250553,140,3447,1907632,47580,92,3448,977.7,300.0
R,1304798,112251,4628,3447,771857,35511,4591,3448,977.7,300.0
D,NBXX,9999,7.648e-5,5.999e-5,4.378e-5,7.522e-6,7.272e-6,6.212e-6
Y,195375,977.7,300.0,296.1,74.2,13.1,5.7,0,0000
T,2014,08,23,11,38,40
B,269093,35702,128,3447,163603,7609,114,3447,977.6,300.1
G,3245096,258072,101,3447,1910508,47513,97,3447,977.6,300.1
R,1306941,114203,4468,3447,770358,36204,4486,3447,977.6,300.1
D,NBXX,9999,7.837e-5,6.220e-5,4.505e-5,7.542e-6,7.253e-6,6.799e-6
Y,195583,977.6,300.1,296.2,75.3,13.0,5.7,0,0000
T,2014,08,23,11,43,40
B,269362,36027,138,3448,162482,7589,84,3447,977.6,300.1
G,3244570,258829,100,3448,1910085,46839,89,3447,977.6,300.1
R,1305289,113988,4396,3448,772073,36091,4463,3447,977.6,300.1
D,NBXX,9999,7.931e-5,6.245e-5,4.506e-5,7.536e-6,7.058e-6,6.823e-6
Y,195494,977.6,300.1,296.2,73.7,13.0,5.7,0,0000
T,2014,08,23,11,48,40
B,269712,36119,138,3447,161790,7615,105,3447,977.6,300.0
G,3242933,257232,113,3447,1909358,47335,95,3447,977.6,300.0
R,1306415,113754,4444,3447,769244,35808,4564,3447,977.6,300.0
D,NBXX,9999,7.938e-5,6.200e-5,4.476e-5,7.506e-6,7.205e-6,6.528e-6
Y,195452,977.6,300.0,296.2,73.2,13.0,5.7,0,0000
T,2014,08,23,11,53,40
B,267800,36272,91,3421,161718,7747,120,3421,977.6,300.1
G,3217574,261973,106,3421,1895461,47644,81,3421,977.6,300.1
R,1295090,114393,4499,3421,767166,36032,4380,3421,977.6,300.1
D,NBXX,9999,8.073e-5,6.408e-5,4.579e-5,8.178e-6,7.420e-6,6.891e-6
Y,195397,977.6,300.1,296.2,72.8,13.1,5.7,0,0008
T,2014,08,23,11,58,40
B,270079,37165,98,3447,163222,7780,103,3448,977.6,300.1
G,3244243,270093,104,3447,1911701,48006,78,3448,977.6,300.1
R,1308688,117392,4479,3447,772152,36334,4590,3448,977.6,300.1
D,NBXX,9999,8.253e-5,6.589e-5,4.682e-5,8.113e-6,7.408e-6,6.771e-6
Y,195531,977.6,300.1,296.2,72.4,13.0,5.7,0,0000
T,2014,08,23,12,03,40
B,268277,37234,122,3447,162809,7789,113,3447,977.6,300.1
G,3249866,268407,92,3447,1911460,47789,88,3447,977.6,300.1
R,1306530,117677,4475,3447,773284,36079,4450,3447,977.6,300.1
D,NBXX,9999,8.337e-5,6.523e-5,4.720e-5,8.181e-6,7.322e-6,6.749e-6
Y,195872,977.6,300.1,296.2,71.5,13.0,5.7,0,0000
T,2014,08,23,12,08,40
B,269495,36219,117,3448,162579,7629,112,3447,977.5,300.1
G,3247049,260795,96,3448,1915139,47425,72,3447,977.5,300.1
R,1307865,113917,4452,3448,772999,35589,4431,3447,977.5,300.1
D,NBXX,9999,7.982e-5,6.300e-5,4.488e-5,7.622e-6,7.232e-6,6.471e-6
Y,195644,977.5,300.1,296.2,69.8,13.1,5.7,0,0000
T,2014,08,23,12,13,40
B,268673,36046,129,3447,163303,7698,106,3447,977.5,300.1
G,3249162,260825,108,3447,1914115,47263,91,3447,977.5,300.1
R,1307628,113914,4545,3447,772910,36174,4539,3447,977.5,300.1
D,NBXX,9999,7.960e-5,6.294e-5,4.475e-5,7.871e-6,7.159e-6,6.682e-6
Y,195829,977.5,300.1,296.2,70.5,13.0,5.7,0,0000
T,2014,08,23,12,18,40
B,269003,36685,108,3447,163613,7446,106,3448,977.5,300.1
G,3250358,266767,92,3447,1915121,48044,91,3448,977.5,300.1
R,1307361,116500,4480,3447,772123,35881,4470,3448,977.5,300.1
D,NBXX,9999,8.148e-5,6.472e-5,4.642e-5,7.148e-6,7.392e-6,6.596e-6
Y,195901,977.5,300.1,296.2,71.5,13.1,5.7,0,0000
T,2014,08,23,12,23,40
B,271487,36442,127,3447,163101,7655,105,3447,977.4,300.1
G,3251377,266281,94,3447,1915058,48014,88,3447,977.4,300.1
R,1308108,116430,4514,3447,772457,36410,4408,3447,977.4,300.1
D,NBXX,9999,7.968e-5,6.455e-5,4.636e-5,7.519e-6,7.383e-6,6.933e-6
Y,195963,977.4,300.1,296.2,73.2,13.0,5.7,0,0000
T,2014,08,23,12,28,40
B,268949,35698,106,3448,163503,7556,117,3447,977.4,300.1
G,3247399,257229,124,3448,1912468,47788,68,3447,977.4,300.1
R,1309510,113372,4448,3448,773930,35725,4390,3447,977.4,300.1
D,NBXX,9999,7.848e-5,6.189e-5,4.450e-5,7.467e-6,7.333e-6,6.566e-6
Y,195665,977.4,300.1,296.2,71.1,13.1,5.7,0,0000
T,2014,08,23,12,33,40
B,270346,35335,112,3447,163298,7627,126,3447,977.4,300.1
G,3248409,253428,115,3447,1915538,46945,112,3447,977.4,300.1
R,1305622,111323,4316,3447,772787,35688,4462,3447,977.4,300.1
D,NBXX,9999,7.678e-5,6.070e-5,4.349e-5,7.508e-6,7.055e-6,6.626e-6
Y,195783,977.4,300.1,296.2,71.1,13.1,5.7,0,0000
T,2014,08,23,12,38,40
B,269356,34985,125,3447,163066,7494,107,3448,977.4,300.1
G,3246613,250782,89,3447,1910113,46213,81,3448,977.4,300.1
R,1306902,110917,4422,3447,772777,35521,4412,3448,977.4,300.1
D,NBXX,9999,7.613e-5,5.996e-5,4.314e-5,7.202e-6,6.857e-6,6.465e-6
Y,195675,977.4,300.1,296.2,70.6,13.1,5.7,0,0000
T,2014,08,23,12,43,40
B,269562,34889,126,3447,163579,7355,138,3447,977.4,300.1
G,3243401,251618,81,3447,1915512,46708,94,3447,977.4,300.1
R,1306403,110852,4481,3447,774666,35431,4542,3447,977.4,300.1
D,NBXX,9999,7.565e-5,6.029e-5,4.299e-5,6.660e-6,7.024e-6,6.289e-6
Y,195480,977.4,300.1,296.2,70.8,13.1,5.7,0,0000
T,2014,08,23,12,48,40
B,267860,33914,112,3421,160055,7338,126,3420,977.3,300.1
G,3219561,243500,107,3421,1890654,45365,79,3420,977.3,300.1
R,1294476,107751,4233,3421,765307,35077,4485,3420,977.3,300.1
D,NBXX,9999,7.347e-5,5.836e-5,4.187e-5,6.855e-6,6.717e-6,6.433e-6
Y,195519,977.3,300.1,296.2,68.7,13.0,5.7,0,0008
T,2014,08,23,12,53,40
B,269014,33561,131,3447,162770,7375,136,3447,977.3,300.1
G,3239313,239936,104,3447,1910294,45810,81,3447,977.3,300.1
R,1304030,106550,4503,3447,770836,35235,4547,3447,977.3,300.1
D,NBXX,9999,7.187e-5,5.682e-5,4.047e-5,6.767e-6,6.764e-6,6.178e-6
Y,195233,977.3,300.1,296.2,67.4,13.1,5.7,0,0000
T,2014,08,23,12,58,40
B,269156,34554,142,3447,162508,7216,116,3448,977.3,300.1
G,3245038,246604,86,3447,1915540,46188,80,3448,977.3,300.1
R,1304277,109271,4422,3447,774626,35180,4480,3448,977.3,300.1
D,NBXX,9999,7.485e-5,5.873e-5,4.222e-5,6.300e-6,6.857e-6,6.241e-6
Y,195580,977.3,300.1,296.3,69.3,13.0,5.7,0,0000
T,2014,08,23,13,03,40
B,269939,35457,111,3447,162893,7627,130,3447,977.2,300.1
G,3247365,256476,107,3447,1911889,46941,106,3447,977.2,300.1
R,1306787,113171,4494,3447,772678,35700,4481,3447,977.2,300.1
D,NBXX,9999,7.733e-5,6.166e-5,4.442e-5,7.544e-6,7.064e-6,6.481e-6
Y,195720,977.2,300.1,296.3,71.3,13.1,5.7,0,0000
T,2014,08,23,13,08,40
B,269156,35551,132,3448,163603,7606,117,3447,977.2,300.1
G,3249600,255208,88,3448,1915028,46625,63,3447,977.2,300.1
R,1310127,111893,4489,3448,772135,35865,4421,3447,977.2,300.1
D,NBXX,9999,7.789e-5,6.124e-5,4.353e-5,7.524e-6,6.984e-6,6.593e-6
Y,195799,977.2,300.1,296.3,71.5,13.0,5.7,0,0000
T,2014,08,23,13,13,40
B,268467,35488,128,3447,162582,7741,127,3447,977.2,300.1
G,3243565,257846,89,3447,1912626,47119,98,3447,977.2,300.1
R,1308177,113192,4529,3447,773453,35625,4433,3447,977.2,300.1
D,NBXX,9999,7.795e-5,6.218e-5,4.437e-5,7.962e-6,7.144e-6,6.428e-6
Y,195490,977.2,300.1,296.3,70.6,13.0,5.7,0,0000
T,2014,08,23,13,18,40
B,269419,35843,136,3447,162180,7643,97,3448,977.1,300.1
G,3241930,258691,131,3447,1905251,47420,84,3448,977.1,300.1
R,1304437,112926,4473,3447,770966,35930,4360,3448,977.1,300.1
D,NBXX,9999,7.872e-5,6.246e-5,4.448e-5,7.657e-6,7.229e-6,6.743e-6
Y,195391,977.1,300.1,296.3,70.2,13.0,5.7,0,0000
T,2014,08,23,13,23,40
B,268814,36080,123,3447,163012,7703,110,3447,977.1,300.1
G,3244030,260168,108,3447,1917326,47392,71,3447,977.1,300.1
R,1305960,114152,4557,3447,773793,35854,4428,3447,977.1,300.1
D,NBXX,9999,7.968e-5,6.287e-5,4.504e-5,7.895e-6,7.228e-6,6.577e-6
Y,195519,977.1,300.1,296.3,70.2,13.0,5.7,0,0000
T,2014,08,23,13,28,40
B,268742,37261,132,3448,162596,7760,106,3447,977.0,300.1
G,3248267,270526,98,3448,1913489,48148,110,3447,977.0,300.1
R,1305852,118507,4570,3448,771150,36152,4488,3447,977.0,300.1
D,NBXX,9999,8.327e-5,6.591e-5,4.764e-5,8.063e-6,7.433e-6,6.713e-6
Y,195718,977.0,300.1,296.3,71.1,13.1,5.7,0,0000
T,2014,08,23,13,33,40
B,269417,36575,116,3447,161985,7559,88,3447,977.0,300.1
G,3241012,264869,117,3447,1908729,47685,88,3447,977.0,300.1
R,1304360,116483,4540,3447,770105,36011,4455,3447,977.0,300.1
D,NBXX,9999,8.103e-5,6.437e-5,4.653e-5,7.511e-6,7.321e-6,6.684e-6
Y,195336,977.0,300.1,296.3,70.8,13.0,5.7,0,0000
T,2014,08,23,13,38,40
B,267692,36511,120,3424,160998,7607,102,3425,977.0,300.1
G,3220705,263546,93,3424,1894835,47409,89,3425,977.0,300.1
R,1297930,115538,4379,3424,766192,35365,4468,3425,977.0,300.1
D,NBXX,9999,8.149e-5,6.448e-5,4.638e-5,7.730e-6,7.332e-6,6.466e-6
Y,195416,977.0,300.1,296.3,70.6,13.1,5.7,0,0008
T,2014,08,23,13,43,40
B,268895,36300,145,3447,162720,7742,103,3447,977.0,300.1
G,3244861,263123,118,3447,1903320,46888,94,3447,977.0,300.1
R,1303515,115563,4478,3447,768566,35666,4527,3447,977.0,300.1
D,NBXX,9999,8.027e-5,6.374e-5,4.601e-5,7.954e-6,7.059e-6,6.478e-6
Y,195569,977.0,300.1,296.3,69.7,13.0,5.7,0,0000
T,2014,08,23,13,48,40
B,269385,37026,125,3448,162220,7615,97,3447,976.9,300.1
G,3243788,270389,93,3448,1908305,48647,105,3447,976.9,300.1
R,1306364,118529,4607,3448,770844,35957,4395,3447,976.9,300.1
D,NBXX,9999,8.235e-5,6.598e-5,4.767e-5,7.627e-6,7.608e-6,6.628e-6
Y,195447,976.9,300.1,296.4,71.3,13.1,5.7,0,0000
T,2014,08,23,13,53,40
B,268989,36449,116,3447,162680,7428,75,3447,976.9,300.1
G,3243812,265194,81,3447,1910339,47513,110,3447,976.9,300.1
R,1303825,116591,4536,3447,771875,35861,4571,3447,976.9,300.1
D,NBXX,9999,8.087e-5,6.441e-5,4.654e-5,7.196e-6,7.261e-6,6.521e-6
Y,195505,976.9,300.1,296.4,70.3,13.0,5.7,0,0000
T,2014,08,23,13,58,40
B,268738,35794,129,3447,162654,7550,110,3448,976.8,300.1
G,3244861,258991,109,3447,1907974,46867,95,3448,976.8,300.1
R,1304840,114606,4458,3447,770632,36040,4514,3448,976.8,300.1
D,NBXX,9999,7.883e-5,6.249e-5,4.538e-5,7.411e-6,7.051e-6,6.707e-6
Y,195569,976.8,300.1,296.3,70.5,13.0,5.7,0,0000
T,2014,08,23,14,03,40
B,269907,36368,129,3447,162170,7732,101,3447,976.8,300.1
G,3241957,263667,110,3447,1906735,47843,86,3447,976.8,300.1
R,1304013,116384,4647,3447,769415,36051,4521,3447,976.8,300.1
D,NBXX,9999,8.012e-5,6.398e-5,4.637e-5,7.902e-6,7.368e-6,6.591e-6
Y,195393,976.8,300.1,296.3,71.1,13.1,5.7,0,0000
T,2014,08,23,14,08,40
B,269046,35813,113,3447,162213,7509,108,3447,976.7,300.1
G,3241481,261981,104,3447,1908238,47629,90,3447,976.7,300.1
R,1304773,115727,4539,3447,769997,35596,4597,3447,976.7,300.1
D,NBXX,9999,7.882e-5,6.348e-5,4.595e-5,7.331e-6,7.306e-6,6.328e-6
Y,195364,976.7,300.1,296.3,70.2,13.1,5.7,0,0000
T,2014,08,23,14,13,40
B,268580,36357,112,3448,162296,7564,112,3447,976.7,300.2
G,3243926,266126,104,3448,1905119,47471,93,3447,976.7,300.2
R,1304834,116554,4488,3448,768779,36146,4485,3447,976.7,300.2
D,NBXX,9999,8.065e-5,6.468e-5,4.656e-5,7.532e-6,7.250e-6,6.782e-6
Y,195455,976.7,300.2,296.4,71.0,13.1,5.7,0,0000
T,2014,08,23,14,18,40
B,269606,35846,130,3447,162344,7547,123,3447,976.7,300.2
G,3242614,262191,119,3447,1909532,47573,116,3447,976.7,300.2
R,1303648,116198,4501,3447,769626,36113,4495,3447,976.7,300.2
D,NBXX,9999,7.859e-5,6.351e-5,4.639e-5,7.288e-6,7.269e-6,6.754e-6
Y,195433,976.7,300.2,296.4,69.7,13.1,5.7,0,0000
T,2014,08,23,14,23,40
B,268908,35886,121,3447,161516,7551,127,3448,976.7,300.1
G,3244935,263408,123,3447,1903908,47792,94,3448,976.7,300.1
R,1303410,115993,4516,3447,766826,36177,4518,3448,976.7,300.1
D,NBXX,9999,7.901e-5,6.382e-5,4.625e-5,7.368e-6,7.328e-6,6.764e-6
Y,195573,976.7,300.1,296.3,69.8,13.1,5.7,0,0000
T,2014,08,23,14,28,40
B,269927,35281,116,3447,160712,7534,101,3447,976.6,300.1
G,3243460,255116,117,3447,1898844,46895,88,3447,976.6,300.1
R,1305947,113276,4553,3447,768270,36218,4563,3447,976.6,300.1
D,NBXX,9999,7.688e-5,6.134e-5,4.442e-5,7.349e-6,7.070e-6,6.706e-6
Y,195484,976.6,300.1,296.3,69.8,13.1,5.7,0,0000
T,2014,08,23,14,33,40
B,267836,34626,121,3425,159365,7518,112,3424,976.6,300.1
G,3225005,252815,101,3425,1880860,46737,92,3424,976.6,300.1
R,1296002,112877,4581,3425,760664,35878,4472,3424,976.6,300.1
D,NBXX,9999,7.566e-5,6.109e-5,4.470e-5,7.422e-6,7.111e-6,6.668e-6
Y,195621,976.6,300.1,296.3,70.6,13.1,5.7,0,0008
T,2014,08,23,14,38,40
B,266629,34760,146,3417,161287,7427,128,3418,976.5,300.2
G,3212203,253451,116,3417,1899926,46693,105,3418,976.5,300.2
R,1292576,113978,4482,3417,768108,35735,4505,3418,976.5,300.2
D,NBXX,9999,7.640e-5,6.158e-5,4.559e-5,7.086e-6,7.136e-6,6.657e-6
Y,195299,976.5,300.2,296.4,71.1,13.0,5.7,0,0008
T,2014,08,23,14,43,40
B,270327,34467,115,3447,163337,7470,128,3448,976.5,300.2
G,3254598,250968,104,3447,1913971,46985,87,3448,976.5,300.2
R,1309308,111420,4596,3447,771709,35965,4618,3448,976.5,300.2
D,NBXX,9999,7.419e-5,5.982e-5,4.307e-5,7.026e-6,7.049e-6,6.439e-6
Y,196158,976.5,300.2,296.4,70.6,13.0,5.7,0,0000
T,2014,08,23,14,48,40
B,269760,34596,123,3447,162534,7661,125,3447,976.4,300.2
G,3252123,251115,120,3447,1914599,47146,118,3447,976.4,300.2
R,1309308,112462,4519,3447,771945,35900,4541,3447,976.4,300.2
D,NBXX,9999,7.477e-5,5.991e-5,4.381e-5,7.637e-6,7.096e-6,6.513e-6
Y,196008,976.4,300.2,296.4,70.5,13.0,5.7,0,0000
T,2014,08,23,14,53,40
B,268381,34319,104,3426,162086,7481,144,3425,976.4,300.2
G,3233400,249003,83,3426,1903697,46619,64,3425,976.4,300.2
R,1301813,111404,4564,3426,769721,35684,4462,3425,976.4,300.2
D,NBXX,9999,7.447e-5,5.974e-5,4.354e-5,7.212e-6,7.054e-6,6.499e-6
Y,196075,976.4,300.2,296.4,70.3,13.0,5.7,0,0008
T,2014,08,23,14,58,40
B,266953,34217,117,3420,161196,7533,108,3420,976.3,300.2
G,3224872,248305,112,3420,1895694,47022,88,3420,976.3,300.2
R,1296739,110286,4531,3420,767089,35845,4511,3420,976.3,300.2
D,NBXX,9999,7.479e-5,5.970e-5,4.309e-5,7.562e-6,7.192e-6,6.641e-6
Y,195900,976.3,300.2,296.5,70.2,13.1,5.7,0,0008
T,2014,08,23,15,03,40
B,258621,32728,99,3313,156545,7327,112,3315,976.3,300.2
G,3118194,234937,83,3313,1837949,45292,64,3315,976.3,300.2
R,1256311,105777,4357,3313,742417,34804,4432,3315,976.3,300.2
D,NBXX,9999,7.349e-5,5.809e-5,4.240e-5,7.666e-6,7.145e-6,6.657e-6
Y,195536,976.3,300.2,296.5,69.8,13.1,5.7,0,0008
T,2014,08,23,15,08,40
B,251337,31786,79,3216,150771,7072,98,3215,976.3,300.2
G,3033607,229933,86,3216,1776843,43640,100,3215,976.3,300.2
R,1221722,103005,4262,3216,719859,33488,4160,3215,976.3,300.2
D,NBXX,9999,7.352e-5,5.852e-5,4.258e-5,7.634e-6,7.004e-6,6.536e-6
Y,195971,976.3,300.2,296.5,69.5,13.1,5.7,0,0008
T,2014,08,23,15,13,40
B,252059,31974,98,3221,150889,7113,116,3221,976.2,300.2
G,3035098,230496,85,3221,1773302,44610,90,3221,976.2,300.2
R,1222992,103658,4415,3221,718015,33750,4360,3221,976.2,300.2
D,NBXX,9999,7.373e-5,5.867e-5,4.268e-5,7.571e-6,7.313e-6,6.418e-6
Y,195762,976.2,300.2,296.4,69.7,13.1,5.7,0,0008
T,2014,08,23,15,18,40
B,269066,34675,134,3447,162407,7526,100,3447,976.2,300.2
G,3240394,249883,115,3447,1901836,47391,106,3447,976.2,300.2
R,1302552,111542,4631,3447,767595,35849,4688,3447,976.2,300.2
D,NBXX,9999,7.536e-5,5.982e-5,4.339e-5,7.349e-6,7.229e-6,6.379e-6
Y,195299,976.2,300.2,296.4,70.0,13.1,5.7,0,0000
T,2014,08,23,15,23,40
B,268464,34447,119,3447,161529,7367,128,3448,976.1,300.2
G,3240400,248016,121,3447,1907103,47198,89,3448,976.1,300.2
R,1306306,111436,4705,3447,770972,35862,4638,3448,976.1,300.2
D,NBXX,9999,7.485e-5,5.925e-5,4.313e-5,6.864e-6,7.170e-6,6.321e-6
Y,195299,976.1,300.2,296.4,70.0,13.1,5.7,0,0000
T,2014,08,23,15,28,40
B,269662,34932,120,3447,161703,7488,116,3447,976.0,300.2
G,3238279,249445,114,3447,1900256,47040,100,3447,976.0,300.2
R,1301574,111195,4480,3447,768910,36051,4666,3447,976.0,300.2
D,NBXX,9999,7.589e-5,5.976e-5,4.334e-5,7.179e-6,7.147e-6,6.635e-6
Y,195171,976.0,300.2,296.4,69.2,13.1,5.7,0,0000
T,2014,08,23,15,33,40
B,268906,34694,122,3448,162064,7621,123,3447,975.9,300.2
G,3243127,250233,83,3448,1904451,47137,114,3447,975.9,300.2
R,1306954,110980,4637,3448,770129,36079,4669,3447,975.9,300.2
D,NBXX,9999,7.544e-5,5.989e-5,4.285e-5,7.618e-6,7.165e-6,6.481e-6
Y,195407,975.9,300.2,296.4,68.4,13.1,5.7,0,0000
T,2014,08,23,15,38,40
B,265983,34581,129,3421,160740,7476,120,3421,975.9,300.3
G,3215871,249655,97,3421,1892598,47161,103,3421,975.9,300.3
R,1297649,111744,4717,3421,763551,35699,4523,3421,975.9,300.3
D,NBXX,9999,7.625e-5,6.036e-5,4.380e-5,7.411e-6,7.288e-6,6.401e-6
Y,195294,975.9,300.3,296.5,68.5,13.0,5.7,0,0008
T,2014,08,23,15,43,40
B,268670,35119,110,3447,162770,7619,102,3448,975.9,300.3
G,3246161,252861,121,3447,1912209,47954,87,3448,975.9,300.3
R,1307697,113216,4575,3447,772307,36573,4606,3448,975.9,300.3
D,NBXX,9999,7.696e-5,6.062e-5,4.426e-5,7.748e-6,7.388e-6,6.849e-6
Y,195647,975.9,300.3,296.5,68.4,13.1,5.7,0,0000
T,2014,08,23,15,48,40
B,270079,35126,125,3447,162172,7606,111,3447,975.9,300.3
G,3248059,253558,117,3447,1910540,47495,79,3447,975.9,300.3
R,1309696,112996,4688,3447,772397,36106,4679,3447,975.9,300.3
D,NBXX,9999,7.635e-5,6.079e-5,4.390e-5,7.515e-6,7.248e-6,6.417e-6
Y,195762,975.9,300.3,296.5,68.9,13.0,5.7,0,0000
T,2014,08,23,15,53,40
B,270010,35018,102,3448,163553,7506,100,3447,975.9,300.3
G,3243754,252223,92,3448,1914109,47647,74,3447,975.9,300.3
R,1306267,112674,4691,3448,773848,36454,4685,3447,975.9,300.3
D,NBXX,9999,7.616e-5,6.050e-5,4.386e-5,7.344e-6,7.329e-6,6.668e-6
Y,195445,975.9,300.3,296.5,68.2,13.1,5.7,0,0000
T,2014,08,23,15,58,40
B,267711,33328,102,3447,162377,7265,124,3447,976.0,300.3
G,3241814,236584,112,3447,1908441,45896,87,3447,976.0,300.3
R,1306077,106384,4598,3447,772369,35214,4578,3447,976.0,300.3
D,NBXX,9999,7.184e-5,5.577e-5,4.019e-5,6.709e-6,6.788e-6,6.053e-6
Y,195384,976.0,300.3,296.5,65.1,13.0,5.7,0,0000
T,2014,08,23,16,03,40
B,268641,33887,121,3447,162653,7749,122,3448,975.9,300.3
G,3242853,243673,102,3447,1908616,47223,103,3448,975.9,300.3
R,1304260,108487,4775,3447,772864,35842,4699,3448,975.9,300.3
D,NBXX,9999,7.313e-5,5.790e-5,4.135e-5,8.035e-6,7.181e-6,6.240e-6
Y,195447,975.9,300.3,296.6,66.4,13.1,5.7,0,0000
T,2014,08,23,16,08,40
B,268025,35065,119,3447,162566,7675,108,3447,975.8,300.3
G,3238815,253010,99,3447,1907826,47617,88,3447,975.8,300.3
R,1306168,111802,4667,3447,771881,36537,4615,3447,975.8,300.3
D,NBXX,9999,7.700e-5,6.085e-5,4.340e-5,7.925e-6,7.330e-6,6.780e-6
Y,195203,975.8,300.3,296.6,68.4,13.0,5.7,0,0000
T,2014,08,23,16,13,40
B,269492,35653,132,3448,162460,7596,119,3447,975.8,300.3
G,3247051,255577,91,3448,1911436,48109,84,3447,975.8,300.3
R,1306186,112965,4608,3448,771224,36992,4637,3447,975.8,300.3
D,NBXX,9999,7.811e-5,6.143e-5,4.413e-5,7.487e-6,7.451e-6,7.087e-6
Y,195644,975.8,300.3,296.6,69.3,13.1,5.7,0,0000
T,2014,08,23,16,18,40
B,268766,35003,141,3447,162481,7546,131,3447,975.8,300.3
G,3242785,254047,133,3447,1912479,47580,84,3447,975.8,300.3
R,1307069,112340,4625,3447,772454,36710,4798,3447,975.8,300.3
D,NBXX,9999,7.636e-5,6.106e-5,4.359e-5,7.315e-6,7.290e-6,6.775e-6
Y,195443,975.8,300.3,296.6,68.7,13.1,5.7,0,0000
T,2014,08,23,16,23,40
B,267509,35957,139,3421,161199,7712,106,3421,975.7,300.3
G,3217410,258548,112,3421,1891718,47952,89,3421,975.7,300.3
R,1298994,114101,4689,3421,765631,36270,4621,3421,975.7,300.3
D,NBXX,9999,7.985e-5,6.305e-5,4.512e-5,8.018e-6,7.524e-6,6.683e-6
Y,195387,975.7,300.3,296.6,69.5,13.0,5.7,0,0008
T,2014,08,23,16,28,40
B,269042,36130,126,3447,162377,7713,119,3448,975.7,300.3
G,3232596,254876,136,3447,1903968,47814,108,3448,975.7,300.3
R,1305091,112908,4592,3447,769792,36255,4572,3448,975.7,300.3
D,NBXX,9999,7.976e-5,6.154e-5,4.421e-5,7.886e-6,7.393e-6,6.699e-6
Y,194827,975.7,300.3,296.5,68.9,13.1,5.7,0,0000
T,2014,08,23,16,33,40
B,267942,36687,115,3447,162662,7547,107,3447,975.6,300.4
G,3235031,263808,109,3447,1910222,48553,106,3447,975.6,300.4
R,1306944,116343,4722,3447,771960,37330,4748,3447,975.6,300.4
D,NBXX,9999,8.197e-5,6.422e-5,4.599e-5,7.561e-6,7.622e-6,7.119e-6
Y,194974,975.6,300.4,296.6,70.5,13.1,5.7,0,0000
T,2014,08,23,16,38,40
B,248586,32440,110,3194,149971,7006,113,3192,975.6,300.4
G,3002223,231403,105,3194,1760930,43552,67,3192,975.6,300.4
R,1212065,101587,4319,3194,711434,33458,4356,3192,975.6,300.4
D,NBXX,9999,7.668e-5,5.982e-5,4.194e-5,7.524e-6,7.146e-6,6.453e-6
Y,195277,975.6,300.4,296.6,68.7,13.1,5.7,0,0008
T,2014,08,23,16,43,40
B,268010,33639,110,3447,161613,7458,104,3447,975.7,300.4
G,3235185,240922,135,3447,1897089,46583,128,3447,975.7,300.4
R,1302226,106584,4666,3447,769007,36283,4762,3447,975.7,300.4
D,NBXX,9999,7.272e-5,5.722e-5,4.031e-5,7.313e-6,7.004e-6,6.570e-6
Y,194983,975.7,300.4,296.6,67.7,13.1,5.7,0,0000
T,2014,08,23,16,48,40
B,268592,34120,126,3447,162032,7441,116,3448,975.7,300.4
G,3240473,241337,112,3447,1896630,45897,104,3448,975.7,300.4
R,1302984,106890,4767,3447,765981,35291,4621,3448,975.7,300.4
D,NBXX,9999,7.386e-5,5.724e-5,4.049e-5,7.110e-6,6.784e-6,5.980e-6
Y,195303,975.7,300.4,296.6,71.3,13.1,5.7,0,0000
T,2014,08,23,16,53,40
B,268780,33207,108,3447,161932,7317,150,3447,975.7,300.4
G,3235684,237182,108,3447,1899912,44857,86,3447,975.7,300.4
R,1303285,104955,4724,3447,770717,34900,4818,3447,975.7,300.4
D,NBXX,9999,7.097e-5,5.609e-5,3.919e-5,6.669e-6,6.499e-6,5.636e-6
Y,195014,975.7,300.4,296.5,71.9,13.0,5.7,0,0000
T,2014,08,23,16,58,40
B,269090,33420,94,3448,162865,7423,123,3447,975.7,300.4
G,3239129,238019,106,3448,1909208,45015,105,3447,975.7,300.4
R,1304759,104510,4763,3448,771757,35430,4614,3447,975.7,300.4
D,NBXX,9999,7.164e-5,5.626e-5,3.897e-5,7.115e-6,6.531e-6,6.063e-6
Y,195165,975.7,300.4,296.5,72.3,13.0,5.7,0,0000
T,2014,08,23,17,03,40
B,269141,33933,128,3447,162558,7258,108,3447,975.7,300.4
G,3239456,237756,123,3447,1913239,44603,73,3447,975.7,300.4
R,1305842,105384,4713,3447,772406,35384,4725,3447,975.7,300.4
D,NBXX,9999,7.310e-5,5.618e-5,3.942e-5,6.539e-6,6.405e-6,5.974e-6
Y,195242,975.7,300.4,296.5,72.8,13.0,5.7,0,0000
T,2014,08,23,17,08,40
B,245486,30773,123,3146,147982,6748,126,3148,975.8,300.4
G,2953893,218256,55,3146,1736974,40980,89,3148,975.8,300.4
R,1189878,95756,4177,3146,703583,32050,4336,3148,975.8,300.4
D,NBXX,9999,7.239e-5,5.668e-5,3.930e-5,6.820e-6,6.513e-6,5.902e-6
Y,195064,975.8,300.4,296.5,72.4,13.1,5.7,0,0008
T,2014,08,23,17,13,40
B,224059,28585,81,2858,134922,6185,112,2857,976.0,300.3
G,2703096,206716,81,2858,1581841,38637,79,2857,976.0,300.3
R,1090172,93351,3855,2858,639891,30194,3849,2857,976.0,300.3
D,NBXX,9999,7.434e-5,5.922e-5,4.346e-5,7.080e-6,6.930e-6,6.604e-6
Y,196495,976.0,300.3,296.4,73.4,13.1,5.7,0,0008
T,2014,08,23,17,18,40
B,269463,28590,140,3448,162577,6863,96,3447,976.0,300.3
G,3245636,201386,94,3448,1906492,40731,94,3447,976.0,300.3
R,1305252,94046,4755,3448,770974,33524,4806,3447,976.0,300.3
D,NBXX,9999,5.684e-5,4.498e-5,3.247e-5,5.327e-6,5.208e-6,4.770e-6
Y,195559,976.0,300.3,296.4,77.5,13.1,5.7,0,0000
T,2014,08,23,17,23,40
B,269020,31683,141,3447,162620,7135,140,3447,976.1,300.3
G,3244361,226763,115,3447,1900073,43108,95,3447,976.1,300.3
R,1308494,101287,4729,3447,768985,34933,4780,3447,976.1,300.3
D,NBXX,9999,6.619e-5,5.269e-5,3.677e-5,6.019e-6,5.912e-6,5.621e-6
Y,195539,976.1,300.3,296.3,79.7,13.1,5.7,0,0000
T,2014,08,23,17,28,40
B,268477,31600,123,3447,162883,7260,125,3448,976.2,300.3
G,3248438,227293,115,3447,1906501,43138,92,3448,976.2,300.3
R,1306118,102011,4575,3447,771145,34445,4822,3448,976.2,300.3
D,NBXX,9999,6.621e-5,5.277e-5,3.739e-5,6.535e-6,5.902e-6,5.425e-6
Y,195785,976.2,300.3,296.3,80.4,13.0,5.7,0,0000
T,2014,08,23,17,33,40
B,269634,34751,132,3447,162692,7229,144,3447,976.1,300.3
G,3248263,247193,120,3447,1907533,45091,73,3447,976.1,300.3
R,1309311,108517,4721,3447,771842,35595,4644,3447,976.1,300.3
D,NBXX,9999,7.525e-5,5.882e-5,4.121e-5,6.273e-6,6.505e-6,6.114e-6
Y,195775,976.1,300.3,296.2,80.2,13.1,5.7,0,0000
T,2014,08,23,17,38,40
B,269333,34931,132,3439,162477,7480,97,3439,976.1,300.3
G,3245519,249568,92,3439,1907205,45161,81,3439,976.1,300.3
R,1309882,109807,4725,3439,770617,35488,4843,3439,976.1,300.3
D,NBXX,9999,7.607e-5,5.962e-5,4.182e-5,7.220e-6,6.545e-6,5.900e-6
Y,196065,976.1,300.3,296.2,80.4,13.1,5.7,0,0008
T,2014,08,23,17,43,40
B,266862,35958,121,3432,161041,7495,111,3431,976.0,300.3
G,3226694,255192,92,3432,1899355,45276,98,3431,976.0,300.3
R,1299445,110616,4719,3432,766412,35724,4544,3431,976.0,300.3
D,NBXX,9999,8.016e-5,6.180e-5,4.301e-5,7.463e-6,6.671e-6,6.384e-6
Y,195323,976.0,300.3,296.2,80.2,13.0,5.7,0,0008
T,2014,08,23,17,48,40
B,269395,38280,117,3447,162307,7721,131,3448,976.0,300.3
G,3244649,272888,82,3447,1904838,47151,113,3448,976.0,300.3
R,1308960,116388,4697,3447,772446,36477,4769,3448,976.0,300.3
D,NBXX,9999,8.610e-5,6.675e-5,4.592e-5,7.870e-6,7.155e-6,6.576e-6
Y,195556,976.0,300.3,296.2,80.2,13.1,5.7,0,0000
T,2014,08,23,17,53,40
B,269645,37139,133,3447,163123,7574,144,3447,975.9,300.3
G,3245646,264567,109,3447,1910481,46512,91,3447,975.9,300.3
R,1306729,114811,4775,3447,773481,35960,4817,3447,975.9,300.3
D,NBXX,9999,8.245e-5,6.419e-5,4.499e-5,7.310e-6,6.959e-6,6.205e-6
Y,195616,975.9,300.3,296.1,80.1,13.1,5.7,0,0000
T,2014,08,23,17,58,40
B,269657,37731,111,3448,162170,7630,116,3447,975.8,300.2
G,3247057,270360,108,3448,1905316,47075,98,3447,975.8,300.2
R,1307779,114730,4876,3448,771730,36636,4830,3447,975.8,300.2
D,NBXX,9999,8.438e-5,6.592e-5,4.481e-5,7.646e-6,7.126e-6,6.528e-6
Y,195645,975.8,300.2,296.1,79.1,13.1,5.7,0,0000
T,2014,08,23,18,03,40
B,268413,40026,135,3447,162616,7902,91,3447,975.8,300.3
G,3248334,284141,100,3447,1908302,48850,109,3447,975.8,300.3
R,1306926,121223,4766,3447,771474,37099,4822,3447,975.8,300.3
D,NBXX,9999,9.189e-5,7.007e-5,4.887e-5,8.585e-6,7.654e-6,6.896e-6
Y,195779,975.8,300.3,296.2,80.4,13.1,5.7,0,0000
T,2014,08,23,18,08,40
B,269751,41450,131,3447,163023,7806,156,3448,975.7,300.3
G,3248614,297929,97,3447,1916609,49785,101,3448,975.7,300.3
R,1308096,125729,4811,3447,773638,37739,4800,3448,975.7,300.3
D,NBXX,9999,9.538e-5,7.426e-5,5.152e-5,7.960e-6,7.937e-6,7.248e-6
Y,195796,975.7,300.3,296.3,81.7,13.0,5.7,0,0000
T,2014,08,23,18,13,40
B,268708,41574,107,3447,163009,8044,124,3447,975.7,300.3
G,3248188,300484,106,3447,1912197,50056,116,3447,975.7,300.3
R,1309047,125816,4896,3447,775575,37880,4886,3447,975.7,300.3
D,NBXX,9999,9.643e-5,7.504e-5,5.141e-5,8.972e-6,8.017e-6,7.207e-6
Y,195770,975.7,300.3,296.3,82.5,13.0,5.7,0,0000
T,2014,08,23,18,18,40
B,268275,41395,132,3448,163242,7969,113,3447,975.7,300.3
G,3249376,297426,111,3448,1914971,49963,84,3447,975.7,300.3
R,1310427,124901,4987,3448,772953,37759,4744,3447,975.7,300.3
D,NBXX,9999,9.604e-5,7.409e-5,5.081e-5,8.740e-6,7.997e-6,7.159e-6
Y,195785,975.7,300.3,296.3,81.8,13.1,5.7,0,0000
T,2014,08,23,18,23,40
B,269626,41271,123,3447,163120,7907,113,3447,975.7,300.3
G,3250529,297175,133,3447,1916816,49862,117,3447,975.7,300.3
R,1311437,125038,4874,3447,775633,37896,4795,3447,975.7,300.3
D,NBXX,9999,9.507e-5,7.396e-5,5.089e-5,8.461e-6,7.937e-6,7.267e-6
Y,195912,975.7,300.3,296.3,82.0,13.0,5.7,0,0000
T,2014,08,23,18,28,40
B,270525,41958,150,3447,163022,8086,132,3448,975.7,300.4
G,3246164,300824,101,3447,1914854,49847,87,3448,975.7,300.4
R,1306327,126019,5024,3447,774094,37418,4731,3448,975.7,300.4
D,NBXX,9999,9.657e-5,7.521e-5,5.169e-5,8.755e-6,7.970e-6,6.974e-6
Y,195648,975.7,300.4,296.3,81.7,13.1,5.7,0,0000
T,2014,08,23,18,33,40
B,269476,42762,125,3447,163416,8097,146,3447,975.6,300.4
G,3249162,306908,108,3447,1917572,50711,75,3447,975.6,300.4
R,1309173,127868,4805,3447,775337,37693,4726,3447,975.6,300.4
D,NBXX,9999,9.953e-5,7.698e-5,5.281e-5,8.925e-6,8.225e-6,7.269e-6
Y,195829,975.6,300.4,296.3,82.3,13.1,5.7,0,0000
T,2014,08,23,18,38,40
B,269156,42456,131,3447,162480,7887,119,3447,975.6,300.4
G,3247619,308735,126,3447,1912549,50586,99,3447,975.6,300.4
R,1309196,128836,4799,3447,771087,38246,4851,3447,975.6,300.4
D,NBXX,9999,9.883e-5,7.756e-5,5.332e-5,8.391e-6,8.180e-6,7.520e-6
Y,195736,975.6,300.4,296.3,82.7,13.1,5.7,0,0000
T,2014,08,23,18,43,40
B,269632,41657,134,3448,164290,8003,121,3447,975.5,300.4
G,3249314,304109,88,3448,1920744,49997,80,3447,975.5,300.4
R,1308304,127569,4816,3448,777424,38036,4815,3447,975.5,300.4
D,NBXX,9999,9.617e-5,7.613e-5,5.261e-5,8.690e-6,8.017e-6,7.423e-6
Y,195781,975.5,300.4,296.4,82.7,13.1,5.7,0,0000
T,2014,08,23,18,48,40
B,269177,42680,161,3447,163933,8007,94,3447,975.5,300.4
G,3246143,304343,104,3447,1910376,50573,79,3447,975.5,300.4
R,1310677,128085,4933,3447,773031,37997,4821,3447,975.5,300.4
D,NBXX,9999,9.948e-5,7.628e-5,5.271e-5,8.735e-6,8.197e-6,7.278e-6
Y,195646,975.5,300.4,296.4,83.5,13.1,5.7,0,0000
T,2014,08,23,18,53,40
B,269272,41569,117,3447,163057,7868,101,3448,975.4,300.4
G,3255576,297970,129,3447,1917970,49515,81,3448,975.4,300.4
R,1307795,125592,4957,3447,775342,37080,4853,3448,975.4,300.4
D,NBXX,9999,9.620e-5,7.407e-5,5.132e-5,8.429e-6,7.818e-6,6.713e-6
Y,196217,975.4,300.4,296.4,83.3,13.1,5.7,0,0000
T,2014,08,23,18,58,40
B,269095,41945,126,3447,163449,7778,119,3447,975.4,300.5
G,3249833,300451,123,3447,1916779,49435,83,3447,975.4,300.5
R,1311132,125677,4984,3447,774461,37576,4894,3447,975.4,300.5
D,NBXX,9999,9.733e-5,7.501e-5,5.115e-5,8.084e-6,7.839e-6,6.931e-6
Y,195870,975.4,300.5,296.5,83.5,13.1,5.7,0,0000
T,2014,08,23,19,03,40
B,270874,41120,118,3448,162773,7768,141,3447,975.3,300.5
G,3252747,296121,134,3448,1912022,49261,111,3447,975.3,300.5
R,1311444,123728,4785,3448,774182,37393,5021,3447,975.3,300.5
D,NBXX,9999,9.397e-5,7.361e-5,5.000e-5,7.863e-6,7.764e-6,6.872e-6
Y,195989,975.3,300.5,296.5,83.5,13.1,5.7,0,0000
T,2014,08,23,19,08,40
B,269534,41981,122,3447,163023,7957,78,3447,975.2,300.5
G,3252185,297208,78,3447,1913790,49422,112,3447,975.2,300.5
R,1311106,124930,4827,3447,773549,37194,4942,3447,975.2,300.5
D,NBXX,9999,9.738e-5,7.397e-5,5.077e-5,8.745e-6,7.830e-6,6.777e-6
Y,196012,975.2,300.5,296.5,83.6,13.1,5.7,0,0000
T,2014,08,23,19,13,40
B,268843,41328,137,3447,163806,7942,141,3448,975.2,300.5
G,3255026,297532,108,3447,1920050,49181,79,3448,975.2,300.5
R,1312566,123144,4810,3447,776343,37164,4990,3448,975.2,300.5
D,NBXX,9999,9.546e-5,7.399e-5,4.959e-5,8.480e-6,7.741e-6,6.714e-6
Y,196184,975.2,300.5,296.5,83.6,13.0,5.7,0,0000
T,2014,08,23,19,18,40
B,270758,40711,92,3447,162476,7847,110,3447,975.2,300.5
G,3250883,292747,99,3447,1912655,48994,99,3447,975.2,300.5
R,1308773,123949,5026,3447,774260,37494,4888,3447,975.2,300.5
D,NBXX,9999,9.299e-5,7.265e-5,5.020e-5,8.302e-6,7.703e-6,6.884e-6
Y,195933,975.2,300.5,296.5,83.3,13.1,5.7,0,0000
T,2014,08,23,19,23,40
B,270301,41068,118,3448,163227,7986,133,3447,975.2,300.5
G,3251315,295012,112,3448,1911570,49067,83,3447,975.2,300.5
R,1312789,123264,5008,3448,772601,37487,4891,3447,975.2,300.5
D,NBXX,9999,9.410e-5,7.333e-5,4.959e-5,8.595e-6,7.729e-6,6.848e-6
Y,195902,975.2,300.5,296.5,83.3,13.0,5.7,0,0000
T,2014,08,23,19,28,40
B,270391,40737,125,3447,162800,7920,134,3447,975.3,300.5
G,3251549,292193,125,3447,1913186,48428,121,3447,975.3,300.5
R,1315959,121746,4941,3447,774468,37329,4963,3447,975.3,300.5
D,NBXX,9999,9.304e-5,7.245e-5,4.851e-5,8.354e-6,7.512e-6,6.706e-6
Y,195973,975.3,300.5,296.5,83.6,13.1,5.7,0,0000
T,2014,08,23,19,33,40
B,269549,41407,124,3447,163708,7963,120,3448,975.4,300.5
G,3251900,296533,121,3447,1918187,48707,96,3448,975.4,300.5
R,1312842,123828,5031,3447,776148,37770,4903,3448,975.4,300.5
D,NBXX,9999,9.549e-5,7.376e-5,4.990e-5,8.601e-6,7.601e-6,6.982e-6
Y,195995,975.4,300.5,296.5,83.8,13.1,5.7,0,0000
T,2014,08,23,19,38,40
B,270558,41278,143,3447,163192,7895,113,3447,975.4,300.5
G,3256046,294807,98,3447,1912304,48944,113,3447,975.4,300.5
R,1308774,122253,4969,3447,773429,37361,5003,3447,975.4,300.5
D,NBXX,9999,9.460e-5,7.313e-5,4.913e-5,8.275e-6,7.660e-6,6.763e-6
Y,196246,975.4,300.5,296.5,83.8,13.1,5.7,0,0000
T,2014,08,23,19,43,40
B,269893,41006,126,3448,163520,7905,119,3447,975.4,300.5
G,3253353,294764,86,3448,1915084,49254,110,3447,975.4,300.5
R,1312841,122681,4903,3448,773032,37466,4969,3447,975.4,300.5
D,NBXX,9999,9.412e-5,7.319e-5,4.925e-5,8.407e-6,7.776e-6,6.853e-6
Y,196026,975.4,300.5,296.6,83.8,13.0,5.7,0,0000
T,2014,08,23,19,48,40
B,270192,39959,139,3447,162298,7761,142,3447,975.4,300.5
G,3249904,286026,116,3447,1905214,47962,110,3447,975.4,300.5
R,1310775,119418,4946,3447,769328,36920,5023,3447,975.4,300.5
D,NBXX,9999,9.071e-5,7.062e-5,4.732e-5,7.816e-6,7.385e-6,6.475e-6
Y,195874,975.4,300.5,296.5,83.3,13.1,5.7,0,0000
T,2014,08,23,19,53,40
B,269339,39038,118,3447,162655,7697,104,3448,975.4,300.5
G,3246855,278764,107,3447,1907312,47113,115,3448,975.4,300.5
R,1307957,117172,4930,3447,773912,36929,4986,3448,975.4,300.5
D,NBXX,9999,8.850e-5,6.850e-5,4.613e-5,7.893e-6,7.137e-6,6.545e-6
Y,195689,975.4,300.5,296.5,82.8,13.1,5.7,0,0000
T,2014,08,23,19,58,40
B,269172,38175,129,3447,163709,7798,125,3447,975.4,300.5
G,3247590,270326,113,3447,1910041,46564,107,3447,975.4,300.5
R,1312107,114751,4875,3447,775118,36440,5010,3447,975.4,300.5
D,NBXX,9999,8.586e-5,6.592e-5,4.449e-5,8.107e-6,6.972e-6,6.228e-6
Y,195734,975.4,300.5,296.4,82.2,13.1,5.7,0,0000
T,2014,08,23,20,03,40
B,270192,37761,135,3448,162527,7560,117,3447,975.4,300.5
G,3252002,266694,98,3448,1910497,46378,94,3447,975.4,300.5
R,1308939,113587,4942,3448,771682,36326,4927,3447,975.4,300.5
D,NBXX,9999,8.419e-5,6.471e-5,4.395e-5,7.318e-6,6.911e-6,6.212e-6
Y,195944,975.4,300.5,296.4,81.8,13.1,5.7,0,0000
T,2014,08,23,20,08,40
B,269594,37404,116,3447,163426,7592,117,3447,975.4,300.5
G,3246687,265461,111,3447,1907061,46231,87,3447,975.4,300.5
R,1309516,113845,5080,3447,771431,36583,4883,3447,975.4,300.5
D,NBXX,9999,8.342e-5,6.447e-5,4.401e-5,7.523e-6,6.883e-6,6.290e-6
Y,195679,975.4,300.5,296.3,81.4,13.1,5.7,0,0000
T,2014,08,23,20,13,40
B,268375,37589,119,3447,163807,7516,126,3448,975.4,300.5
G,3253735,264077,92,3447,1915202,46102,85,3448,975.4,300.5
R,1312205,113985,4858,3447,777463,36559,5026,3448,975.4,300.5
D,NBXX,9999,8.445e-5,6.388e-5,4.402e-5,7.344e-6,6.816e-6,6.294e-6
Y,196106,975.4,300.5,296.3,81.2,13.1,5.7,0,0000
T,2014,08,23,20,18,40
B,269798,37165,135,3447,163098,7569,125,3447,975.4,300.5
G,3248768,262688,107,3447,1909873,46293,97,3447,975.4,300.5
R,1311369,112018,5128,3447,776272,36436,4967,3447,975.4,300.5
D,NBXX,9999,8.253e-5,6.357e-5,4.273e-5,7.342e-6,6.890e-6,6.087e-6
Y,195805,975.4,300.5,296.3,81.0,13.1,5.7,0,0000
T,2014,08,23,20,23,40
B,269124,37450,100,3448,163524,7595,136,3447,975.4,300.4
G,3250529,264993,100,3448,1908836,46044,69,3447,975.4,300.4
R,1311215,113637,5025,3448,772515,36414,4924,3447,975.4,300.4
D,NBXX,9999,8.375e-5,6.421e-5,4.381e-5,7.566e-6,6.810e-6,6.183e-6
Y,195855,975.4,300.4,296.2,80.9,13.1,5.7,0,0000
T,2014,08,23,20,28,40
B,270421,37129,114,3447,162959,7552,133,3447,975.4,300.4
G,3246458,263938,118,3447,1907245,46270,119,3447,975.4,300.4
R,1311118,113469,5077,3447,774522,36320,4980,3447,975.4,300.4
D,NBXX,9999,8.220e-5,6.397e-5,4.364e-5,7.286e-6,6.869e-6,6.046e-6
Y,195665,975.4,300.4,296.2,80.7,13.1,5.7,0,0000
T,2014,08,23,20,33,40
B,268902,37452,118,3447,162682,7661,127,3448,975.4,300.4
G,3246364,265292,121,3447,1912782,46755,96,3448,975.4,300.4
R,1310313,113587,4916,3447,774231,36505,5038,3448,975.4,300.4
D,NBXX,9999,8.382e-5,6.439e-5,4.382e-5,7.740e-6,7.019e-6,6.234e-6
Y,195660,975.4,300.4,296.2,80.9,13.1,5.7,0,0000
T,2014,08,23,20,38,40
B,269919,37872,90,3447,163299,7679,124,3447,975.5,300.4
G,3248776,267586,70,3447,1913268,46518,96,3447,975.5,300.4
R,1310209,114036,5092,3447,775376,36678,5092,3447,975.5,300.4
D,NBXX,9999,8.476e-5,6.504e-5,4.394e-5,7.825e-6,6.959e-6,6.184e-6
Y,195806,975.5,300.4,296.2,80.9,13.1,5.7,0,0000
T,2014,08,23,20,43,40
B,270516,38104,126,3448,163497,7585,133,3447,975.5,300.4
G,3244306,267258,122,3448,1911055,46495,108,3447,975.5,300.4
R,1311015,113307,4969,3448,773773,36367,5039,3447,975.5,300.4
D,NBXX,9999,8.506e-5,6.503e-5,4.358e-5,7.342e-6,6.953e-6,6.115e-6
Y,195478,975.5,300.4,296.2,81.0,13.1,5.7,0,0000
T,2014,08,23,20,48,40
B,270026,38011,144,3447,163202,7643,107,3447,975.6,300.4
G,3243798,268730,123,3447,1911077,46844,64,3447,975.6,300.4
R,1311610,115007,4975,3447,774838,36478,4972,3447,975.6,300.4
D,NBXX,9999,8.501e-5,6.551e-5,4.463e-5,7.578e-6,7.072e-6,6.213e-6
Y,195504,975.6,300.4,296.2,81.4,13.1,5.7,0,0000
T,2014,08,23,20,53,40
B,269813,37827,120,3447,162974,7669,120,3447,975.6,300.4
G,3238879,267283,114,3447,1912325,46997,90,3447,975.6,300.4
R,1310589,113941,4961,3447,773961,36466,4995,3447,975.6,300.4
D,NBXX,9999,8.458e-5,6.519e-5,4.402e-5,7.713e-6,7.135e-6,6.211e-6
Y,195207,975.6,300.4,296.2,81.4,13.0,5.7,0,0000
T,2014,08,23,20,58,40
B,269691,37929,118,3447,163305,7731,137,3448,975.7,300.4
G,3244912,269423,105,3447,1912289,46764,116,3448,975.7,300.4
R,1312498,114232,4938,3447,774620,36060,4956,3448,975.7,300.4
D,NBXX,9999,8.489e-5,6.568e-5,4.415e-5,7.851e-6,7.027e-6,5.982e-6
Y,195572,975.7,300.4,296.2,81.4,13.1,5.7,0,0000
T,2014,08,23,21,03,40
B,268660,38146,132,3447,163167,7674,138,3447,975.8,300.4
G,3246358,269313,84,3447,1908802,46863,112,3447,975.8,300.4
R,1309806,113837,5083,3447,773569,36713,4990,3447,975.8,300.4
D,NBXX,9999,8.593e-5,6.562e-5,4.392e-5,7.718e-6,7.064e-6,6.288e-6
Y,195659,975.8,300.4,296.2,81.2,13.1,5.7,0,0000
T,2014,08,23,21,08,40
B,270270,37947,105,3448,162971,7792,114,3447,975.8,300.4
G,3246380,270316,134,3448,1909058,46842,91,3447,975.8,300.4
R,1310837,114626,4967,3448,772097,36932,5062,3447,975.8,300.4
D,NBXX,9999,8.482e-5,6.591e-5,4.437e-5,8.125e-6,7.051e-6,6.444e-6
Y,195604,975.8,300.4,296.2,81.0,13.1,5.7,0,0000
T,2014,08,23,21,13,40
B,269929,37916,135,3447,162703,7742,129,3447,975.9,300.3
G,3246088,270957,96,3447,1913617,47114,94,3447,975.9,300.3
R,1310609,114920,4998,3447,773572,36629,4888,3447,975.9,300.3
D,NBXX,9999,8.472e-5,6.613e-5,4.466e-5,7.839e-6,7.143e-6,6.359e-6
Y,195643,975.9,300.3,296.1,81.0,13.0,5.7,0,0000
T,2014,08,23,21,18,40
B,270632,38260,139,3447,163066,7708,139,3448,976.0,300.3
G,3249869,271816,93,3447,1911749,47329,108,3448,976.0,300.3
R,1308172,114979,4939,3447,774690,36673,5044,3448,976.0,300.3
D,NBXX,9999,8.542e-5,6.629e-5,4.475e-5,7.624e-6,7.184e-6,6.340e-6
Y,195872,976.0,300.3,296.1,81.2,13.0,5.7,0,0000
T,2014,08,23,21,23,40
B,269193,39019,146,3447,163111,7569,116,3447,976.0,300.3
G,3244075,275934,116,3447,1917029,47453,87,3447,976.0,300.3
R,1309373,117004,5029,3447,775357,36869,4943,3447,976.0,300.3
D,NBXX,9999,8.837e-5,6.769e-5,4.592e-5,7.385e-6,7.251e-6,6.458e-6
Y,195521,976.0,300.3,296.1,81.5,13.0,5.7,0,0000
T,2014,08,23,21,28,40
B,270428,39197,127,3448,163602,7911,124,3447,976.0,300.3
G,3245831,277089,116,3448,1918755,47650,110,3447,976.0,300.3
R,1310930,116026,5021,3448,778128,36980,4853,3447,976.0,300.3
D,NBXX,9999,8.841e-5,6.799e-5,4.532e-5,8.359e-6,7.299e-6,6.581e-6
Y,195571,976.0,300.3,296.1,81.7,13.0,5.7,0,0000
T,2014,08,23,21,33,40
B,269201,38954,94,3447,162625,7903,105,3447,976.0,300.3
G,3246944,275964,99,3447,1909273,47552,97,3447,976.0,300.3
R,1309511,116859,4708,3447,775669,36842,4998,3447,976.0,300.3
D,NBXX,9999,8.839e-5,6.763e-5,4.601e-5,8.614e-6,7.271e-6,6.627e-6
Y,195695,976.0,300.3,296.2,81.7,13.1,5.7,0,0000
T,2014,08,23,21,38,40
B,270419,39455,122,3447,163495,7773,155,3448,976.1,300.3
G,3245167,277168,101,3447,1906395,48020,90,3448,976.1,300.3
R,1307736,116851,4868,3447,771657,37085,4887,3448,976.1,300.3
D,NBXX,9999,8.911e-5,6.801e-5,4.606e-5,7.840e-6,7.405e-6,6.755e-6
Y,195587,976.1,300.3,296.1,81.8,13.1,5.7,0,0000
T,2014,08,23,21,43,40
B,268285,39261,157,3447,163068,7931,141,3447,976.1,300.3
G,3245256,278046,91,3447,1906371,48017,83,3447,976.1,300.3
R,1310122,116860,4947,3447,770890,36947,4865,3447,976.1,300.3
D,NBXX,9999,8.938e-5,6.828e-5,4.591e-5,8.431e-6,7.414e-6,6.609e-6
Y,195593,976.1,300.3,296.1,81.7,13.1,5.7,0,0000
T,2014,08,23,21,48,40
B,270011,39491,130,3448,163063,8026,161,3447,976.0,300.3
G,3243087,276553,85,3448,1914567,47469,120,3447,976.0,300.3
R,1308949,116581,5030,3448,772591,36719,4950,3447,976.0,300.3
D,NBXX,9999,8.934e-5,6.790e-5,4.568e-5,8.601e-6,7.264e-6,6.372e-6
Y,195405,976.0,300.3,296.1,81.8,13.1,5.7,0,0000
T,2014,08,23,21,53,40
B,268145,38736,118,3447,162793,7965,111,3447,976.1,300.3
G,3245529,275721,138,3447,1909381,47466,110,3447,976.1,300.3
R,1309591,115722,4896,3447,773687,36964,4958,3447,976.1,300.3
D,NBXX,9999,8.809e-5,6.754e-5,4.522e-5,8.789e-6,7.219e-6,6.596e-6
Y,195609,976.1,300.3,296.1,81.8,13.1,5.7,0,0000
T,2014,08,23,21,58,40
B,268817,39337,119,3447,162406,7906,112,3448,976.2,300.3
G,3247701,278892,114,3447,1908908,47482,88,3448,976.2,300.3
R,1309712,116885,5043,3447,772330,36743,4799,3448,976.2,300.3
D,NBXX,9999,8.958e-5,6.847e-5,4.593e-5,8.524e-6,7.226e-6,6.464e-6
Y,195741,976.2,300.3,296.1,82.0,13.1,5.7,0,0000
T,2014,08,23,22,03,40
B,269622,39312,139,3447,162920,7705,105,3447,976.2,300.3
G,3247906,276832,71,3447,1906350,47452,92,3447,976.2,300.3
R,1308824,115697,4862,3447,772644,36560,4901,3447,976.2,300.3
D,NBXX,9999,8.911e-5,6.785e-5,4.530e-5,7.809e-6,7.234e-6,6.424e-6
Y,195753,976.2,300.3,296.1,82.2,13.1,5.7,0,0000
T,2014,08,23,22,08,40
B,269931,39114,119,3448,163307,7695,124,3447,976.2,300.3
G,3243670,275329,84,3448,1905428,47061,114,3447,976.2,300.3
R,1307429,115891,4848,3448,773464,36591,4926,3447,976.2,300.3
D,NBXX,9999,8.838e-5,6.749e-5,4.548e-5,7.764e-6,7.126e-6,6.457e-6
Y,195440,976.2,300.3,296.1,82.3,13.1,5.7,0,0000
T,2014,08,23,22,13,40
B,268970,38402,126,3447,163032,7693,111,3447,976.2,300.3
G,3245165,271524,100,3447,1909335,46400,100,3447,976.2,300.3
R,1309199,114212,4982,3447,771699,36066,4751,3447,976.2,300.3
D,NBXX,9999,8.666e-5,6.629e-5,4.441e-5,7.852e-6,6.913e-6,6.142e-6
Y,195587,976.2,300.3,296.1,82.2,13.1,5.7,0,0000
T,2014,08,23,22,18,40
B,267647,38204,86,3425,160939,7646,106,3426,976.2,300.3
G,3226961,273542,120,3425,1888718,46885,75,3426,976.2,300.3
R,1301288,115373,4924,3425,764816,36079,4903,3426,976.2,300.3
D,NBXX,9999,8.678e-5,6.738e-5,4.543e-5,7.972e-6,7.139e-6,6.169e-6
Y,195740,976.2,300.3,296.1,82.0,13.1,5.7,0,0008
T,2014,08,23,22,23,40
B,271070,38477,126,3447,163141,7843,98,3447,976.2,300.3
G,3242650,274945,119,3447,1910297,47190,121,3447,976.2,300.3
R,1309029,115267,4850,3447,772920,36180,4692,3447,976.2,300.3
D,NBXX,9999,8.604e-5,6.739e-5,4.519e-5,8.173e-6,7.151e-6,6.347e-6
Y,195435,976.2,300.3,296.1,82.2,13.1,5.7,0,0000
T,2014,08,23,22,28,40
B,263730,38274,114,3375,159342,7338,125,3372,976.3,300.3
G,3174212,272923,99,3375,1859963,45949,90,3372,976.3,300.3
R,1280775,113830,4822,3375,752958,36032,4745,3372,976.3,300.3
D,NBXX,9999,8.855e-5,6.858e-5,4.567e-5,7.215e-6,7.104e-6,6.590e-6
Y,195391,976.3,300.3,296.1,82.0,13.1,5.7,0,0008
T,2014,08,23,22,33,40
B,269403,39017,147,3447,163736,7913,130,3447,976.3,300.3
G,3249213,276100,113,3447,1916008,47303,95,3447,976.3,300.3
R,1311020,115540,4798,3447,773912,35907,5027,3447,976.3,300.3
D,NBXX,9999,8.820e-5,6.758e-5,4.506e-5,8.341e-6,7.167e-6,5.960e-6
Y,195832,976.3,300.3,296.1,82.0,13.1,5.7,0,0000
T,2014,08,23,22,38,40
B,268608,37476,129,3425,162396,7466,151,3426,976.3,300.2
G,3227526,267970,100,3425,1902174,45950,87,3426,976.3,300.2
R,1304638,112285,4907,3425,769633,35945,4748,3426,976.3,300.2
D,NBXX,9999,8.384e-5,6.566e-5,4.351e-5,7.023e-6,6.853e-6,6.170e-6
Y,195774,976.3,300.2,296.1,81.8,13.1,5.7,0,0008
T,2014,08,23,22,43,40
B,267905,37628,117,3424,161259,7751,99,3423,976.3,300.2
G,3220949,264830,88,3424,1892820,46166,81,3423,976.3,300.2
R,1301375,111301,4745,3424,766290,36146,4816,3423,976.3,300.2
D,NBXX,9999,8.481e-5,6.487e-5,4.313e-5,8.184e-6,6.963e-6,6.408e-6
Y,195431,976.3,300.2,296.0,81.4,13.1,5.7,0,0008
T,2014,08,23,22,48,40
B,269328,38201,148,3448,162977,7713,114,3447,976.3,300.2
G,3245900,268115,130,3448,1908629,46566,99,3447,976.3,300.2
R,1310874,112036,4865,3448,773504,35969,4902,3447,976.3,300.2
D,NBXX,9999,8.579e-5,6.523e-5,4.299e-5,7.788e-6,6.955e-6,6.045e-6
Y,195575,976.3,300.2,296.0,81.2,13.1,5.7,0,0000
T,2014,08,23,22,53,40
B,268516,37457,136,3402,161800,7572,114,3402,976.3,300.2
G,3212831,264811,105,3402,1894709,46789,111,3402,976.3,300.2
R,1295540,110317,4820,3402,767282,35610,4689,3402,976.3,300.2
D,NBXX,9999,8.392e-5,6.506e-5,4.284e-5,7.463e-6,7.168e-6,6.180e-6
Y,196202,976.3,300.2,296.0,81.2,13.0,5.7,0,0008
T,2014,08,23,22,58,40
B,270569,38074,149,3447,163833,7726,121,3448,976.3,300.2
G,3253320,269865,105,3447,1917540,47287,118,3448,976.3,300.2
R,1311285,112268,4853,3447,775928,36102,4834,3448,976.3,300.2
D,NBXX,9999,8.485e-5,6.557e-5,4.317e-5,7.683e-6,7.135e-6,6.167e-6
Y,196081,976.3,300.2,296.0,81.4,13.1,5.7,0,0000
T,2014,08,23,23,03,40
B,270087,38471,132,3447,163128,7713,103,3447,976.3,300.2
G,3250880,269680,99,3447,1913667,47020,106,3447,976.3,300.2
R,1313682,112531,4934,3447,775132,35896,4795,3447,976.3,300.2
D,NBXX,9999,8.637e-5,6.559e-5,4.318e-5,7.812e-6,7.075e-6,5.991e-6
Y,195933,976.3,300.2,296.0,81.4,13.1,5.7,0,0000
T,2014,08,23,23,08,40
B,270639,37845,140,3447,163526,7566,133,3447,976.3,300.2
G,3249776,271124,99,3447,1910988,46559,93,3447,976.3,300.2
R,1314024,112840,4791,3447,773480,36172,4840,3447,976.3,300.2
D,NBXX,9999,8.413e-5,6.606e-5,4.342e-5,7.192e-6,6.945e-6,6.222e-6
Y,195866,976.3,300.2,296.0,81.4,13.1,5.7,0,0000
T,2014,08,23,23,13,40
B,268716,37719,118,3425,163742,7676,113,3424,976.3,300.2
G,3239210,265281,103,3425,1911375,46166,86,3424,976.3,300.2
R,1305405,110435,4665,3425,772765,35875,4766,3424,976.3,300.2
D,NBXX,9999,8.469e-5,6.455e-5,4.250e-5,7.835e-6,6.876e-6,6.288e-6
Y,196486,976.3,300.2,296.0,81.5,13.1,5.7,0,0008
T,2014,08,23,23,18,40
B,269539,38096,137,3447,163318,7539,123,3447,976.2,300.2
G,3255252,267311,101,3447,1910852,46718,91,3447,976.2,300.2
R,1313992,110497,4788,3447,774429,35750,4732,3447,976.2,300.2
D,NBXX,9999,8.542e-5,6.476e-5,4.209e-5,7.259e-6,6.969e-6,6.046e-6
Y,196198,976.2,300.2,296.0,81.8,13.1,5.7,0,0000
T,2014,08,23,23,23,40
B,267613,37503,118,3402,160776,7383,90,3404,976.2,300.2
G,3213991,261771,106,3402,1886677,45926,80,3404,976.2,300.2
R,1295918,108951,4701,3402,764017,35399,4688,3404,976.2,300.2
D,NBXX,9999,8.461e-5,6.410e-5,4.207e-5,7.112e-6,6.901e-6,6.121e-6
Y,196273,976.2,300.2,296.0,81.8,13.1,5.7,0,0008
T,2014,08,23,23,28,40
B,96673,13555,35,1289,59276,2686,45,1300,976.2,300.2
G,1165798,94602,32,1289,691412,16748,32,1300,976.2,300.2
R,469769,39161,1673,1289,278570,13117,1719,1300,976.2,300.2
D,NBXX,9999,8.463e-5,6.382e-5,4.156e-5,7.049e-6,6.871e-6,6.477e-6
Y,187866,976.2,300.2,296.0,82.0,13.1,5.7,0,0008
T,2014,08,23,23,33,40
B,185554,25954,89,2389,109757,5368,89,2397,976.2,300.2
G,2234769,180688,73,2389,1282527,31979,42,2397,976.2,300.2
R,903359,74713,3301,2389,519012,24677,3266,2397,976.2,300.2
D,NBXX,9999,8.423e-5,6.353e-5,4.098e-5,7.968e-6,6.890e-6,6.049e-6
Y,194335,976.2,300.2,296.0,82.2,13.1,5.7,0,0008
T,2014,08,23,23,38,40
B,248331,34309,113,3164,149437,6865,88,3166,976.1,300.2
G,2998049,242042,94,3164,1745675,41545,80,3166,976.1,300.2
R,1206139,99866,4476,3164,707230,32265,4325,3166,976.1,300.2
D,NBXX,9999,8.297e-5,6.340e-5,4.101e-5,7.126e-6,6.473e-6,5.625e-6
Y,196860,976.1,300.2,296.0,82.0,13.0,5.7,0,0008
T,2014,08,23,23,43,40
B,239849,32936,96,3055,143918,6798,82,3060,976.0,300.2
G,2881002,230108,97,3055,1690179,40431,66,3060,976.0,300.2
R,1162537,94871,4265,3055,683164,31302,4185,3060,976.0,300.2
D,NBXX,9999,8.235e-5,6.258e-5,4.010e-5,7.735e-6,6.649e-6,5.771e-6
Y,195921,976.0,300.2,296.0,82.0,13.1,5.7,0,0008
T,2014,08,23,23,48,40
B,264429,37390,109,3353,159206,7449,135,3353,976.0,300.2
G,3181389,257753,126,3353,1868435,44909,92,3353,976.0,300.2
R,1284156,105765,4725,3353,757553,34636,4577,3353,976.0,300.2
D,NBXX,9999,8.550e-5,6.369e-5,4.071e-5,7.461e-6,6.739e-6,5.860e-6
Y,197125,976.0,300.2,296.0,81.8,13.0,5.7,0,0008
T,2014,08,23,23,53,40
B,256642,35904,120,3282,155663,7045,99,3281,975.9,300.2
G,3100367,250120,92,3282,1825999,43150,77,3281,975.9,300.2
R,1251837,103471,4559,3282,738507,33574,4459,3281,975.9,300.2
D,NBXX,9999,8.435e-5,6.337e-5,4.098e-5,6.948e-6,6.563e-6,5.782e-6
Y,196257,975.9,300.2,295.9,81.5,13.1,5.7,0,0008
T,2014,08,23,23,58,40
B,252017,35098,132,3205,151527,7095,78,3208,975.8,300.1
G,3028253,245181,89,3205,1776195,42771,66,3208,975.8,300.1
R,1221593,101299,4419,3205,719771,32801,4479,3208,975.8,300.1
D,NBXX,9999,8.385e-5,6.366e-5,4.113e-5,7.510e-6,6.754e-6,5.711e-6
Y,196298,975.8,300.1,295.9,81.4,13.1,5.7,0,0008
