T,2014,08,27,00,03,42
B,266443,24779,97,3447,160559,6877,98,3448,979.9,298.2
G,3225412,159824,93,3447,1898135,40129,72,3448,979.9,298.2
R,1285460,70081,3390,3447,755778,29079,3424,3448,979.9,298.2
D,NBXX,9999,4.601e-5,3.252e-5,2.040e-5,5.576e-6,5.037e-6,4.183e-6
Y,194392,979.9,298.2,293.8,58.6,13.0,5.7,0,0000
T,2014,08,27,00,08,42
B,266468,24743,93,3447,160256,6924,89,3447,979.9,298.2
G,3229570,157715,91,3447,1894669,40363,89,3447,979.9,298.2
R,1282722,68772,3326,3447,756461,29051,3424,3447,979.9,298.2
D,NBXX,9999,4.594e-5,3.180e-5,1.972e-5,5.770e-6,5.091e-6,4.244e-6
Y,194644,979.9,298.2,293.8,58.6,13.0,5.7,0,0000
T,2014,08,27,00,13,42
B,265973,24266,120,3448,159560,6984,84,3447,979.9,298.2
G,3229018,156121,94,3448,1893476,39948,85,3447,979.9,298.2
R,1285972,68374,3449,3448,754492,28917,3473,3447,979.9,298.2
D,NBXX,9999,4.454e-5,3.132e-5,1.925e-5,5.920e-6,4.970e-6,4.010e-6
Y,194554,979.9,298.2,293.8,58.6,13.0,5.7,0,0000
T,2014,08,27,00,18,42
B,264149,24159,117,3425,159218,6972,76,3425,979.9,298.2
G,3211524,151493,87,3425,1881197,39161,64,3425,979.9,298.2
R,1276788,66999,3358,3425,750535,28261,3367,3425,979.9,298.2
D,NBXX,9999,4.476e-5,3.017e-5,1.881e-5,6.059e-6,4.800e-6,3.833e-6
Y,194800,979.9,298.2,293.8,58.8,13.0,5.7,0,0008
T,2014,08,27,00,23,42
B,264669,23941,105,3422,159889,6849,70,3421,979.9,298.2
G,3203583,152205,60,3422,1889792,39680,60,3421,979.9,298.2
R,1276591,66258,3373,3422,754095,28145,3468,3421,979.9,298.2
D,NBXX,9999,4.401e-5,3.052e-5,1.827e-5,5.710e-6,5.005e-6,3.684e-6
Y,194487,979.9,298.2,293.8,59.0,13.0,5.7,0,0008
T,2014,08,27,00,28,42
B,264532,24118,110,3425,160848,6831,75,3426,979.9,298.2
G,3214868,153005,60,3425,1903853,39907,71,3426,979.9,298.2
R,1280183,66676,3327,3425,757514,28349,3461,3426,979.9,298.2
D,NBXX,9999,4.455e-5,3.059e-5,1.847e-5,5.617e-6,5.020e-6,3.804e-6
Y,195004,979.9,298.2,293.8,59.0,13.0,5.7,0,0008
T,2014,08,27,00,33,42
B,262840,24781,100,3399,158936,6988,84,3399,979.9,298.2
G,3186379,155821,67,3399,1881387,40853,60,3399,979.9,298.2
R,1268830,66913,3326,3399,747918,28618,3322,3399,979.9,298.2
D,NBXX,9999,4.708e-5,3.189e-5,1.904e-5,6.244e-6,5.428e-6,4.191e-6
Y,194753,979.9,298.2,293.8,59.0,13.0,5.7,0,0008
T,2014,08,27,00,38,42
B,265870,26849,97,3448,161647,7718,82,3447,979.9,298.2
G,3229986,169601,75,3448,1903523,43998,68,3447,979.9,298.2
R,1284672,72018,3436,3448,760266,29676,3371,3447,979.9,298.2
D,NBXX,9999,5.256e-5,3.544e-5,2.162e-5,8.264e-6,6.217e-6,4.573e-6
Y,194612,979.9,298.2,293.8,59.1,13.1,5.7,0,0000
T,2014,08,27,00,43,42
B,265627,27872,70,3447,160003,7793,69,3447,979.9,298.2
G,3228473,176619,87,3447,1905329,46042,65,3447,979.9,298.2
R,1282031,73125,3336,3447,759222,30063,3420,3447,979.9,298.2
D,NBXX,9999,5.591e-5,3.761e-5,2.242e-5,8.650e-6,6.841e-6,4.872e-6
Y,194577,979.9,298.2,293.8,59.3,13.0,5.7,0,0000
T,2014,08,27,00,48,42
B,265107,28900,91,3447,159889,8025,85,3448,979.8,298.2
G,3227047,182970,68,3447,1892638,47456,78,3448,979.8,298.2
R,1284156,75017,3457,3447,754334,30381,3393,3448,979.8,298.2
D,NBXX,9999,5.911e-5,3.958e-5,2.345e-5,9.270e-6,7.278e-6,4.974e-6
Y,194491,979.8,298.2,293.8,59.4,13.1,5.7,0,0000
T,2014,08,27,00,53,42
B,265547,29714,103,3447,160709,7960,70,3447,979.8,298.2
G,3231054,185989,78,3447,1898242,47558,71,3447,979.8,298.2
R,1283726,75561,3592,3447,758996,30746,3249,3447,979.8,298.2
D,NBXX,9999,6.147e-5,4.043e-5,2.381e-5,9.049e-6,7.294e-6,5.214e-6
Y,194733,979.8,298.2,293.8,59.6,13.0,5.7,0,0000
T,2014,08,27,00,58,42
B,265466,29721,89,3448,161519,7977,74,3447,979.8,298.2
G,3233813,186785,89,3448,1897738,47315,45,3447,979.8,298.2
R,1284224,75844,3378,3448,756838,30624,3386,3447,979.8,298.2
D,NBXX,9999,6.155e-5,4.063e-5,2.402e-5,9.150e-6,7.217e-6,5.194e-6
Y,194844,979.8,298.2,293.8,59.6,13.0,5.7,0,0000
T,2014,08,27,01,03,42
B,265909,29138,89,3447,161226,7888,67,3447,979.8,298.2
G,3231116,182444,80,3447,1899035,46454,90,3447,979.8,298.2
R,1283121,74760,3354,3447,757994,30373,3386,3447,979.8,298.2
D,NBXX,9999,5.964e-5,3.934e-5,2.341e-5,8.856e-6,6.949e-6,5.063e-6
Y,194737,979.8,298.2,293.8,59.8,13.0,5.7,0,0000
T,2014,08,27,01,08,42
B,265991,27753,87,3447,160617,7592,93,3448,979.8,298.2
G,3226634,175868,84,3447,1901202,44973,64,3448,979.8,298.2
R,1282636,72874,3360,3447,758259,30073,3286,3448,979.8,298.2
D,NBXX,9999,5.529e-5,3.741e-5,2.233e-5,7.851e-6,6.519e-6,4.946e-6
Y,194466,979.8,298.2,293.8,59.9,13.0,5.7,0,0000
T,2014,08,27,01,13,42
B,264759,25838,96,3447,160051,7163,70,3447,979.8,298.2
G,3231406,163724,77,3447,1900353,41607,66,3447,979.8,298.2
R,1280648,69822,3385,3447,757359,29177,3379,3447,979.8,298.2
D,NBXX,9999,4.984e-5,3.362e-5,2.042e-5,6.694e-6,5.477e-6,4.333e-6
Y,194755,979.8,298.2,293.8,59.9,13.0,5.7,0,0000
T,2014,08,27,01,18,42
B,265570,25004,91,3448,161510,7009,88,3447,979.8,298.2
G,3226014,158169,76,3448,1902708,40611,66,3447,979.8,298.2
R,1281680,68921,3278,3448,758440,28841,3363,3447,979.8,298.2
D,NBXX,9999,4.700e-5,3.201e-5,1.992e-5,6.117e-6,5.197e-6,4.208e-6
Y,194372,979.8,298.2,293.8,60.3,13.0,5.7,0,0000
T,2014,08,27,01,23,42
B,267727,24619,89,3447,160669,6862,86,3447,979.7,298.1
G,3225385,157137,57,3447,1899754,40149,68,3447,979.7,298.1
R,1282679,68065,3303,3447,759406,28545,3442,3447,979.7,298.1
D,NBXX,9999,4.526e-5,3.171e-5,1.928e-5,5.524e-6,5.061e-6,3.936e-6
Y,194390,979.7,298.1,293.8,60.3,13.1,5.7,0,0000
T,2014,08,27,01,28,42
B,265759,25628,77,3447,161272,7034,98,3448,979.7,298.1
G,3227133,162377,70,3447,1900452,41241,67,3448,979.7,298.1
R,1284003,69169,3288,3447,759181,29085,3305,3448,979.7,298.1
D,NBXX,9999,4.890e-5,3.328e-5,2.004e-5,6.194e-6,5.380e-6,4.360e-6
Y,194496,979.7,298.1,293.8,60.6,13.0,5.7,0,0000
T,2014,08,27,01,33,42
B,266466,27731,94,3447,160125,7574,76,3447,979.7,298.1
G,3227750,175379,83,3447,1897811,44228,58,3447,979.7,298.1
R,1282707,72899,3343,3447,755015,29960,3346,3447,979.7,298.1
D,NBXX,9999,5.514e-5,3.725e-5,2.231e-5,7.812e-6,6.293e-6,4.849e-6
Y,194534,979.7,298.1,293.8,60.7,13.0,5.7,0,0000
T,2014,08,27,01,38,42
B,265716,29175,108,3448,160726,7773,73,3447,979.7,298.1
G,3228051,184488,83,3448,1898487,45802,74,3447,979.7,298.1
R,1282845,75109,3408,3448,756155,30476,3274,3447,979.7,298.1
D,NBXX,9999,5.976e-5,4.002e-5,2.367e-5,8.453e-6,6.772e-6,5.176e-6
Y,194495,979.7,298.1,293.8,60.9,13.0,5.7,0,0000
T,2014,08,27,01,43,42
B,265963,29486,94,3447,160562,7994,92,3447,979.7,298.1
G,3225631,188767,53,3447,1899034,46840,83,3447,979.7,298.1
R,1281819,76408,3438,3447,756550,30786,3340,3447,979.7,298.1
D,NBXX,9999,6.061e-5,4.138e-5,2.444e-5,9.083e-6,7.103e-6,5.305e-6
Y,194405,979.7,298.1,293.7,61.1,13.0,5.7,0,0000
T,2014,08,27,01,48,42
B,266533,30107,95,3447,159676,8058,77,3448,979.6,298.0
G,3231655,191995,76,3447,1899598,48224,83,3448,979.6,298.0
R,1282512,76945,3447,3447,756374,30478,3243,3448,979.6,298.0
D,NBXX,9999,6.236e-5,4.225e-5,2.481e-5,9.270e-6,7.487e-6,5.166e-6
Y,194770,979.6,298.0,293.7,61.1,13.0,5.7,0,0000
T,2014,08,27,01,53,42
B,265466,29053,80,3447,159447,7869,51,3447,979.6,298.0
G,3229668,184383,68,3447,1897031,46491,69,3447,979.6,298.0
R,1281071,75791,3250,3447,757175,29955,3192,3447,979.6,298.0
D,NBXX,9999,5.964e-5,3.997e-5,2.432e-5,8.940e-6,6.978e-6,5.041e-6
Y,194650,979.6,298.0,293.7,61.2,13.0,5.7,0,0000
T,2014,08,27,01,58,42
B,266210,27027,75,3448,160150,7320,94,3447,979.6,298.0
G,3227260,171949,70,3448,1894589,42951,77,3447,979.6,298.0
R,1283666,71990,3218,3448,752367,29418,3240,3447,979.6,298.0
D,NBXX,9999,5.307e-5,3.620e-5,2.188e-5,7.067e-6,5.906e-6,4.675e-6
Y,194447,979.6,298.0,293.7,61.2,13.0,5.7,0,0000
T,2014,08,27,02,03,42
B,265489,26358,117,3447,161150,7006,70,3447,979.7,298.0
G,3228007,167898,86,3447,1907315,41658,78,3447,979.7,298.0
R,1280286,70525,3270,3447,758625,29026,3223,3447,979.7,298.0
D,NBXX,9999,5.118e-5,3.495e-5,2.105e-5,6.093e-6,5.498e-6,4.438e-6
Y,194549,979.7,298.0,293.7,61.4,13.0,5.7,0,0000
T,2014,08,27,02,08,42
B,266020,26724,86,3447,161313,7111,79,3448,979.7,298.0
G,3234886,175221,62,3447,1909647,41620,80,3448,979.7,298.0
R,1282318,74774,3209,3447,759168,29505,3073,3448,979.7,298.0
D,NBXX,9999,5.221e-5,3.708e-5,2.377e-5,6.445e-6,5.464e-6,4.860e-6
Y,194965,979.7,298.0,293.7,61.6,13.0,5.7,0,0000
T,2014,08,27,02,13,42
B,266230,27114,94,3447,160504,7081,71,3447,979.7,298.0
G,3228405,180436,59,3447,1898366,42454,55,3447,979.7,298.0
R,1283001,77516,3049,3447,757988,29533,3234,3447,979.7,298.0
D,NBXX,9999,5.334e-5,3.879e-5,2.544e-5,6.342e-6,5.758e-6,4.874e-6
Y,194573,979.7,298.0,293.8,61.7,13.0,5.7,0,0000
T,2014,08,27,02,18,42
B,266498,26338,87,3448,161313,7009,83,3447,979.7,298.0
G,3231687,172650,78,3448,1900369,41439,57,3447,979.7,298.0
R,1284764,73123,3189,3448,755713,28991,3024,3447,979.7,298.0
D,NBXX,9999,5.087e-5,3.635e-5,2.272e-5,6.090e-6,5.431e-6,4.575e-6
Y,194715,979.7,298.0,293.8,61.9,13.0,5.7,0,0000
T,2014,08,27,02,23,42
B,265342,25450,74,3447,161770,6826,87,3447,979.6,298.0
G,3234502,163728,70,3447,1906238,40638,80,3447,979.6,298.0
R,1283848,70004,3220,3447,756958,28484,3084,3447,979.6,298.0
D,NBXX,9999,4.853e-5,3.358e-5,2.076e-5,5.645e-6,5.166e-6,4.202e-6
Y,194942,979.6,298.0,293.8,62.2,13.0,5.7,0,0000
T,2014,08,27,02,28,42
B,265681,25175,81,3447,161813,6822,74,3448,979.6,298.0
G,3229917,160090,73,3447,1904500,39654,52,3448,979.6,298.0
R,1283351,67649,3179,3447,758292,28187,3157,3448,979.6,298.0
D,NBXX,9999,4.761e-5,3.254e-5,1.930e-5,5.622e-6,4.889e-6,3.997e-6
Y,194665,979.6,298.0,293.8,62.4,13.0,5.7,0,0000
T,2014,08,27,02,33,42
B,266316,24826,73,3447,159520,6572,76,3447,979.6,298.0
G,3231889,157895,88,3447,1892299,39225,57,3447,979.6,298.0
R,1282001,66996,2967,3447,753969,27951,3119,3447,979.6,298.0
D,NBXX,9999,4.638e-5,3.184e-5,1.911e-5,4.837e-6,4.747e-6,4.048e-6
Y,194784,979.6,298.0,293.8,62.4,13.0,5.7,0,0000
T,2014,08,27,02,38,42
B,266163,25108,59,3447,159844,6685,103,3447,979.5,298.0
G,3229283,158639,65,3447,1895684,39875,71,3447,979.5,298.0
R,1284350,67273,3262,3447,752739,28530,3105,3447,979.5,298.0
D,NBXX,9999,4.724e-5,3.211e-5,1.902e-5,5.147e-6,4.958e-6,4.181e-6
Y,194626,979.5,298.0,293.8,62.5,13.0,5.7,0,0000
T,2014,08,27,02,43,42
B,265450,24964,81,3448,159925,6762,61,3447,979.5,298.0
G,3231639,159662,60,3448,1897244,39212,64,3447,979.5,298.0
R,1283071,67910,3072,3448,755541,27928,3149,3447,979.5,298.0
D,NBXX,9999,4.707e-5,3.239e-5,1.955e-5,5.514e-6,4.754e-6,3.931e-6
Y,194712,979.5,298.0,293.8,62.5,13.0,5.7,0,0000
T,2014,08,27,02,48,42
B,265422,25199,69,3447,161016,6757,61,3447,979.5,298.0
G,3230313,160395,60,3447,1903748,40204,45,3447,979.5,298.0
R,1281062,67364,3157,3447,756166,28384,3112,3447,979.5,298.0
D,NBXX,9999,4.784e-5,3.264e-5,1.924e-5,5.537e-6,5.066e-6,4.194e-6
Y,194689,979.5,298.0,293.8,62.5,13.0,5.7,0,0000
T,2014,08,27,02,53,42
B,265583,25322,73,3447,160550,6817,65,3448,979.5,298.0
G,3230778,160934,71,3447,1896837,40066,53,3448,979.5,298.0
R,1280960,68254,3126,3447,755544,28093,3151,3448,979.5,298.0
D,NBXX,9999,4.814e-5,3.279e-5,1.978e-5,5.674e-6,5.012e-6,4.005e-6
Y,194717,979.5,298.0,293.7,62.4,13.0,5.7,0,0000
T,2014,08,27,02,58,42
B,265498,25691,69,3447,161112,6716,57,3447,979.5,298.0
G,3232160,162651,52,3447,1900580,40606,56,3447,979.5,298.0
R,1279965,68240,3114,3447,754308,28333,3011,3447,979.5,298.0
D,NBXX,9999,4.934e-5,3.330e-5,1.991e-5,5.420e-6,5.180e-6,4.277e-6
Y,194800,979.5,298.0,293.7,62.5,13.0,5.7,0,0000
T,2014,08,27,03,03,42
B,266352,25577,69,3448,159668,6817,71,3447,979.4,298.0
G,3229577,162305,84,3448,1892358,39908,71,3447,979.4,298.0
R,1281877,68560,3021,3448,752760,28081,3116,3447,979.4,298.0
D,NBXX,9999,4.869e-5,3.322e-5,2.004e-5,5.620e-6,4.964e-6,4.098e-6
Y,194587,979.4,298.0,293.7,62.7,13.0,5.7,0,0000
T,2014,08,27,03,08,42
B,266226,25893,58,3447,161216,6791,69,3447,979.4,298.0
G,3232966,162843,62,3447,1911379,40072,82,3447,979.4,298.0
R,1280399,68484,3238,3447,759745,28183,3152,3447,979.4,298.0
D,NBXX,9999,4.974e-5,3.333e-5,1.986e-5,5.591e-6,5.001e-6,3.990e-6
Y,194849,979.4,298.0,293.7,62.7,13.0,5.7,0,0000
T,2014,08,27,03,13,42
B,266286,25466,67,3447,159773,6765,95,3448,979.4,298.0
G,3234386,162201,68,3447,1900130,40154,75,3448,979.4,298.0
R,1283759,67997,3148,3447,754935,28164,3152,3448,979.4,298.0
D,NBXX,9999,4.830e-5,3.311e-5,1.953e-5,5.377e-6,5.018e-6,4.005e-6
Y,194935,979.4,298.0,293.7,62.9,13.0,5.7,0,0000
T,2014,08,27,03,18,42
B,252808,24493,72,3278,152881,6494,55,3276,979.4,298.0
G,3071712,154069,72,3278,1801963,38084,64,3276,979.4,298.0
R,1219843,64230,2958,3278,716925,26471,2941,3276,979.4,298.0
D,NBXX,9999,4.941e-5,3.312e-5,1.934e-5,5.725e-6,5.013e-6,3.895e-6
Y,194674,979.4,298.0,293.7,63.0,13.0,5.7,0,0008
T,2014,08,27,03,23,42
B,254758,24427,74,3293,152182,6627,56,3291,979.5,298.0
G,3089990,155775,70,3293,1808473,38372,46,3291,979.5,298.0
R,1223881,65456,2952,3293,719417,27010,2948,3291,979.5,298.0
D,NBXX,9999,4.859e-5,3.338e-5,2.001e-5,5.983e-6,5.040e-6,4.201e-6
Y,194942,979.5,298.0,293.7,63.5,13.0,5.7,0,0008
T,2014,08,27,03,28,42
B,256226,24028,84,3301,154016,6415,83,3300,979.5,298.0
G,3101959,153894,68,3301,1826332,38134,69,3300,979.5,298.0
R,1230080,64921,2991,3301,726206,26992,2954,3300,979.5,298.0
D,NBXX,9999,4.674e-5,3.258e-5,1.944e-5,5.048e-6,4.906e-6,4.086e-6
Y,195224,979.5,298.0,293.7,63.2,13.0,5.7,0,0008
T,2014,08,27,03,33,42
B,259278,25308,92,3354,157098,6574,67,3355,979.5,298.0
G,3152748,159554,71,3354,1860080,39176,54,3355,979.5,298.0
R,1249579,67043,3050,3354,739224,27548,2991,3355,979.5,298.0
D,NBXX,9999,4.990e-5,3.357e-5,2.014e-5,5.331e-6,5.034e-6,4.156e-6
Y,195285,979.5,298.0,293.7,63.0,13.0,5.7,0,0008
T,2014,08,27,03,38,42
B,257159,25366,71,3320,154664,6601,60,3320,979.6,298.0
G,3115255,161276,68,3320,1828610,39174,39,3320,979.6,298.0
R,1235667,67557,2964,3320,729697,27406,2930,3320,979.6,298.0
D,NBXX,9999,5.083e-5,3.472e-5,2.100e-5,5.691e-6,5.191e-6,4.326e-6
Y,194937,979.6,298.0,293.7,63.0,13.0,5.7,0,0008
T,2014,08,27,03,43,42
B,264227,26439,75,3425,160034,6867,67,3423,979.6,298.0
G,3217784,170688,54,3425,1882911,40968,39,3423,979.6,298.0
R,1277621,70585,3167,3425,750853,28204,3104,3423,979.6,298.0
D,NBXX,9999,5.197e-5,3.599e-5,2.133e-5,5.937e-6,5.359e-6,4.125e-6
Y,195181,979.6,298.0,293.7,63.2,13.0,5.7,0,0008
T,2014,08,27,03,48,42
B,265101,26743,88,3447,161253,7012,68,3447,979.6,298.0
G,3233231,172897,72,3447,1901394,41701,41,3447,979.6,298.0
R,1281850,71238,3060,3447,755882,28633,3012,3447,979.6,298.0
D,NBXX,9999,5.258e-5,3.641e-5,2.175e-5,6.252e-6,5.509e-6,4.481e-6
Y,194865,979.6,298.0,293.7,63.2,13.0,5.7,0,0000
T,2014,08,27,03,53,42
B,265736,26750,83,3447,161898,7137,87,3448,979.6,298.0
G,3234800,173990,84,3447,1909481,41603,67,3448,979.6,298.0
R,1282483,71560,3159,3447,756426,29030,3046,3448,979.6,298.0
D,NBXX,9999,5.236e-5,3.670e-5,2.183e-5,6.529e-6,5.456e-6,4.620e-6
Y,194960,979.6,298.0,293.7,63.2,13.0,5.7,0,0000
T,2014,08,27,03,58,42
B,264855,27075,88,3447,161611,6851,92,3447,979.6,298.0
G,3229906,174072,61,3447,1903381,41325,70,3447,979.6,298.0
R,1281761,73216,3170,3447,758346,29015,2993,3447,979.6,298.0
D,NBXX,9999,5.360e-5,3.681e-5,2.291e-5,5.692e-6,5.401e-6,4.653e-6
Y,194664,979.6,298.0,293.8,63.0,13.0,5.7,0,0000
T,2014,08,27,04,03,42
B,267026,27271,97,3448,160571,6998,77,3447,979.6,298.0
G,3234734,175239,70,3448,1901695,42112,51,3447,979.6,298.0
R,1282426,72372,3056,3448,755944,28945,3278,3447,979.6,298.0
D,NBXX,9999,5.354e-5,3.709e-5,2.224e-5,6.001e-6,5.629e-6,4.485e-6
Y,194899,979.6,298.0,293.8,63.0,13.0,5.7,0,0000
T,2014,08,27,04,08,42
B,265288,27289,65,3447,161008,7166,91,3447,979.6,298.1
G,3233280,175362,85,3447,1901408,41507,62,3447,979.6,298.1
R,1281687,72439,3034,3447,758430,29175,3031,3447,979.6,298.1
D,NBXX,9999,5.420e-5,3.715e-5,2.250e-5,6.710e-6,5.437e-6,4.823e-6
Y,194868,979.6,298.1,293.8,63.0,13.0,5.7,0,0000
T,2014,08,27,04,13,42
B,266728,27631,78,3447,160366,7157,65,3448,979.6,298.1
G,3230322,176538,85,3447,1903396,42038,65,3448,979.6,298.1
R,1280927,72486,3079,3447,756937,29365,3011,3448,979.6,298.1
D,NBXX,9999,5.484e-5,3.755e-5,2.253e-5,6.606e-6,5.606e-6,4.926e-6
Y,194689,979.6,298.1,293.8,62.9,13.0,5.7,0,0000
T,2014,08,27,04,18,42
B,266707,27241,78,3447,162367,7121,91,3447,979.6,298.1
G,3230900,175266,76,3447,1907148,42007,61,3447,979.6,298.1
R,1283439,72085,3038,3447,757960,29036,3180,3447,979.6,298.1
D,NBXX,9999,5.357e-5,3.716e-5,2.212e-5,6.413e-6,5.603e-6,4.609e-6
Y,194724,979.6,298.1,293.8,62.9,13.0,5.7,0,0000
T,2014,08,27,04,23,42
B,265465,27262,116,3448,160595,7006,95,3447,979.6,298.1
G,3230437,175719,66,3448,1902041,41561,69,3447,979.6,298.1
R,1283135,72289,3046,3448,756352,29044,3068,3447,979.6,298.1
D,NBXX,9999,5.387e-5,3.731e-5,2.232e-5,6.016e-6,5.473e-6,4.696e-6
Y,194639,979.6,298.1,293.8,62.9,13.0,5.7,0,0000
T,2014,08,27,04,28,42
B,266452,27434,67,3447,161223,7062,88,3447,979.6,298.1
G,3228992,175603,87,3447,1902570,41561,62,3447,979.6,298.1
R,1282148,72367,3100,3447,756352,28925,3191,3447,979.6,298.1
D,NBXX,9999,5.428e-5,3.729e-5,2.228e-5,6.302e-6,5.470e-6,4.501e-6
Y,194609,979.6,298.1,293.9,62.9,13.0,5.7,0,0000
T,2014,08,27,04,33,42
B,267098,27634,73,3447,161384,7088,97,3448,979.6,298.1
G,3227412,174813,68,3447,1897385,41812,65,3448,979.6,298.1
R,1283264,72670,3248,3447,755552,28829,3134,3448,979.6,298.1
D,NBXX,9999,5.464e-5,3.708e-5,2.237e-5,6.271e-6,5.555e-6,4.361e-6
Y,194513,979.6,298.1,293.9,62.9,13.0,5.7,0,0000
T,2014,08,27,04,38,42
B,266282,27539,93,3447,161643,7088,67,3447,979.7,298.2
G,3228870,174075,85,3447,1903907,41652,51,3447,979.7,298.2
R,1283350,72053,3176,3447,757684,28835,3112,3447,979.7,298.2
D,NBXX,9999,5.464e-5,3.683e-5,2.205e-5,6.377e-6,5.503e-6,4.436e-6
Y,194601,979.7,298.2,293.9,62.9,13.0,5.7,0,0000
T,2014,08,27,04,43,42
B,266779,27882,88,3447,161336,6911,65,3447,979.6,298.2
G,3230806,177355,76,3447,1900001,41220,84,3447,979.6,298.2
R,1282916,72833,3236,3447,756602,29236,3218,3447,979.6,298.2
D,NBXX,9999,5.556e-5,3.779e-5,2.243e-5,5.823e-6,5.355e-6,4.569e-6
Y,194718,979.6,298.2,293.9,62.7,13.0,5.7,0,0000
T,2014,08,27,04,48,42
B,266179,28080,74,3448,162001,6992,78,3447,979.7,298.2
G,3230771,178105,57,3448,1904254,42179,67,3447,979.7,298.2
R,1279642,73358,3085,3448,757776,29045,3216,3447,979.7,298.2
D,NBXX,9999,5.636e-5,3.804e-5,2.296e-5,6.126e-6,5.664e-6,4.599e-6
Y,194660,979.7,298.2,293.9,62.5,13.0,5.7,0,0000
T,2014,08,27,04,53,42
B,266424,27994,100,3447,160449,7049,74,3447,979.7,298.2
G,3229427,180198,54,3447,1896295,41995,73,3447,979.7,298.2
R,1282025,73651,3203,3447,756201,29428,3228,3447,979.7,298.2
D,NBXX,9999,5.594e-5,3.870e-5,2.298e-5,6.197e-6,5.609e-6,4.713e-6
Y,194635,979.7,298.2,293.9,62.5,13.0,5.7,0,0000
T,2014,08,27,04,58,42
B,267009,28393,104,3447,160969,6871,82,3448,979.6,298.2
G,3229142,180690,80,3447,1901298,42273,71,3448,979.6,298.2
R,1283335,73307,3312,3447,757462,29261,3168,3448,979.6,298.2
D,NBXX,9999,5.693e-5,3.884e-5,2.269e-5,5.561e-6,5.683e-6,4.556e-6
Y,194618,979.6,298.2,293.9,62.4,13.0,5.7,0,0000
T,2014,08,27,05,03,42
B,266285,28478,78,3447,161212,7155,75,3447,979.7,298.2
G,3227479,182038,71,3447,1897955,42320,56,3447,979.7,298.2
R,1282526,73469,3265,3447,756315,29335,3267,3447,979.7,298.2
D,NBXX,9999,5.753e-5,3.929e-5,2.278e-5,6.607e-6,5.716e-6,4.578e-6
Y,194517,979.7,298.2,293.9,62.4,13.0,5.7,0,0000
T,2014,08,27,05,08,42
B,266295,28172,97,3448,161224,7034,93,3447,979.6,298.2
G,3229673,182052,102,3448,1903833,41724,64,3447,979.6,298.2
R,1283396,73488,3058,3448,758147,29301,3236,3447,979.6,298.2
D,NBXX,9999,5.647e-5,3.925e-5,2.293e-5,6.111e-6,5.515e-6,4.723e-6
Y,194593,979.6,298.2,293.9,62.4,13.1,5.7,0,0000
T,2014,08,27,05,13,42
B,267081,28083,87,3447,161250,7107,69,3447,979.6,298.2
G,3231033,181706,110,3447,1902559,41780,58,3447,979.6,298.2
R,1283121,73513,3247,3447,758275,29304,3254,3447,979.6,298.2
D,NBXX,9999,5.606e-5,3.912e-5,2.281e-5,6.386e-6,5.522e-6,4.575e-6
Y,194732,979.6,298.2,293.9,62.5,13.0,5.7,0,0000
T,2014,08,27,05,18,42
B,266229,28290,88,3447,160910,7047,84,3448,979.5,298.2
G,3230987,178959,86,3447,1900414,42166,69,3448,979.5,298.2
R,1283719,73155,3283,3447,758631,29144,3228,3448,979.5,298.2
D,NBXX,9999,5.691e-5,3.828e-5,2.256e-5,6.208e-6,5.641e-6,4.458e-6
Y,194729,979.5,298.2,293.9,62.5,13.0,5.7,0,0000
T,2014,08,27,05,23,42
B,265721,27732,86,3447,160962,7017,76,3447,979.5,298.2
G,3228981,176590,108,3447,1903885,41667,78,3447,979.5,298.2
R,1282389,72708,3158,3447,758128,29180,3235,3447,979.5,298.2
D,NBXX,9999,5.540e-5,3.758e-5,2.241e-5,6.197e-6,5.489e-6,4.583e-6
Y,194608,979.5,298.2,293.9,62.5,13.0,5.7,0,0000
T,2014,08,27,05,28,42
B,266729,27614,107,3448,161538,7169,76,3447,979.5,298.2
G,3231832,177114,67,3448,1904131,41581,58,3447,979.5,298.2
R,1284480,73153,3240,3448,758886,29196,3114,3447,979.5,298.2
D,NBXX,9999,5.465e-5,3.771e-5,2.265e-5,6.514e-6,5.477e-6,4.604e-6
Y,194724,979.5,298.2,293.9,62.5,13.0,5.7,0,0000
T,2014,08,27,05,33,42
B,267317,27696,86,3447,161455,6808,93,3447,979.5,298.2
G,3230428,177797,72,3447,1900084,41184,47,3447,979.5,298.2
R,1282669,73009,3246,3447,756001,29219,3044,3447,979.5,298.2
D,NBXX,9999,5.473e-5,3.795e-5,2.266e-5,5.376e-6,5.360e-6,4.678e-6
Y,194696,979.5,298.2,293.9,62.5,13.0,5.7,0,0000
T,2014,08,27,05,38,42
B,266543,27416,73,3447,161052,6988,79,3448,979.5,298.2
G,3226075,173991,117,3447,1898842,41417,86,3448,979.5,298.2
R,1282524,72092,3258,3447,755087,29281,3198,3448,979.5,298.2
D,NBXX,9999,5.421e-5,3.683e-5,2.198e-5,6.073e-6,5.414e-6,4.595e-6
Y,194432,979.5,298.2,293.9,62.5,13.0,5.7,0,0000
T,2014,08,27,05,43,42
B,267213,26955,96,3447,160659,6960,78,3447,979.5,298.2
G,3226060,171856,70,3447,1895896,41108,84,3447,979.5,298.2
R,1282667,71590,3196,3447,754594,28723,3264,3447,979.5,298.2
D,NBXX,9999,5.252e-5,3.619e-5,2.166e-5,5.865e-6,5.341e-6,4.250e-6
Y,194431,979.5,298.2,293.9,62.5,13.0,5.7,0,0000
T,2014,08,27,05,48,42
B,266476,27445,75,3448,160557,7129,99,3447,979.6,298.2
G,3226279,177882,78,3448,1890843,41736,55,3447,979.6,298.2
R,1282109,72771,3208,3448,755286,29324,3194,3447,979.6,298.2
D,NBXX,9999,5.424e-5,3.804e-5,2.245e-5,6.444e-6,5.544e-6,4.673e-6
Y,194388,979.6,298.2,293.9,62.4,13.0,5.7,0,0000
T,2014,08,27,05,53,42
B,265540,27946,93,3447,160435,7214,97,3447,979.7,298.2
G,3229390,179649,88,3447,1894838,42204,67,3447,979.7,298.2
R,1283335,74019,3208,3447,757764,29772,3282,3447,979.7,298.2
D,NBXX,9999,5.602e-5,3.852e-5,2.312e-5,6.716e-6,5.663e-6,4.869e-6
Y,194633,979.7,298.2,293.9,62.5,13.0,5.7,0,0000
T,2014,08,27,05,58,42
B,267175,27813,91,3447,160889,7071,83,3448,979.7,298.2
G,3229698,178059,76,3447,1892013,42311,61,3448,979.7,298.2
R,1286482,72959,3219,3447,756257,29328,3294,3448,979.7,298.2
D,NBXX,9999,5.515e-5,3.803e-5,2.235e-5,6.199e-6,5.697e-6,4.541e-6
Y,194651,979.7,298.2,293.9,62.4,13.0,5.7,0,0000
T,2014,08,27,06,03,42
B,266244,28847,99,3447,160840,7192,80,3447,979.7,298.2
G,3226772,183934,79,3447,1897573,44048,64,3447,979.7,298.2
R,1283002,74851,3279,3447,756610,29723,3225,3447,979.7,298.2
D,NBXX,9999,5.859e-5,3.988e-5,2.363e-5,6.631e-6,6.242e-6,4.832e-6
Y,194474,979.7,298.2,293.9,62.4,13.0,5.7,0,0000
T,2014,08,27,06,08,42
B,265230,28433,57,3448,161138,7272,104,3447,979.7,298.2
G,3227814,180827,86,3448,1902564,43260,75,3447,979.7,298.2
R,1283097,74042,3243,3448,760640,29734,3152,3447,979.7,298.2
D,NBXX,9999,5.771e-5,3.890e-5,2.321e-5,7.029e-6,5.994e-6,4.921e-6
Y,194481,979.7,298.2,293.9,62.4,13.0,5.7,0,0000
T,2014,08,27,06,13,42
B,266579,27299,93,3447,160967,7139,99,3447,979.7,298.2
G,3225303,175177,68,3447,1895555,41587,50,3447,979.7,298.2
R,1282646,71511,3314,3447,756989,29274,3155,3447,979.7,298.2
D,NBXX,9999,5.370e-5,3.723e-5,2.161e-5,6.396e-6,5.503e-6,4.584e-6
Y,194385,979.7,298.2,293.9,62.5,13.0,5.7,0,0000
T,2014,08,27,06,18,42
B,265880,27368,81,3447,160740,7171,83,3448,979.8,298.2
G,3227206,174806,88,3447,1894684,42239,71,3448,979.8,298.2
R,1284287,71987,3329,3447,750860,29126,3272,3448,979.8,298.2
D,NBXX,9999,5.420e-5,3.707e-5,2.176e-5,6.629e-6,5.677e-6,4.377e-6
Y,194501,979.8,298.2,293.9,62.5,13.0,5.7,0,0000
T,2014,08,27,06,23,42
B,265963,27385,93,3447,160206,7181,70,3447,979.8,298.2
G,3226898,174979,88,3447,1898187,42160,71,3447,979.8,298.2
R,1283820,72242,3195,3447,756387,29011,3266,3447,979.8,298.2
D,NBXX,9999,5.423e-5,3.713e-5,2.203e-5,6.663e-6,5.658e-6,4.415e-6
Y,194482,979.8,298.2,293.9,62.5,13.0,5.7,0,0000
T,2014,08,27,06,28,42
B,266779,27278,70,3448,161477,7180,50,3447,979.8,298.2
G,3228369,177409,54,3448,1898327,42482,63,3447,979.8,298.2
R,1282261,73074,3188,3448,756642,29513,3286,3447,979.8,298.2
D,NBXX,9999,5.380e-5,3.787e-5,2.258e-5,6.752e-6,5.769e-6,4.737e-6
Y,194514,979.8,298.2,293.9,62.5,13.1,5.7,0,0000
T,2014,08,27,06,33,42
B,267071,27707,71,3447,160590,7169,83,3447,979.8,298.3
G,3225625,179113,87,3447,1897443,42610,69,3447,979.8,298.3
R,1284302,74170,3257,3447,758110,29254,3357,3447,979.8,298.3
D,NBXX,9999,5.493e-5,3.845e-5,2.309e-5,6.583e-6,5.815e-6,4.451e-6
Y,194405,979.8,298.3,293.9,62.2,13.0,5.7,0,0000
T,2014,08,27,06,38,42
B,266889,27045,75,3447,160585,7094,92,3448,979.8,298.3
G,3230954,174499,78,3447,1896092,42242,52,3448,979.8,298.3
R,1282983,72219,3082,3447,756635,29124,3258,3448,979.8,298.3
D,NBXX,9999,5.292e-5,3.696e-5,2.213e-5,6.317e-6,5.687e-6,4.576e-6
Y,194727,979.8,298.3,293.9,62.4,13.0,5.7,0,0000
T,2014,08,27,06,43,42
B,265205,27311,102,3447,160192,7073,87,3447,980.0,298.3
G,3227921,172523,85,3447,1895250,41989,80,3447,980.0,298.3
R,1282317,71887,3166,3447,756083,28962,3223,3447,980.0,298.3
D,NBXX,9999,5.418e-5,3.639e-5,2.191e-5,6.314e-6,5.613e-6,4.452e-6
Y,194544,980.0,298.3,293.9,62.5,13.0,5.7,0,0000
T,2014,08,27,06,48,42
B,266504,26919,72,3448,160156,7100,88,3447,980.0,298.2
G,3227337,172587,68,3448,1895400,41830,64,3447,980.0,298.2
R,1282110,72029,3267,3448,754487,29105,3236,3447,980.0,298.2
D,NBXX,9999,5.265e-5,3.640e-5,2.192e-5,6.389e-6,5.568e-6,4.466e-6
Y,194452,980.0,298.2,293.9,62.0,13.0,5.7,0,0000
T,2014,08,27,06,53,42
B,267306,26433,70,3447,159858,7242,76,3447,980.0,298.2
G,3228403,171980,78,3447,1897133,41416,69,3447,980.0,298.2
R,1285727,70937,3287,3447,756033,28957,3228,3447,980.0,298.2
D,NBXX,9999,5.097e-5,3.619e-5,2.113e-5,6.801e-6,5.429e-6,4.324e-6
Y,194573,980.0,298.2,293.9,62.0,13.0,5.7,0,0000
T,2014,08,27,06,58,42
B,265035,26371,61,3447,160787,7130,65,3447,980.1,298.2
G,3228581,171577,89,3447,1894773,41143,50,3447,980.1,298.2
R,1282791,71604,3241,3447,757489,29111,3234,3447,980.1,298.2
D,NBXX,9999,5.154e-5,3.607e-5,2.166e-5,6.713e-6,5.347e-6,4.478e-6
Y,194584,980.1,298.2,293.9,61.7,13.0,5.7,0,0000
T,2014,08,27,07,03,42
B,265535,26579,85,3447,160299,6901,87,3448,980.1,298.2
G,3224678,171859,71,3447,1898614,41161,62,3448,980.1,298.2
R,1281600,71771,3133,3447,754908,29168,3217,3448,980.1,298.2
D,NBXX,9999,5.186e-5,3.622e-5,2.189e-5,5.801e-6,5.367e-6,4.610e-6
Y,194348,980.1,298.2,293.9,61.6,13.0,5.7,0,0000
T,2014,08,27,07,08,42
B,266204,27560,79,3447,160701,7357,78,3447,980.1,298.2
G,3226123,178781,78,3447,1897980,42314,55,3447,980.1,298.2
R,1281732,74503,3148,3447,755521,29289,3106,3447,980.1,298.2
D,NBXX,9999,5.471e-5,3.832e-5,2.364e-5,7.203e-6,5.717e-6,4.757e-6
Y,194435,980.1,298.2,293.9,61.6,13.0,5.7,0,0000
T,2014,08,27,07,13,42
B,266982,29127,57,3448,160885,7385,72,3447,980.2,298.3
G,3226424,188397,86,3448,1899153,43563,55,3447,980.2,298.3
R,1285198,77733,3248,3448,756201,30284,3348,3447,980.2,298.3
D,NBXX,9999,5.937e-5,4.128e-5,2.527e-5,7.343e-6,6.113e-6,5.094e-6
Y,194397,980.2,298.3,294.0,61.7,13.0,5.7,0,0000
T,2014,08,27,07,18,42
B,267142,29785,80,3447,160575,7500,81,3447,980.3,298.3
G,3224568,191963,103,3447,1898806,43721,56,3447,980.3,298.3
R,1281487,78426,3283,3447,755382,29916,3178,3447,980.3,298.3
D,NBXX,9999,6.121e-5,4.240e-5,2.592e-5,7.561e-6,6.158e-6,4.999e-6
Y,194341,980.3,298.3,294.0,61.4,13.0,5.7,0,0000
T,2014,08,27,07,23,42
B,265785,28404,90,3447,161323,7128,101,3448,980.4,298.3
G,3227870,181756,82,3447,1897523,42812,65,3448,980.4,298.3
R,1282651,74969,3233,3447,755545,29413,3281,3448,980.4,298.3
D,NBXX,9999,5.734e-5,3.922e-5,2.371e-5,6.423e-6,5.867e-6,4.633e-6
Y,194541,980.4,298.3,294.0,61.2,13.0,5.7,0,0000
T,2014,08,27,07,28,42
B,266045,27522,76,3447,161689,7137,81,3447,980.4,298.3
G,3225428,177272,75,3447,1896291,41345,65,3447,980.4,298.3
R,1282780,73599,3385,3447,755572,28976,3216,3447,980.4,298.3
D,NBXX,9999,5.467e-5,3.789e-5,2.280e-5,6.557e-6,5.434e-6,4.304e-6
Y,194393,980.4,298.3,294.0,61.2,13.0,5.7,0,0000
T,2014,08,27,07,33,42
B,266336,27519,82,3448,161204,7041,84,3447,980.5,298.4
G,3229242,176748,94,3448,1895684,41672,49,3447,980.5,298.4
R,1284419,73268,3272,3448,757137,29544,3195,3447,980.5,298.4
D,NBXX,9999,5.454e-5,3.767e-5,2.261e-5,6.214e-6,5.522e-6,4.725e-6
Y,194567,980.5,298.4,294.0,61.1,13.0,5.7,0,0000
T,2014,08,27,07,38,42
B,266333,27430,87,3447,160636,6963,78,3447,980.6,298.4
G,3230580,177243,70,3447,1897883,42202,60,3447,980.6,298.4
R,1283680,73466,3195,3447,757091,29700,3255,3447,980.6,298.4
D,NBXX,9999,5.427e-5,3.780e-5,2.277e-5,5.974e-6,5.680e-6,4.836e-6
Y,194705,980.6,298.4,294.0,61.1,13.0,5.7,0,0000
T,2014,08,27,07,43,42
B,265737,27564,86,3447,161277,6991,65,3448,980.6,298.4
G,3229661,177032,71,3447,1899365,42058,59,3448,980.6,298.4
R,1283310,73886,3354,3447,755445,29408,3269,3448,980.6,298.4
D,NBXX,9999,5.492e-5,3.775e-5,2.292e-5,6.149e-6,5.635e-6,4.532e-6
Y,194649,980.6,298.4,294.0,61.1,13.0,5.7,0,0000
T,2014,08,27,07,48,42
B,267924,27892,88,3447,160445,7086,71,3447,980.7,298.4
G,3224892,177554,68,3447,1897569,42201,72,3447,980.7,298.4
R,1283748,73524,3380,3447,756381,29375,3269,3447,980.7,298.4
D,NBXX,9999,5.520e-5,3.799e-5,2.266e-5,6.245e-6,5.698e-6,4.493e-6
Y,194361,980.7,298.4,294.0,61.1,13.0,5.7,0,0000
T,2014,08,27,07,53,42
B,265482,27767,63,3448,161075,7113,91,3447,980.6,298.4
G,3227213,178946,68,3448,1896073,42374,53,3447,980.6,298.4
R,1284216,74679,3297,3448,754922,29957,3416,3447,980.6,298.4
D,NBXX,9999,5.561e-5,3.838e-5,2.331e-5,6.545e-6,5.753e-6,4.805e-6
Y,194444,980.6,298.4,294.0,61.1,13.0,5.7,0,0000
T,2014,08,27,07,58,42
B,266669,27824,98,3447,161379,6958,79,3447,980.7,298.4
G,3225990,178731,67,3447,1899955,41882,55,3447,980.7,298.4
R,1281942,75047,3419,3447,756506,29396,3251,3447,980.7,298.4
D,NBXX,9999,5.533e-5,3.834e-5,2.364e-5,5.890e-6,5.603e-6,4.509e-6
Y,194427,980.7,298.4,294.0,61.1,13.0,5.7,0,0000
T,2014,08,27,08,03,42
B,266862,28305,102,3447,160455,7390,94,3448,980.7,298.4
G,3224510,183926,56,3447,1895542,42942,55,3448,980.7,298.4
R,1285903,76816,3329,3447,756063,29574,3247,3448,980.7,298.4
D,NBXX,9999,5.667e-5,3.996e-5,2.467e-5,7.119e-6,5.933e-6,4.640e-6
Y,194337,980.7,298.4,294.0,61.1,13.0,5.7,0,0000
T,2014,08,27,08,08,42
B,265582,28489,76,3447,160693,7154,98,3447,980.8,298.4
G,3226289,187398,70,3447,1896069,43184,63,3447,980.8,298.4
R,1282036,77828,3289,3447,754376,30412,3345,3447,980.8,298.4
D,NBXX,9999,5.770e-5,4.098e-5,2.538e-5,6.572e-6,5.996e-6,5.162e-6
Y,194445,980.8,298.4,294.0,61.1,13.0,5.7,0,0000
T,2014,08,27,08,13,42
B,266603,31552,66,3448,161858,7339,86,3447,980.9,298.4
G,3225702,210111,64,3448,1904914,45103,81,3447,980.9,298.4
R,1287567,85450,3466,3448,758928,30809,3347,3447,980.9,298.4
D,NBXX,9999,6.679e-5,4.794e-5,2.976e-5,7.139e-6,6.585e-6,5.223e-6
Y,194353,980.9,298.4,294.1,61.2,13.0,5.7,0,0000
T,2014,08,27,08,18,42
B,265622,28621,93,3447,160612,7159,96,3447,980.9,298.4
G,3226062,183942,77,3447,1899475,42623,54,3447,980.9,298.4
R,1281505,76095,3379,3447,756175,29919,3326,3447,980.9,298.4
D,NBXX,9999,5.804e-5,3.993e-5,2.428e-5,6.531e-6,5.826e-6,4.812e-6
Y,194431,980.9,298.4,294.1,61.4,13.0,5.7,0,0000
T,2014,08,27,08,23,42
B,266848,28468,87,3447,161010,7121,91,3448,980.9,298.4
G,3227251,186520,85,3447,1899333,43010,58,3448,980.9,298.4
R,1283760,77141,3421,3447,758160,30074,3396,3448,980.9,298.4
D,NBXX,9999,5.721e-5,4.069e-5,2.477e-5,6.350e-6,5.932e-6,4.799e-6
Y,194503,980.9,298.4,294.1,61.2,13.0,5.7,0,0000
T,2014,08,27,08,28,42
B,265691,28664,106,3447,160787,7270,112,3447,980.9,298.4
G,3223815,186775,79,3447,1894999,42799,55,3447,980.9,298.4
R,1283234,77438,3461,3447,755791,30119,3297,3447,980.9,298.4
D,NBXX,9999,5.805e-5,4.083e-5,2.502e-5,6.762e-6,5.888e-6,4.879e-6
Y,194295,980.9,298.4,294.1,61.4,13.0,5.7,0,0000
T,2014,08,27,08,33,42
B,265835,28308,105,3448,160901,7178,80,3447,980.9,298.4
G,3225260,184442,89,3448,1896525,42747,63,3447,980.9,298.4
R,1283727,76390,3397,3448,758397,29977,3412,3447,980.9,298.4
D,NBXX,9999,5.702e-5,4.009e-5,2.432e-5,6.592e-6,5.864e-6,4.754e-6
Y,194326,980.9,298.4,294.1,61.6,13.0,5.7,0,0000
T,2014,08,27,08,38,42
B,265260,28170,114,3447,160444,7097,83,3447,980.9,298.4
G,3222370,185959,76,3447,1900709,42984,52,3447,980.9,298.4
R,1283998,77343,3386,3447,758256,30174,3336,3447,980.9,298.4
D,NBXX,9999,5.674e-5,4.061e-5,2.496e-5,6.341e-6,5.953e-6,4.930e-6
Y,194208,980.9,298.4,294.1,61.7,13.0,5.7,0,0000
T,2014,08,27,08,43,42
B,266430,28717,93,3447,162251,7171,91,3448,980.9,298.4
G,3224586,189718,87,3447,1902728,43280,56,3448,980.9,298.4
R,1283338,78247,3372,3447,758321,30084,3393,3448,980.9,298.4
D,NBXX,9999,5.808e-5,4.172e-5,2.551e-5,6.514e-6,6.025e-6,4.847e-6
Y,194342,980.9,298.4,294.1,61.9,13.0,5.7,0,0000
T,2014,08,27,08,48,42
B,266771,29105,91,3447,161348,7247,71,3447,980.9,298.4
G,3221818,191183,72,3447,1898603,43712,69,3447,980.9,298.4
R,1283089,78780,3442,3447,757947,30391,3385,3447,980.9,298.4
D,NBXX,9999,5.923e-5,4.222e-5,2.580e-5,6.803e-6,6.173e-6,4.999e-6
Y,194175,980.9,298.4,294.1,61.9,13.0,5.7,0,0000
T,2014,08,27,08,53,42
B,266420,29772,76,3448,161938,7405,93,3447,980.8,298.5
G,3220265,194036,90,3448,1904158,43806,60,3447,980.8,298.5
R,1281805,80313,3341,3448,758152,30576,3234,3447,980.8,298.5
D,NBXX,9999,6.136e-5,4.312e-5,2.697e-5,7.296e-6,6.209e-6,5.313e-6
Y,194024,980.8,298.5,294.2,61.9,13.0,5.7,0,0000
T,2014,08,27,08,58,42
B,265731,29467,70,3447,161376,7430,76,3447,980.7,298.5
G,3228296,198335,72,3447,1901469,45284,34,3447,980.7,298.5
R,1282685,82196,3336,3447,758781,30617,3302,3447,980.7,298.5
D,NBXX,9999,6.077e-5,4.430e-5,2.806e-5,7.518e-6,6.640e-6,5.278e-6
Y,194567,980.7,298.5,294.2,62.0,13.0,5.7,0,0000
T,2014,08,27,09,03,42
B,266455,30493,90,3447,161604,7547,78,3448,980.7,298.5
G,3220710,202487,62,3447,1900237,45344,69,3448,980.7,298.5
R,1284161,83113,3450,3447,757872,31075,3240,3448,980.7,298.5
D,NBXX,9999,6.358e-5,4.570e-5,2.853e-5,7.731e-6,6.678e-6,5.502e-6
Y,194108,980.7,298.5,294.2,62.2,13.0,5.7,0,0000
T,2014,08,27,09,08,42
B,265982,30384,127,3447,160821,7574,97,3447,980.6,298.4
G,3221522,204836,83,3447,1889491,46261,88,3447,980.6,298.4
R,1281490,84362,3397,3447,753582,31516,3359,3447,980.6,298.4
D,NBXX,9999,6.322e-5,4.639e-5,2.935e-5,7.662e-6,6.945e-6,5.762e-6
Y,194157,980.6,298.4,294.2,62.5,13.0,5.7,0,0000
T,2014,08,27,09,13,42
B,266863,30949,89,3447,159970,7726,80,3447,980.6,298.4
G,3224362,208804,78,3447,1884232,46676,54,3447,980.6,298.4
R,1285897,87856,3416,3447,752887,31612,3327,3447,980.6,298.4
D,NBXX,9999,6.483e-5,4.757e-5,3.135e-5,8.245e-6,7.073e-6,5.781e-6
Y,194329,980.6,298.4,294.2,62.5,13.0,5.7,0,0000
T,2014,08,27,09,18,42
B,266689,30751,85,3448,162813,7534,51,3447,980.7,298.4
G,3223922,205152,59,3448,1907464,45366,52,3447,980.7,298.4
R,1281499,84989,3332,3448,761797,31179,3277,3447,980.7,298.4
D,NBXX,9999,6.440e-5,4.646e-5,2.985e-5,7.798e-6,6.686e-6,5.664e-6
Y,194245,980.7,298.4,294.2,62.9,13.0,5.7,0,0000
T,2014,08,27,09,23,42
B,266723,30188,70,3447,162390,7364,81,3447,980.8,298.4
G,3234070,204240,80,3447,1911518,45364,46,3447,980.8,298.4
R,1287458,86269,3303,3447,764916,30949,3309,3447,980.8,298.4
D,NBXX,9999,6.259e-5,4.598e-5,3.041e-5,7.203e-6,6.632e-6,5.449e-6
Y,194916,980.8,298.4,294.2,62.7,13.0,5.7,0,0000
T,2014,08,27,09,28,42
B,258608,29035,86,3349,156465,7182,73,3352,980.9,298.4
G,3132834,197264,52,3349,1841687,44506,65,3352,980.9,298.4
R,1250441,83935,3251,3349,734427,30578,3211,3352,980.9,298.4
D,NBXX,9999,6.181e-5,4.580e-5,3.048e-5,7.269e-6,6.799e-6,5.732e-6
Y,194337,980.9,298.4,294.2,62.5,13.1,5.7,0,0008
T,2014,08,27,09,33,42
B,266516,29973,103,3447,162439,7420,77,3447,980.9,298.4
G,3225537,203941,66,3447,1906269,44845,54,3447,980.9,298.4
R,1282471,86377,3301,3447,760822,30996,3275,3447,980.9,298.4
D,NBXX,9999,6.190e-5,4.606e-5,3.069e-5,7.288e-6,6.512e-6,5.559e-6
Y,194400,980.9,298.4,294.2,62.0,13.0,5.7,0,0000
T,2014,08,27,09,38,42
B,267197,30174,68,3448,161713,7334,76,3447,980.9,298.4
G,3231632,204031,97,3448,1907754,44675,62,3447,980.9,298.4
R,1285913,85436,3387,3448,761050,31129,3511,3447,980.9,298.4
D,NBXX,9999,6.241e-5,4.596e-5,2.975e-5,7.103e-6,6.424e-6,5.377e-6
Y,194712,980.9,298.4,294.2,62.0,13.0,5.7,0,0000
T,2014,08,27,09,43,42
B,267727,30112,74,3447,162268,7215,88,3447,980.9,298.4
G,3234867,201379,66,3447,1907179,44536,56,3447,980.9,298.4
R,1285301,84993,3362,3447,758974,30719,3399,3447,980.9,298.4
D,NBXX,9999,6.198e-5,4.510e-5,2.960e-5,6.629e-6,6.377e-6,5.224e-6
Y,194964,980.9,298.4,294.2,62.4,13.0,5.7,0,0000
T,2014,08,27,09,48,42
B,265804,29912,118,3447,161241,7257,67,3448,980.9,298.4
G,3226041,198460,90,3447,1899789,43857,50,3448,980.9,298.4
R,1284483,82525,3256,3447,758992,30668,3429,3448,980.9,298.4
D,NBXX,9999,6.194e-5,4.437e-5,2.816e-5,6.824e-6,6.197e-6,5.252e-6
Y,194430,980.9,298.4,294.2,62.0,13.0,5.7,0,0000
T,2014,08,27,09,53,42
B,266158,30167,79,3447,161708,7294,95,3447,980.9,298.4
G,3226711,202604,74,3447,1906102,44713,69,3447,980.9,298.4
R,1283992,85342,3293,3447,759714,30615,3256,3447,980.9,298.4
D,NBXX,9999,6.264e-5,4.562e-5,3.001e-5,6.954e-6,6.459e-6,5.326e-6
Y,194471,980.9,298.4,294.2,62.7,13.0,5.7,0,0000
T,2014,08,27,09,58,42
B,266114,29794,106,3448,161696,7160,62,3447,980.8,298.4
G,3227492,199244,70,3448,1901413,43687,61,3447,980.8,298.4
R,1284181,82749,3266,3448,759054,30541,3271,3447,980.8,298.4
D,NBXX,9999,6.154e-5,4.458e-5,2.841e-5,6.575e-6,6.150e-6,5.292e-6
Y,194461,980.8,298.4,294.2,63.0,13.0,5.7,0,0000
T,2014,08,27,10,03,42
B,266297,29470,72,3447,161031,7153,64,3447,980.8,298.4
G,3229144,198802,82,3447,1901955,42664,72,3447,980.8,298.4
R,1284730,81624,3353,3447,758735,30384,3352,3447,980.8,298.4
D,NBXX,9999,6.059e-5,4.441e-5,2.758e-5,6.646e-6,5.818e-6,5.064e-6
Y,194618,980.8,298.4,294.3,62.4,13.0,5.7,0,0000
T,2014,08,27,10,08,42
B,266445,30238,85,3447,161281,7201,80,3448,980.8,298.4
G,3226272,202255,83,3447,1908062,43700,56,3448,980.8,298.4
R,1287530,83249,3215,3447,760626,30816,3306,3448,980.8,298.4
D,NBXX,9999,6.279e-5,4.552e-5,2.861e-5,6.672e-6,6.148e-6,5.426e-6
Y,194444,980.8,298.4,294.3,62.7,13.0,5.7,0,0000
T,2014,08,27,10,13,42
B,266584,30281,101,3447,161036,7141,66,3447,980.7,298.4
G,3228493,203792,73,3447,1902374,44093,63,3447,980.7,298.4
R,1286579,83087,3141,3447,758627,30415,3374,3447,980.7,298.4
D,NBXX,9999,6.289e-5,4.595e-5,2.855e-5,6.490e-6,6.264e-6,5.199e-6
Y,194578,980.7,298.4,294.3,62.2,12.9,5.7,0,0000
T,2014,08,27,10,18,42
B,267510,30381,64,3448,162030,7197,62,3447,980.7,298.4
G,3227249,203843,63,3448,1906697,43132,60,3447,980.7,298.4
R,1284748,82937,3344,3448,760467,30190,3310,3447,980.7,298.4
D,NBXX,9999,6.302e-5,4.600e-5,2.843e-5,6.738e-6,5.984e-6,4.986e-6
Y,194447,980.7,298.4,294.3,61.9,13.0,5.7,0,0000
T,2014,08,27,10,23,42
B,266646,30814,84,3447,161809,7389,74,3447,980.7,298.4
G,3226800,207046,77,3447,1902061,44127,75,3447,980.7,298.4
R,1283852,84164,3294,3447,759593,30368,3355,3447,980.7,298.4
D,NBXX,9999,6.453e-5,4.697e-5,2.922e-5,7.274e-6,6.276e-6,5.104e-6
Y,194476,980.7,298.4,294.3,61.7,13.0,5.7,0,0000
T,2014,08,27,10,28,42
B,266470,30979,79,3447,161654,7239,79,3448,980.8,298.4
G,3228817,206639,58,3447,1905520,43605,71,3448,980.8,298.4
R,1283257,84342,3270,3447,760379,30702,3301,3448,980.8,298.4
D,NBXX,9999,6.507e-5,4.682e-5,2.941e-5,6.811e-6,6.112e-6,5.368e-6
Y,194598,980.8,298.4,294.3,61.9,13.0,5.7,0,0000
T,2014,08,27,10,33,42
B,265956,30581,50,3447,160673,7175,87,3447,980.8,298.4
G,3222546,206027,46,3447,1897513,44206,72,3447,980.8,298.4
R,1280688,85032,3375,3447,756097,30722,3353,3447,980.8,298.4
D,NBXX,9999,6.411e-5,4.676e-5,2.982e-5,6.737e-6,6.330e-6,5.301e-6
Y,194219,980.8,298.4,294.3,61.2,13.0,5.7,0,0000
T,2014,08,27,10,38,42
B,266257,30640,72,3448,161281,7079,62,3447,980.8,298.4
G,3224998,203101,74,3448,1905269,42965,79,3447,980.8,298.4
R,1283166,82837,3350,3448,760503,30603,3366,3447,980.8,298.4
D,NBXX,9999,6.419e-5,4.580e-5,2.838e-5,6.436e-6,5.931e-6,5.213e-6
Y,194310,980.8,298.4,294.3,61.2,13.0,5.7,0,0000
T,2014,08,27,10,43,42
B,266136,29977,117,3447,161642,7175,83,3447,980.8,298.4
G,3226115,200576,63,3447,1901345,43314,61,3447,980.8,298.4
R,1284209,82952,3372,3447,759148,30203,3322,3447,980.8,298.4
D,NBXX,9999,6.198e-5,4.502e-5,2.843e-5,6.499e-6,6.040e-6,4.966e-6
Y,194435,980.8,298.4,294.3,61.2,13.0,5.7,0,0000
T,2014,08,27,10,48,42
B,265267,29412,78,3425,160391,7158,75,3426,980.8,298.5
G,3205387,197620,50,3425,1891002,42634,54,3426,980.8,298.5
R,1276903,82809,3243,3425,756523,29592,3344,3426,980.8,298.5
D,NBXX,9999,6.070e-5,4.451e-5,2.868e-5,6.678e-6,5.919e-6,4.739e-6
Y,194426,980.8,298.5,294.3,60.7,13.0,5.7,0,0008
T,2014,08,27,10,53,42
B,264975,29625,75,3447,160400,7112,100,3447,980.8,298.5
G,3221246,198793,64,3447,1899559,42821,57,3447,980.8,298.5
R,1282974,82331,3449,3447,758788,29934,3260,3447,980.8,298.5
D,NBXX,9999,6.138e-5,4.456e-5,2.808e-5,6.488e-6,5.910e-6,4.803e-6
Y,194140,980.8,298.5,294.4,61.4,13.0,5.7,0,0000
T,2014,08,27,10,58,42
B,266522,29108,80,3448,161074,7115,93,3447,980.8,298.5
G,3223225,191347,74,3448,1901080,41936,73,3447,980.8,298.5
R,1282602,79214,3384,3448,757508,30238,3456,3447,980.8,298.5
D,NBXX,9999,5.928e-5,4.224e-5,2.607e-5,6.387e-6,5.625e-6,4.905e-6
Y,194203,980.8,298.5,294.4,60.9,13.0,5.7,0,0000
T,2014,08,27,11,03,42
B,266835,28255,106,3447,160478,6960,80,3447,980.7,298.6
G,3224369,188242,65,3447,1893128,41777,66,3447,980.7,298.6
R,1283436,77912,3336,3447,758658,29558,3336,3447,980.7,298.6
D,NBXX,9999,5.656e-5,4.127e-5,2.536e-5,5.851e-6,5.574e-6,4.592e-6
Y,194329,980.7,298.6,294.4,60.6,13.0,5.7,0,0000
T,2014,08,27,11,08,42
B,266613,28364,87,3447,161736,7023,64,3448,980.7,298.6
G,3220401,185961,58,3447,1901491,41709,76,3448,980.7,298.6
R,1283836,78057,3409,3447,760029,29980,3315,3448,980.7,298.6
D,NBXX,9999,5.709e-5,4.064e-5,2.540e-5,6.178e-6,5.564e-6,4.806e-6
Y,194089,980.7,298.6,294.4,60.3,13.1,5.7,0,0000
T,2014,08,27,11,13,42
B,261605,26661,86,3376,158309,6891,78,3376,980.7,298.6
G,3154334,175537,75,3376,1860345,39938,56,3376,980.7,298.6
R,1257472,73732,3183,3376,742227,29030,3425,3376,980.7,298.6
D,NBXX,9999,5.339e-5,3.857e-5,2.367e-5,6.127e-6,5.281e-6,4.584e-6
Y,194105,980.7,298.6,294.4,59.8,13.0,5.7,0,0008
T,2014,08,27,11,18,42
B,265745,27480,110,3448,161906,6911,99,3447,980.8,298.6
G,3225524,180691,79,3448,1909896,40922,48,3447,980.8,298.6
R,1287841,75776,3301,3448,761205,29500,3379,3447,980.8,298.6
D,NBXX,9999,5.443e-5,3.894e-5,2.389e-5,5.696e-6,5.313e-6,4.509e-6
Y,194342,980.8,298.6,294.4,60.3,13.0,5.7,0,0000
T,2014,08,27,11,23,42
B,266243,26735,100,3447,161624,6939,88,3447,980.8,298.6
G,3220193,173908,87,3447,1900202,40396,69,3447,980.8,298.6
R,1282515,74310,3420,3447,759260,29171,3388,3447,980.8,298.6
D,NBXX,9999,5.207e-5,3.694e-5,2.307e-5,5.812e-6,5.158e-6,4.266e-6
Y,194076,980.8,298.6,294.4,58.6,13.0,5.7,0,0000
T,2014,08,27,11,28,42
B,266448,26982,104,3447,160810,7000,77,3447,980.8,298.6
G,3224387,178878,71,3447,1904957,41052,59,3447,980.8,298.6
R,1284547,76733,3314,3447,759103,29648,3447,3447,980.8,298.6
D,NBXX,9999,5.279e-5,3.841e-5,2.453e-5,6.007e-6,5.352e-6,4.572e-6
Y,194330,980.8,298.6,294.5,60.9,13.0,5.7,0,0000
T,2014,08,27,11,33,42
B,265765,27504,87,3447,161618,7017,90,3448,980.7,298.6
G,3222339,177923,86,3447,1900099,40876,87,3448,980.7,298.6
R,1285376,74694,3462,3447,758816,29212,3430,3448,980.7,298.6
D,NBXX,9999,5.464e-5,3.813e-5,2.316e-5,6.134e-6,5.287e-6,4.197e-6
Y,194206,980.7,298.6,294.4,59.1,13.1,5.7,0,0000
T,2014,08,27,11,38,42
B,265539,27722,78,3447,161349,7051,69,3447,980.7,298.6
G,3223240,182311,86,3447,1901014,41050,56,3447,980.7,298.6
R,1283298,76190,3380,3447,759536,29683,3534,3447,980.7,298.6
D,NBXX,9999,5.548e-5,3.947e-5,2.413e-5,6.369e-6,5.352e-6,4.497e-6
Y,194261,980.7,298.6,294.4,59.9,13.0,5.7,0,0000
T,2014,08,27,11,43,42
B,266150,27712,101,3448,161311,6914,81,3447,980.8,298.6
G,3221952,180178,97,3448,1897474,41190,84,3447,980.8,298.6
R,1282603,75626,3345,3448,759139,29539,3514,3447,980.8,298.6
D,NBXX,9999,5.511e-5,3.883e-5,2.385e-5,5.770e-6,5.390e-6,4.460e-6
Y,194126,980.8,298.6,294.4,59.1,13.0,5.7,0,0000
T,2014,08,27,11,48,42
B,265855,28825,73,3447,161875,7075,86,3447,980.8,298.6
G,3220089,188586,70,3447,1899916,41861,56,3447,980.8,298.6
R,1283578,78967,3525,3447,759784,30380,3527,3447,980.8,298.6
D,NBXX,9999,5.869e-5,4.146e-5,2.574e-5,6.361e-6,5.618e-6,4.826e-6
Y,194070,980.8,298.6,294.4,59.6,13.0,5.7,0,0000
T,2014,08,27,11,53,42
B,266060,27569,86,3447,161045,6902,90,3448,980.7,298.6
G,3221854,182665,67,3447,1898494,41046,75,3448,980.7,298.6
R,1283825,76493,3557,3447,759423,29738,3490,3448,980.7,298.6
D,NBXX,9999,5.475e-5,3.960e-5,2.421e-5,5.763e-6,5.352e-6,4.426e-6
Y,194177,980.7,298.6,294.4,59.4,13.0,5.7,0,0000
T,2014,08,27,11,58,42
B,265108,27535,84,3447,161561,6914,86,3447,980.7,298.6
G,3222892,179295,94,3447,1898722,40185,77,3447,980.7,298.6
R,1285844,74845,3529,3447,760501,29471,3582,3447,980.7,298.6
D,NBXX,9999,5.496e-5,3.854e-5,2.308e-5,5.901e-6,5.078e-6,4.200e-6
Y,194240,980.7,298.6,294.4,59.4,13.0,5.7,0,0000
T,2014,08,27,12,03,42
B,266084,28259,79,3448,161935,7195,96,3447,980.6,298.7
G,3217078,183615,57,3448,1894647,41639,55,3447,980.6,298.7
R,1283651,77848,3583,3448,757639,30012,3464,3447,980.6,298.7
D,NBXX,9999,5.688e-5,3.999e-5,2.505e-5,6.687e-6,5.571e-6,4.606e-6
Y,193831,980.6,298.7,294.5,60.1,13.0,5.7,0,0000
T,2014,08,27,12,08,42
B,266871,28457,80,3447,160739,6999,82,3447,980.6,298.7
G,3218097,185718,93,3447,1892785,41045,90,3447,980.6,298.7
R,1283762,78109,3477,3447,758550,30431,3483,3447,980.6,298.7
D,NBXX,9999,5.728e-5,4.059e-5,2.527e-5,6.066e-6,5.356e-6,4.921e-6
Y,193950,980.6,298.7,294.5,60.6,13.0,5.7,0,0000
T,2014,08,27,12,13,42
B,254538,26336,79,3294,153858,6673,101,3297,980.5,298.7
G,3078889,174673,74,3294,1818037,40057,43,3297,980.5,298.7
R,1227759,73588,3271,3294,727876,28815,3382,3297,980.5,298.7
D,NBXX,9999,5.461e-5,3.965e-5,2.456e-5,5.944e-6,5.618e-6,4.723e-6
Y,194179,980.5,298.7,294.5,60.1,13.0,5.7,0,0008
T,2014,08,27,12,18,42
B,268154,27659,58,3447,160274,6987,71,3447,980.5,298.7
G,3219264,182793,70,3447,1899230,41131,76,3447,980.5,298.7
R,1287283,76604,3554,3447,759998,29949,3504,3447,980.5,298.7
D,NBXX,9999,5.456e-5,3.969e-5,2.416e-5,6.046e-6,5.391e-6,4.517e-6
Y,194020,980.5,298.7,294.5,60.1,13.0,5.7,0,0000
T,2014,08,27,12,23,42
B,266787,27434,89,3448,161153,6923,65,3447,980.5,298.7
G,3219429,179263,72,3448,1899484,40737,69,3447,980.5,298.7
R,1287484,75208,3585,3448,757487,29506,3602,3447,980.5,298.7
D,NBXX,9999,5.421e-5,3.860e-5,2.320e-5,5.875e-6,5.275e-6,4.155e-6
Y,193974,980.5,298.7,294.5,59.6,13.0,5.7,0,0000
T,2014,08,27,12,28,42
B,267144,27365,105,3447,161418,7061,110,3447,980.5,298.7
G,3217351,180480,79,3447,1897427,41089,73,3447,980.5,298.7
R,1284446,75636,3578,3447,760811,29936,3523,3447,980.5,298.7
D,NBXX,9999,5.368e-5,3.901e-5,2.362e-5,6.047e-6,5.383e-6,4.508e-6
Y,193904,980.5,298.7,294.5,60.3,13.1,5.7,0,0000
T,2014,08,27,12,33,42
B,267888,27493,118,3447,161869,6766,84,3448,980.4,298.7
G,3219448,180261,95,3447,1898789,40974,72,3448,980.4,298.7
R,1285455,76213,3484,3447,760642,29726,3442,3448,980.4,298.7
D,NBXX,9999,5.388e-5,3.890e-5,2.410e-5,5.133e-6,5.331e-6,4.502e-6
Y,194031,980.4,298.7,294.6,60.4,13.1,5.7,0,0000
T,2014,08,27,12,38,42
B,266643,27615,106,3447,161478,6949,75,3447,980.4,298.7
G,3222584,181378,69,3447,1895592,41208,81,3447,980.4,298.7
R,1284322,76159,3677,3447,758216,30062,3509,3447,980.4,298.7
D,NBXX,9999,5.471e-5,3.919e-5,2.391e-5,5.864e-6,5.400e-6,4.539e-6
Y,194221,980.4,298.7,294.6,59.8,13.0,5.7,0,0000
T,2014,08,27,12,43,42
B,263962,27453,92,3421,158081,6976,104,3421,980.3,298.7
G,3200412,183327,68,3421,1870950,41230,75,3421,980.3,298.7
R,1274566,77098,3541,3421,748857,29931,3525,3421,980.3,298.7
D,NBXX,9999,5.501e-5,4.018e-5,2.490e-5,6.103e-6,5.496e-6,4.647e-6
Y,194351,980.3,298.7,294.6,60.4,13.0,5.7,0,0008
T,2014,08,27,12,48,42
B,260594,27223,89,3387,158353,6946,110,3388,980.3,298.7
G,3160836,180093,85,3387,1866200,40764,69,3388,980.3,298.7
R,1262872,74792,3575,3387,745793,29711,3442,3388,980.3,298.7
D,NBXX,9999,5.537e-5,3.988e-5,2.389e-5,6.261e-6,5.502e-6,4.665e-6
Y,193873,980.3,298.7,294.6,60.9,13.0,5.7,0,0008
T,2014,08,27,12,53,42
B,266962,27956,93,3447,161497,7012,114,3448,980.2,298.8
G,3221573,183469,73,3447,1905985,40831,57,3448,980.2,298.8
R,1287477,76833,3603,3447,764093,30208,3542,3448,980.2,298.8
D,NBXX,9999,5.556e-5,3.986e-5,2.426e-5,5.934e-6,5.292e-6,4.621e-6
Y,194160,980.2,298.8,294.6,61.2,13.0,5.7,0,0000
T,2014,08,27,12,58,42
B,265485,27949,95,3447,162357,6860,91,3447,980.1,298.8
G,3221108,184025,76,3447,1899499,41126,48,3447,980.1,298.8
R,1284910,77461,3721,3447,760351,30084,3558,3447,980.1,298.8
D,NBXX,9999,5.609e-5,4.004e-5,2.463e-5,5.663e-6,5.390e-6,4.480e-6
Y,194132,980.1,298.8,294.6,61.4,13.0,5.7,0,0000
T,2014,08,27,13,03,42
B,266859,27657,97,3448,161064,6878,92,3447,980.1,298.8
G,3221791,180987,76,3448,1901891,41172,70,3447,980.1,298.8
R,1286993,76855,3547,3448,760958,29904,3654,3447,980.1,298.8
D,NBXX,9999,5.475e-5,3.909e-5,2.424e-5,5.609e-6,5.397e-6,4.408e-6
Y,194116,980.1,298.8,294.6,60.7,13.0,5.7,0,0000
T,2014,08,27,13,08,42
B,266955,28039,104,3447,161945,6934,83,3447,980.1,298.8
G,3220515,180740,65,3447,1905635,40966,51,3447,980.1,298.8
R,1288715,76008,3640,3447,763162,29991,3553,3447,980.1,298.8
D,NBXX,9999,5.589e-5,3.905e-5,2.367e-5,5.773e-6,5.346e-6,4.445e-6
Y,194096,980.1,298.8,294.6,60.4,13.0,5.7,0,0000
T,2014,08,27,13,13,42
B,266310,27894,95,3447,160922,7070,86,3448,980.0,298.9
G,3225179,181007,99,3447,1902471,40579,64,3448,980.0,298.9
R,1285701,75738,3640,3447,761208,30067,3495,3448,980.0,298.9
D,NBXX,9999,5.567e-5,3.903e-5,2.365e-5,6.253e-6,5.189e-6,4.560e-6
Y,194378,980.0,298.9,294.7,60.6,13.1,5.7,0,0000
T,2014,08,27,13,18,42
B,266095,28220,74,3447,161399,6985,94,3447,979.9,298.9
G,3220829,186025,98,3447,1905021,42151,67,3447,979.9,298.9
R,1287225,78027,3597,3447,760789,30216,3656,3447,979.9,298.9
D,NBXX,9999,5.678e-5,4.064e-5,2.492e-5,6.063e-6,5.691e-6,4.556e-6
Y,194115,979.9,298.9,294.7,60.7,13.0,5.7,0,0000
T,2014,08,27,13,23,42
B,266115,28058,92,3448,161649,6913,104,3447,979.9,299.0
G,3222930,182931,75,3448,1904834,41012,49,3447,979.9,299.0
R,1287588,76714,3722,3448,762611,30165,3571,3447,979.9,299.0
D,NBXX,9999,5.621e-5,3.967e-5,2.407e-5,5.761e-6,5.351e-6,4.497e-6
Y,194185,979.9,299.0,294.8,60.4,13.0,5.7,0,0000
T,2014,08,27,13,28,42
B,265692,27903,109,3447,161897,7132,104,3447,979.8,299.0
G,3221525,183582,68,3447,1901559,41501,55,3447,979.8,299.0
R,1287622,76688,3581,3447,763495,30151,3724,3447,979.8,299.0
D,NBXX,9999,5.581e-5,3.990e-5,2.405e-5,6.399e-6,5.504e-6,4.475e-6
Y,194157,979.8,299.0,294.8,60.4,13.0,5.7,0,0000
T,2014,08,27,13,33,42
B,266935,28481,86,3447,161350,7007,83,3448,979.8,299.1
G,3222124,187272,98,3447,1903596,41436,92,3448,979.8,299.1
R,1288152,78867,3876,3447,760497,30136,3613,3448,979.8,299.1
D,NBXX,9999,5.733e-5,4.102e-5,2.527e-5,6.068e-6,5.467e-6,4.337e-6
Y,194193,979.8,299.1,294.9,60.3,13.0,5.7,0,0000
T,2014,08,27,13,38,42
B,264518,28166,99,3447,161550,7030,123,3447,979.8,299.1
G,3221526,185736,110,3447,1904406,41494,94,3447,979.8,299.1
R,1288271,78691,3760,3447,765393,30757,3734,3447,979.8,299.1
D,NBXX,9999,5.697e-5,4.056e-5,2.515e-5,6.146e-6,5.486e-6,4.719e-6
Y,194157,979.8,299.1,294.9,59.1,13.0,5.7,0,0000
T,2014,08,27,13,43,42
B,266315,27918,125,3447,161476,7043,101,3447,979.7,299.2
G,3219423,183425,88,3447,1896794,41292,87,3447,979.7,299.2
R,1288599,77753,3781,3447,759355,30257,3783,3447,979.7,299.2
D,NBXX,9999,5.562e-5,3.990e-5,2.452e-5,6.031e-6,5.442e-6,4.358e-6
Y,194030,979.7,299.2,295.0,59.4,13.1,5.7,0,0000
T,2014,08,27,13,48,42
B,265459,29402,101,3448,161216,7010,102,3447,979.7,299.2
G,3221670,198708,67,3448,1902969,43134,66,3447,979.7,299.2
R,1290177,85875,3784,3448,762279,31721,3713,3447,979.7,299.2
D,NBXX,9999,6.052e-5,4.455e-5,2.950e-5,6.085e-6,6.017e-6,5.293e-6
Y,194109,979.7,299.2,295.1,60.1,13.1,5.7,0,0000
T,2014,08,27,13,53,42
B,265778,30212,98,3447,161871,7184,86,3447,979.7,299.3
G,3223025,211074,77,3447,1907284,44013,70,3447,979.7,299.3
R,1287299,90971,3847,3447,763473,31867,3713,3447,979.7,299.3
D,NBXX,9999,6.298e-5,4.831e-5,3.269e-5,6.668e-6,6.272e-6,5.365e-6
Y,194248,979.7,299.3,295.2,59.4,13.0,5.7,0,0000
T,2014,08,27,13,58,42
B,265683,28401,123,3447,160932,7204,102,3448,979.6,299.4
G,3223998,189840,61,3447,1896655,41951,76,3448,979.6,299.4
R,1290144,80693,3857,3447,760281,30862,3969,3448,979.6,299.4
D,NBXX,9999,5.733e-5,4.179e-5,2.609e-5,6.585e-6,5.636e-6,4.522e-6
Y,194307,979.6,299.4,295.2,60.1,13.1,5.7,0,0000
T,2014,08,27,14,03,42
B,266426,27973,115,3447,161815,7106,105,3447,979.7,299.4
G,3221905,191914,96,3447,1899334,42211,70,3447,979.7,299.4
R,1288243,83347,3948,3447,761651,31333,3834,3447,979.7,299.4
D,NBXX,9999,5.580e-5,4.246e-5,2.781e-5,6.250e-6,5.717e-6,4.868e-6
Y,194180,979.7,299.4,295.2,58.0,13.0,5.7,0,0000
T,2014,08,27,14,08,42
B,265421,27153,95,3448,161468,7057,93,3447,979.6,299.4
G,3221535,177084,82,3448,1898004,40526,89,3447,979.6,299.4
R,1290520,75843,3827,3448,762635,30577,3992,3447,979.6,299.4
D,NBXX,9999,5.371e-5,3.792e-5,2.310e-5,6.299e-6,5.204e-6,4.358e-6
Y,194101,979.6,299.4,295.2,58.3,13.1,5.7,0,0000
T,2014,08,27,14,13,42
B,265382,28512,120,3447,161410,7071,113,3447,979.6,299.4
G,3217381,194734,66,3447,1896680,42730,84,3447,979.6,299.4
R,1290664,85446,4122,3447,760140,31468,3907,3447,979.6,299.4
D,NBXX,9999,5.774e-5,4.341e-5,2.884e-5,6.179e-6,5.901e-6,4.749e-6
Y,193906,979.6,299.4,295.2,57.5,13.0,5.7,0,0000
T,2014,08,27,14,18,42
B,265862,30124,104,3447,161325,7494,115,3448,979.6,299.4
G,3215314,215886,86,3447,1901500,44724,78,3448,979.6,299.4
R,1288911,94720,3947,3447,763849,32609,3950,3448,979.6,299.4
D,NBXX,9999,6.256e-5,4.994e-5,3.470e-5,7.479e-6,6.512e-6,5.558e-6
Y,193781,979.6,299.4,295.2,56.7,13.0,5.7,0,0000
T,2014,08,27,14,23,42
B,265220,30117,110,3447,160624,7351,87,3447,979.5,299.5
G,3216707,212866,86,3447,1897997,44414,105,3447,979.5,299.5
R,1286609,93526,3994,3447,763624,32777,3973,3447,979.5,299.5
D,NBXX,9999,6.287e-5,4.897e-5,3.401e-5,7.193e-6,6.405e-6,5.642e-6
Y,193865,979.5,299.5,295.3,57.0,13.1,5.7,0,0000
T,2014,08,27,14,28,42
B,266606,27126,116,3448,161504,6937,106,3447,979.5,299.5
G,3215226,175685,89,3448,1898405,40716,102,3447,979.5,299.5
R,1291548,76509,4111,3448,761782,30925,4125,3447,979.5,299.5
D,NBXX,9999,5.317e-5,3.759e-5,2.318e-5,5.733e-6,5.280e-6,4.264e-6
Y,193719,979.5,299.5,295.3,56.7,13.0,5.7,0,0000
T,2014,08,27,14,33,42
B,265055,26596,106,3447,161565,6856,113,3447,979.4,299.5
G,3212448,172097,117,3447,1893075,40428,69,3447,979.4,299.5
R,1288948,74980,4076,3447,762005,30761,4028,3447,979.4,299.5
D,NBXX,9999,5.204e-5,3.653e-5,2.242e-5,5.608e-6,5.200e-6,4.279e-6
Y,193608,979.4,299.5,295.3,56.0,13.1,5.7,0,0000
T,2014,08,27,14,38,42
B,266259,25873,104,3447,160583,6831,82,3448,979.4,299.5
G,3214867,168960,92,3447,1898668,39586,85,3448,979.4,299.5
R,1287571,74242,4011,3447,763110,30674,4026,3448,979.4,299.5
D,NBXX,9999,4.957e-5,3.553e-5,2.206e-5,5.551e-6,4.932e-6,4.283e-6
Y,193754,979.4,299.5,295.3,54.6,13.0,5.7,0,0000
T,2014,08,27,14,43,42
B,264619,26914,101,3447,160422,6985,87,3447,979.4,299.6
G,3212650,180252,61,3447,1892876,41591,80,3447,979.4,299.6
R,1289302,80111,4139,3447,759746,31485,4001,3447,979.4,299.6
D,NBXX,9999,5.328e-5,3.905e-5,2.553e-5,6.163e-6,5.573e-6,4.695e-6
Y,193620,979.4,299.6,295.3,54.7,13.1,5.7,0,0000
T,2014,08,27,14,48,42
B,249367,25387,115,3224,150025,6505,91,3223,979.3,299.6
G,3012253,166782,62,3224,1767518,38202,68,3223,979.3,299.6
R,1207336,72689,3773,3224,710160,29221,3834,3223,979.3,299.6
D,NBXX,9999,5.326e-5,3.832e-5,2.402e-5,5.807e-6,5.317e-6,4.539e-6
Y,194101,979.3,299.6,295.3,56.4,13.0,5.7,0,0008
T,2014,08,27,14,53,42
B,265629,25776,129,3447,161193,6931,101,3447,979.3,299.6
G,3215558,167617,87,3447,1893216,40034,71,3447,979.3,299.6
R,1287578,73655,3993,3447,760976,30779,4167,3447,979.3,299.6
D,NBXX,9999,4.934e-5,3.512e-5,2.161e-5,5.769e-6,5.078e-6,4.264e-6
Y,193796,979.3,299.6,295.4,54.3,13.1,5.7,0,0000
T,2014,08,27,14,58,42
B,262849,25231,149,3410,159072,6668,101,3412,979.3,299.6
G,3176912,163284,118,3410,1874516,39000,58,3412,979.3,299.6
R,1275443,72178,4000,3410,753980,30552,4134,3412,979.3,299.6
D,NBXX,9999,4.841e-5,3.439e-5,2.109e-5,5.087e-6,4.892e-6,4.257e-6
Y,193543,979.3,299.6,295.4,53.4,13.0,5.7,0,0008
T,2014,08,27,15,03,42
B,264709,26128,111,3447,161608,6885,137,3447,979.3,299.6
G,3214879,169309,127,3447,1899470,40160,92,3447,979.3,299.6
R,1289659,74037,4158,3447,762943,30636,4222,3447,979.3,299.6
D,NBXX,9999,5.063e-5,3.563e-5,2.162e-5,5.634e-6,5.097e-6,3.998e-6
Y,193755,979.3,299.6,295.4,54.7,13.0,5.7,0,0000
T,2014,08,27,15,08,42
B,239706,23758,107,3103,145244,6076,102,3101,979.3,299.6
G,2902024,153173,86,3103,1712420,36081,71,3101,979.3,299.6
R,1162779,66757,3706,3103,688439,27412,3747,3101,979.3,299.6
D,NBXX,9999,5.102e-5,3.576e-5,2.170e-5,5.170e-6,5.063e-6,3.946e-6
Y,194291,979.3,299.6,295.4,54.7,13.0,5.7,0,0008
T,2014,08,27,15,13,42
B,248360,24319,94,3202,150155,6364,112,3203,979.1,299.6
G,3002310,158181,91,3202,1765020,37937,101,3203,979.1,299.6
R,1205192,69492,3911,3202,707825,28711,3819,3203,979.1,299.6
D,NBXX,9999,5.009e-5,3.565e-5,2.190e-5,5.415e-6,5.240e-6,4.124e-6
Y,194793,979.1,299.6,295.4,54.9,13.1,5.7,0,0008
T,2014,08,27,15,18,42
B,250219,24388,105,3264,151115,6324,100,3266,979.1,299.5
G,3035826,157013,89,3264,1777249,37470,100,3266,979.1,299.5
R,1216868,68207,4000,3264,715050,28958,3820,3266,979.1,299.5
D,NBXX,9999,4.970e-5,3.470e-5,2.061e-5,5.120e-6,4.949e-6,4.088e-6
Y,193220,979.1,299.5,295.3,54.3,13.1,5.7,0,0008
T,2014,08,27,15,23,42
B,264814,25213,116,3447,160245,6838,98,3447,979.1,299.5
G,3209509,160681,92,3447,1887785,38692,78,3447,979.1,299.5
R,1286766,70829,4166,3447,758670,30402,4074,3447,979.1,299.5
D,NBXX,9999,4.788e-5,3.308e-5,1.984e-5,5.589e-6,4.684e-6,3.983e-6
Y,193430,979.1,299.5,295.3,52.5,13.1,5.7,0,0000
T,2014,08,27,15,28,42
B,266346,25394,137,3448,161616,6820,96,3447,979.0,299.5
G,3212630,161496,118,3448,1905133,39396,96,3447,979.0,299.5
R,1288431,71907,4249,3448,767096,30382,4195,3447,979.0,299.5
D,NBXX,9999,4.792e-5,3.326e-5,2.030e-5,5.356e-6,4.876e-6,3.813e-6
Y,193562,979.0,299.5,295.3,52.6,13.1,5.7,0,0000
T,2014,08,27,15,33,42
B,265064,24452,107,3447,160380,6879,101,3447,979.0,299.5
G,3206517,159029,84,3447,1888889,39092,73,3447,979.0,299.5
R,1286777,70990,4076,3447,760301,30095,3977,3447,979.0,299.5
D,NBXX,9999,4.549e-5,3.262e-5,2.007e-5,5.717e-6,4.823e-6,3.928e-6
Y,193249,979.0,299.5,295.3,52.0,13.0,5.7,0,0000
T,2014,08,27,15,38,42
B,265506,24720,103,3447,162054,6698,108,3448,978.9,299.5
G,3210657,160615,77,3447,1905333,38937,73,3448,978.9,299.5
R,1288684,72159,4319,3447,763569,30247,4183,3448,978.9,299.5
D,NBXX,9999,4.618e-5,3.304e-5,2.041e-5,5.112e-6,4.758e-6,3.677e-6
Y,193499,978.9,299.5,295.3,53.8,13.0,5.7,0,0000
T,2014,08,27,15,43,42
B,266316,25451,107,3447,160569,6809,100,3447,978.8,299.5
G,3209700,164972,88,3447,1889836,39451,81,3447,978.8,299.5
R,1287348,71816,4207,3447,759498,30111,4097,3447,978.8,299.5
D,NBXX,9999,4.820e-5,3.439e-5,2.038e-5,5.411e-6,4.917e-6,3.752e-6
Y,193441,978.8,299.5,295.3,53.8,13.0,5.7,0,0000
T,2014,08,27,15,48,42
B,265312,25999,136,3448,159897,6784,101,3447,978.8,299.5
G,3217678,169018,109,3448,1883351,39771,88,3447,978.8,299.5
R,1287483,74110,3992,3448,758031,30887,4126,3447,978.8,299.5
D,NBXX,9999,5.006e-5,3.550e-5,2.192e-5,5.309e-6,4.978e-6,4.366e-6
Y,193868,978.8,299.5,295.3,55.4,13.0,5.7,0,0000
T,2014,08,27,15,53,42
B,266305,25501,136,3447,161365,6779,113,3447,978.7,299.5
G,3212761,165736,102,3447,1899160,39932,99,3447,978.7,299.5
R,1284688,72569,4168,3447,762993,30709,4067,3447,978.7,299.5
D,NBXX,9999,4.821e-5,3.457e-5,2.097e-5,5.171e-6,5.042e-6,4.197e-6
Y,193627,978.7,299.5,295.3,55.4,13.1,5.7,0,0000
T,2014,08,27,15,58,42
B,265209,25583,121,3447,160929,6783,106,3447,978.6,299.5
G,3209674,167718,82,3447,1886427,39746,83,3447,978.6,299.5
R,1288508,73438,4094,3447,759263,30767,4052,3447,978.6,299.5
D,NBXX,9999,4.885e-5,3.527e-5,2.145e-5,5.344e-6,5.022e-6,4.257e-6
Y,193440,978.6,299.5,295.3,55.7,13.0,5.7,0,0000
T,2014,08,27,16,03,42
B,265360,25671,71,3447,161272,6849,95,3448,978.6,299.5
G,3210757,166096,89,3447,1893962,39630,72,3448,978.6,299.5
R,1287163,73204,4081,3447,761743,30696,4093,3448,978.6,299.5
D,NBXX,9999,4.929e-5,3.475e-5,2.133e-5,5.746e-6,4.980e-6,4.203e-6
Y,193505,978.6,299.5,295.3,54.4,13.1,5.7,0,0000
T,2014,08,27,16,08,42
B,253780,25098,76,3295,153717,6599,107,3296,978.6,299.5
G,3072249,163237,93,3295,1801273,38342,63,3296,978.6,299.5
R,1232346,70258,3932,3295,724299,29478,3812,3296,978.6,299.5
D,NBXX,9999,5.096e-5,3.613e-5,2.150e-5,5.812e-6,5.115e-6,4.321e-6
Y,193700,978.6,299.5,295.3,55.7,13.0,5.7,0,0008
T,2014,08,27,16,13,42
B,266469,26589,120,3448,161170,6909,149,3447,978.6,299.5
G,3212962,167206,115,3448,1895193,40009,96,3447,978.6,299.5
R,1288252,72993,4098,3448,760972,30601,4027,3447,978.6,299.5
D,NBXX,9999,5.141e-5,3.504e-5,2.120e-5,5.491e-6,5.078e-6,4.177e-6
Y,193582,978.6,299.5,295.3,54.9,13.1,5.7,0,0000
T,2014,08,27,16,18,42
B,266801,25664,118,3447,159857,6886,105,3447,978.6,299.4
G,3211150,166604,95,3447,1895204,40104,83,3447,978.6,299.4
R,1287039,72597,4144,3447,762384,30292,4115,3447,978.6,299.4
D,NBXX,9999,4.865e-5,3.490e-5,2.090e-5,5.553e-6,5.122e-6,3.899e-6
Y,193529,978.6,299.4,295.3,54.1,13.0,5.7,0,0000
T,2014,08,27,16,23,42
B,266368,25872,115,3447,161362,6922,71,3448,978.5,299.4
G,3213563,168075,67,3447,1887353,40194,102,3448,978.5,299.4
R,1284518,72758,3989,3447,761064,30672,4149,3448,978.5,299.4
D,NBXX,9999,4.954e-5,3.531e-5,2.116e-5,5.821e-6,5.140e-6,4.240e-6
Y,193675,978.5,299.4,295.3,54.6,13.0,5.7,0,0000
T,2014,08,27,16,28,42
B,256850,25576,95,3344,155710,6712,76,3344,978.5,299.4
G,3115220,166524,76,3344,1834584,38580,61,3344,978.5,299.4
R,1249896,72730,3937,3344,736765,29764,3815,3344,978.5,299.4
D,NBXX,9999,5.156e-5,3.646e-5,2.251e-5,5.976e-6,5.032e-6,4.316e-6
Y,193531,978.5,299.4,295.3,55.2,13.0,5.7,0,0008
T,2014,08,27,16,33,42
B,265259,25928,126,3448,160639,6984,88,3447,978.5,299.4
G,3214635,167668,74,3448,1890980,40140,75,3447,978.5,299.4
R,1286799,73534,4081,3448,758978,30308,4145,3447,978.5,299.4
D,NBXX,9999,4.994e-5,3.518e-5,2.151e-5,6.009e-6,5.134e-6,3.939e-6
Y,193684,978.5,299.4,295.3,54.3,13.0,5.7,0,0000
T,2014,08,27,16,38,42
B,265652,25714,100,3447,160812,6832,102,3447,978.5,299.4
G,3214985,167425,86,3447,1891366,40226,94,3447,978.5,299.4
R,1286027,73627,4235,3447,760402,30289,3976,3447,978.5,299.4
D,NBXX,9999,4.921e-5,3.509e-5,2.160e-5,5.549e-6,5.144e-6,3.942e-6
Y,193761,978.5,299.4,295.3,55.1,13.1,5.7,0,0000
T,2014,08,27,16,43,42
B,266606,25771,109,3447,159534,6873,98,3448,978.4,299.5
G,3214760,169860,83,3447,1885133,39972,78,3448,978.4,299.5
R,1286781,72998,4026,3447,757224,30527,4052,3448,978.4,299.5
D,NBXX,9999,4.912e-5,3.584e-5,2.129e-5,5.592e-6,5.070e-6,4.171e-6
Y,193748,978.4,299.5,295.3,56.2,13.1,5.7,0,0000
T,2014,08,27,16,48,42
B,264798,25931,148,3447,160275,6897,86,3447,978.4,299.5
G,3217373,169056,74,3447,1888910,39785,62,3447,978.4,299.5
R,1289496,74006,4062,3447,758952,30356,4089,3447,978.4,299.5
D,NBXX,9999,5.005e-5,3.556e-5,2.177e-5,5.714e-6,5.015e-6,3.991e-6
Y,193906,978.4,299.5,295.4,56.4,13.1,5.7,0,0000
T,2014,08,27,16,53,42
B,266268,24872,99,3448,160790,6699,80,3447,978.3,299.5
G,3211493,158663,81,3448,1882970,39085,80,3447,978.3,299.5
R,1288475,69904,3988,3448,755918,29854,4005,3447,978.3,299.5
D,NBXX,9999,4.656e-5,3.246e-5,1.939e-5,5.197e-6,4.817e-6,3.810e-6
Y,193494,978.3,299.5,295.4,52.8,13.0,5.7,0,0000
T,2014,08,27,16,58,42
B,265579,24733,102,3447,160783,6579,115,3447,978.3,299.4
G,3215501,157458,79,3447,1895773,38759,78,3447,978.3,299.4
R,1286745,70291,3946,3447,761499,29913,4000,3447,978.3,299.4
D,NBXX,9999,4.620e-5,3.203e-5,1.971e-5,4.740e-6,4.700e-6,3.892e-6
Y,193792,978.3,299.4,295.3,51.3,13.1,5.7,0,0000
T,2014,08,27,17,03,42
B,241019,22263,88,3128,145030,6053,93,3131,978.3,299.4
G,2915931,143494,62,3128,1715632,35458,59,3131,978.3,299.4
R,1169498,63469,3634,3128,687451,27066,3608,3131,978.3,299.4
D,NBXX,9999,4.565e-5,3.227e-5,1.942e-5,5.061e-6,4.802e-6,3.780e-6
Y,193660,978.3,299.4,295.3,51.3,13.0,5.7,0,0008
T,2014,08,27,17,08,42
B,262229,24357,85,3399,157451,6572,126,3400,978.3,299.4
G,3168727,155685,75,3399,1861663,38634,75,3400,978.3,299.4
R,1270675,68517,3868,3399,747973,29330,3890,3400,978.3,299.4
D,NBXX,9999,4.601e-5,3.219e-5,1.922e-5,4.982e-6,4.835e-6,3.822e-6
Y,193670,978.3,299.4,295.3,51.0,13.0,5.7,0,0008
T,2014,08,27,17,13,42
B,265951,24475,105,3448,160789,6809,83,3447,978.3,299.4
G,3211811,158337,67,3448,1890785,38447,67,3447,978.3,299.4
R,1287466,69437,3943,3448,761535,30167,4164,3447,978.3,299.4
D,NBXX,9999,4.541e-5,3.236e-5,1.905e-5,5.526e-6,4.629e-6,3.931e-6
Y,193513,978.3,299.4,295.3,51.2,13.0,5.7,0,0000
T,2014,08,27,17,18,42
B,263411,24588,118,3420,160169,6778,106,3419,978.3,299.4
G,3185398,157417,87,3420,1882042,38454,84,3419,978.3,299.4
R,1275138,69929,3943,3420,755806,29880,3910,3419,978.3,299.4
D,NBXX,9999,4.635e-5,3.246e-5,1.990e-5,5.495e-6,4.716e-6,4.060e-6
Y,193493,978.3,299.4,295.3,52.0,13.0,5.7,0,0008
T,2014,08,27,17,23,42
B,265550,24907,100,3447,161537,6636,123,3448,978.2,299.4
G,3214917,157965,95,3447,1899078,38821,87,3448,978.2,299.4
R,1288278,69818,3996,3447,762204,29926,4000,3448,978.2,299.4
D,NBXX,9999,4.672e-5,3.218e-5,1.934e-5,4.890e-6,4.709e-6,3.845e-6
Y,193757,978.2,299.4,295.3,52.1,13.0,5.7,0,0000
T,2014,08,27,17,28,42
B,264535,24808,124,3447,161997,6798,79,3447,978.2,299.3
G,3214698,160016,90,3447,1908991,38949,79,3447,978.2,299.3
R,1288172,70458,3924,3447,765107,29882,3992,3447,978.2,299.3
D,NBXX,9999,4.678e-5,3.282e-5,1.980e-5,5.540e-6,4.757e-6,3.881e-6
Y,193744,978.2,299.3,295.2,51.8,13.0,5.7,0,0000
T,2014,08,27,17,33,42
B,266377,24911,92,3448,162025,6809,111,3447,978.2,299.3
G,3219335,160556,94,3448,1901595,39460,82,3447,978.2,299.3
R,1287864,71197,3936,3448,762532,30328,4045,3447,978.2,299.3
D,NBXX,9999,4.657e-5,3.291e-5,2.021e-5,5.440e-6,4.897e-6,4.116e-6
Y,193968,978.2,299.3,295.2,52.0,13.1,5.7,0,0000
T,2014,08,27,17,38,42
B,265201,24392,89,3447,160687,6722,104,3447,978.1,299.3
G,3211758,155552,67,3447,1899008,38709,91,3447,978.1,299.3
R,1286393,68789,3962,3447,764205,29949,3877,3447,978.1,299.3
D,NBXX,9999,4.535e-5,3.150e-5,1.887e-5,5.292e-6,4.698e-6,3.995e-6
Y,193566,978.1,299.3,295.2,50.4,13.1,5.7,0,0000
T,2014,08,27,17,43,42
B,265857,24196,102,3447,162519,6828,82,3448,978.1,299.3
G,3214917,156433,92,3447,1906193,38910,79,3448,978.1,299.3
R,1290261,69455,3891,3447,766102,29843,3855,3448,978.1,299.3
D,NBXX,9999,4.459e-5,3.172e-5,1.924e-5,5.593e-6,4.740e-6,3.953e-6
Y,193757,978.1,299.3,295.3,50.2,13.1,5.7,0,0000
T,2014,08,27,17,48,42
B,264881,23998,107,3447,161476,6519,118,3447,978.1,299.3
G,3215815,153096,94,3447,1901983,38007,89,3447,978.1,299.3
R,1287683,67746,3966,3447,762811,29398,3933,3447,978.1,299.3
D,NBXX,9999,4.411e-5,3.067e-5,1.815e-5,4.578e-6,4.459e-6,3.600e-6
Y,193811,978.1,299.3,295.3,49.7,13.0,5.7,0,0000
T,2014,08,27,17,53,42
B,264946,23463,98,3448,161260,6601,123,3447,978.1,299.3
G,3211563,150286,95,3448,1892281,37426,84,3447,978.1,299.3
R,1287023,67590,3939,3448,761035,29463,3861,3447,978.1,299.3
D,NBXX,9999,4.246e-5,2.987e-5,1.815e-5,4.845e-6,4.300e-6,3.722e-6
Y,193498,978.1,299.3,295.3,49.1,13.1,5.7,0,0000
T,2014,08,27,17,58,42
B,261254,23358,101,3401,158609,6601,106,3401,978.1,299.3
G,3170346,149995,106,3401,1866774,37548,63,3401,978.1,299.3
R,1271305,66943,3807,3401,750101,29103,3871,3401,978.1,299.3
D,NBXX,9999,4.319e-5,3.039e-5,1.828e-5,5.166e-6,4.487e-6,3.736e-6
Y,193655,978.1,299.3,295.3,50.2,13.0,5.7,0,0008
T,2014,08,27,18,03,42
B,265153,24027,107,3447,161490,6781,90,3448,978.1,299.3
G,3221437,155003,101,3447,1901352,38575,96,3448,978.1,299.3
R,1289584,69083,4038,3447,762045,29631,3982,3448,978.1,299.3
D,NBXX,9999,4.422e-5,3.117e-5,1.884e-5,5.456e-6,4.604e-6,3.634e-6
Y,194152,978.1,299.3,295.2,50.7,13.1,5.7,0,0000
T,2014,08,27,18,08,42
B,263604,23897,103,3426,160245,6655,102,3425,978.2,299.3
G,3198706,152531,89,3426,1882269,37604,85,3425,978.2,299.3
R,1280479,67968,3881,3426,756424,29215,3928,3425,978.2,299.3
D,NBXX,9999,4.422e-5,3.075e-5,1.856e-5,5.169e-6,4.403e-6,3.626e-6
Y,193963,978.2,299.3,295.2,49.9,13.1,5.7,0,0008
T,2014,08,27,18,13,42
B,264880,23556,124,3425,159564,6395,98,3424,978.1,299.3
G,3197742,151913,77,3425,1883138,37577,81,3424,978.1,299.3
R,1282109,67641,4074,3425,757508,29664,3944,3424,978.1,299.3
D,NBXX,9999,4.276e-5,3.058e-5,1.816e-5,4.214e-6,4.404e-6,3.737e-6
Y,193961,978.1,299.3,295.2,49.7,13.1,5.7,0,0008
T,2014,08,27,18,18,42
B,265695,23332,98,3448,161186,6592,103,3447,978.1,299.3
G,3219844,151365,92,3448,1900358,37614,55,3447,978.1,299.3
R,1286702,67852,3833,3448,764333,29307,3938,3447,978.1,299.3
D,NBXX,9999,4.193e-5,3.010e-5,1.834e-5,4.834e-6,4.340e-6,3.649e-6
Y,193999,978.1,299.3,295.2,50.0,13.0,5.7,0,0000
T,2014,08,27,18,23,42
B,264883,23550,87,3447,160669,6527,92,3447,978.1,299.3
G,3220422,152422,92,3447,1893843,38208,73,3447,978.1,299.3
R,1290080,67993,3860,3447,760471,29494,3942,3447,978.1,299.3
D,NBXX,9999,4.290e-5,3.041e-5,1.831e-5,4.766e-6,4.510e-6,3.705e-6
Y,194090,978.1,299.3,295.2,49.9,13.0,5.7,0,0000
T,2014,08,27,18,28,42
B,258208,22784,102,3361,157167,6354,88,3363,978.1,299.3
G,3136782,145266,88,3361,1849240,36739,78,3363,978.1,299.3
R,1254835,65818,3828,3361,741926,28460,3772,3363,978.1,299.3
D,NBXX,9999,4.230e-5,2.940e-5,1.810e-5,4.671e-6,4.351e-6,3.544e-6
Y,193886,978.1,299.3,295.2,49.5,13.1,5.7,0,0008
T,2014,08,27,18,33,42
B,204386,17509,72,2655,123214,5025,88,2652,978.1,299.3
G,2477464,114298,71,2655,1452461,28697,55,2652,978.1,299.3
R,991598,51419,3065,2655,586095,22554,2991,2652,978.1,299.3
D,NBXX,9999,4.016e-5,2.923e-5,1.758e-5,4.643e-6,4.246e-6,3.575e-6
Y,193853,978.1,299.3,295.2,49.4,13.0,5.7,0,0008
T,2014,08,27,18,38,42
B,258253,22486,115,3349,156084,6524,78,3350,978.1,299.3
G,3130815,146910,84,3349,1844771,36645,76,3350,978.1,299.3
R,1249728,65988,3767,3349,738877,28284,3947,3350,978.1,299.3
D,NBXX,9999,4.133e-5,3.000e-5,1.827e-5,5.198e-6,4.349e-6,3.403e-6
Y,194212,978.1,299.3,295.2,50.2,13.0,5.7,0,0008
T,2014,08,27,18,43,42
B,265293,23256,105,3447,161365,6631,106,3447,978.1,299.3
G,3212443,150325,84,3447,1893426,37686,64,3447,978.1,299.3
R,1286152,67739,4009,3447,759441,29731,3842,3447,978.1,299.3
D,NBXX,9999,4.177e-5,2.988e-5,1.823e-5,4.942e-6,4.385e-6,3.854e-6
Y,193607,978.1,299.3,295.2,50.0,13.1,5.7,0,0000
T,2014,08,27,18,48,42
B,264505,23292,91,3425,159087,6593,103,3426,978.1,299.3
G,3192450,152141,101,3425,1879498,37625,67,3426,978.1,299.3
R,1279741,69483,3861,3425,754628,29345,3902,3426,978.1,299.3
D,NBXX,9999,4.215e-5,3.073e-5,1.955e-5,4.938e-6,4.428e-6,3.738e-6
Y,193638,978.1,299.3,295.1,48.7,13.0,5.7,0,0008
T,2014,08,27,18,53,42
B,266008,22935,108,3447,161255,6314,107,3447,978.1,299.3
G,3209604,145170,83,3447,1890386,37417,55,3447,978.1,299.3
R,1286919,66781,4031,3447,758546,29324,3957,3447,978.1,299.3
D,NBXX,9999,4.059e-5,2.834e-5,1.752e-5,3.905e-6,4.316e-6,3.498e-6
Y,193436,978.1,299.3,295.1,49.2,13.1,5.7,0,0000
T,2014,08,27,18,58,42
B,264644,22980,83,3448,160366,6573,115,3447,978.1,299.3
G,3214849,148581,108,3448,1888264,37632,70,3447,978.1,299.3
R,1286009,66821,3904,3448,758034,29411,3995,3447,978.1,299.3
D,NBXX,9999,4.114e-5,2.930e-5,1.763e-5,4.864e-6,4.352e-6,3.629e-6
Y,193697,978.1,299.3,295.2,49.9,13.0,5.7,0,0000
T,2014,08,27,19,03,42
B,265885,23900,99,3447,159479,6464,115,3447,978.1,299.3
G,3212423,152429,85,3447,1890279,38194,68,3447,978.1,299.3
R,1286870,68915,3985,3447,759038,29207,3987,3447,978.1,299.3
D,NBXX,9999,4.357e-5,3.053e-5,1.884e-5,4.376e-6,4.539e-6,3.438e-6
Y,193606,978.1,299.3,295.1,49.9,13.1,5.7,0,0000
T,2014,08,27,19,08,42
B,265551,23131,128,3447,161147,6517,104,3448,978.1,299.3
G,3213785,149517,89,3447,1897535,37225,49,3448,978.1,299.3
R,1287705,67594,4058,3447,761404,29139,4013,3448,978.1,299.3
D,NBXX,9999,4.125e-5,2.962e-5,1.794e-5,4.493e-6,4.239e-6,3.313e-6
Y,193689,978.1,299.3,295.1,49.4,13.1,5.7,0,0000
T,2014,08,27,19,13,42
B,263454,23329,85,3447,159794,6617,95,3447,978.1,299.3
G,3213992,149444,85,3447,1883764,37847,85,3447,978.1,299.3
R,1286142,67774,3998,3447,755790,29451,3937,3447,978.1,299.3
D,NBXX,9999,4.260e-5,2.958e-5,1.819e-5,5.146e-6,4.421e-6,3.622e-6
Y,193701,978.1,299.3,295.1,49.5,13.1,5.7,0,0000
T,2014,08,27,19,18,42
B,264081,23161,91,3448,160139,6697,109,3447,978.0,299.3
G,3216629,152004,95,3448,1896754,38119,78,3447,978.0,299.3
R,1286055,68975,3977,3448,762493,29828,3881,3447,978.0,299.3
D,NBXX,9999,4.184e-5,3.033e-5,1.898e-5,5.280e-6,4.497e-6,3.914e-6
Y,193804,978.0,299.3,295.1,50.2,13.1,5.7,0,0000
T,2014,08,27,19,23,42
B,265698,23166,100,3447,160572,6666,96,3447,978.0,299.3
G,3211189,151109,79,3447,1889969,37870,73,3447,978.0,299.3
R,1287270,68496,3942,3447,760133,29608,3843,3447,978.0,299.3
D,NBXX,9999,4.144e-5,3.014e-5,1.871e-5,5.072e-6,4.444e-6,3.815e-6
Y,193532,978.0,299.3,295.1,50.8,13.0,5.7,0,0000
T,2014,08,27,19,28,42
B,265219,23494,108,3447,160647,6558,113,3448,978.1,299.3
G,3216574,150738,113,3447,1898146,37680,78,3448,978.1,299.3
R,1287280,68517,3955,3447,761408,29656,3842,3448,978.1,299.3
D,NBXX,9999,4.249e-5,2.994e-5,1.871e-5,4.682e-6,4.349e-6,3.831e-6
Y,193857,978.1,299.3,295.1,50.8,13.0,5.7,0,0000
T,2014,08,27,19,33,42
B,262760,23099,106,3403,158254,6423,101,3403,978.1,299.3
G,3176628,148984,89,3403,1868026,37796,70,3403,978.1,299.3
R,1273972,67384,3923,3403,750757,28997,3846,3403,978.1,299.3
D,NBXX,9999,4.198e-5,2.998e-5,1.841e-5,4.501e-6,4.545e-6,3.578e-6
Y,193926,978.1,299.3,295.1,50.5,13.1,5.7,0,0008
T,2014,08,27,19,38,42
B,247865,21848,106,3237,149977,6139,105,3233,978.0,299.3
G,3018228,139464,81,3237,1763914,34755,59,3233,978.0,299.3
R,1204135,62902,3779,3237,709739,27306,3637,3233,978.0,299.3
D,NBXX,9999,4.211e-5,2.930e-5,1.783e-5,4.728e-6,4.185e-6,3.475e-6
Y,193704,978.0,299.3,295.2,49.9,13.1,5.7,0,0008
T,2014,08,27,19,43,42
B,252474,21975,91,3291,152279,6191,85,3292,978.0,299.3
G,3069386,139627,60,3291,1796681,35398,79,3292,978.0,299.3
R,1230318,63542,3785,3291,724801,27799,3860,3292,978.0,299.3
D,NBXX,9999,4.136e-5,2.860e-5,1.732e-5,4.643e-6,4.186e-6,3.336e-6
Y,193755,978.0,299.3,295.1,49.2,13.0,5.7,0,0008
T,2014,08,27,19,48,42
B,266006,22819,85,3447,159906,6423,104,3448,978.0,299.2
G,3211685,147028,76,3447,1884236,37422,86,3448,978.0,299.2
R,1285666,67139,3911,3447,756595,29161,4010,3448,978.0,299.2
D,NBXX,9999,4.029e-5,2.888e-5,1.782e-5,4.311e-6,4.298e-6,3.453e-6
Y,193562,978.0,299.2,295.1,49.5,13.1,5.7,0,0000
T,2014,08,27,19,53,42
B,262639,22672,109,3416,158960,6555,99,3416,978.1,299.2
G,3177394,144206,63,3416,1869502,36696,63,3416,978.1,299.2
R,1274643,65444,4051,3416,750872,29298,3942,3416,978.1,299.2
D,NBXX,9999,4.066e-5,2.850e-5,1.702e-5,4.901e-6,4.212e-6,3.597e-6
Y,193231,978.1,299.2,295.0,49.7,13.0,5.7,0,0008
T,2014,08,27,19,58,42
B,264001,23023,103,3448,161194,6643,106,3447,978.1,299.2
G,3211677,146495,72,3448,1895240,37229,56,3447,978.1,299.2
R,1287384,66794,3829,3448,760584,29431,3884,3447,978.1,299.2
D,NBXX,9999,4.138e-5,2.872e-5,1.771e-5,5.074e-6,4.258e-6,3.760e-6
Y,193505,978.1,299.2,295.0,49.4,13.1,5.7,0,0000
T,2014,08,27,20,03,42
B,264825,23038,103,3447,160145,6622,103,3447,978.0,299.2
G,3213428,150088,93,3447,1885902,37881,83,3447,978.0,299.2
R,1286258,67649,3906,3447,757330,29338,3985,3447,978.0,299.2
D,NBXX,9999,4.122e-5,2.979e-5,1.814e-5,4.953e-6,4.431e-6,3.582e-6
Y,193667,978.0,299.2,295.0,50.0,13.0,5.7,0,0000
T,2014,08,27,20,08,42
B,262534,22670,101,3423,157944,6485,92,3424,978.1,299.2
G,3194324,147053,97,3423,1873330,37322,85,3424,978.1,299.2
R,1279240,66744,4017,3423,751040,29390,3865,3424,978.1,299.2
D,NBXX,9999,4.073e-5,2.912e-5,1.778e-5,4.740e-6,4.322e-6,3.685e-6
Y,193866,978.1,299.2,295.0,50.4,13.1,5.7,0,0008
T,2014,08,27,20,13,42
B,257174,22357,125,3352,155544,6558,108,3352,978.0,299.2
G,3124104,145190,102,3352,1831098,36531,66,3352,978.0,299.2
R,1251010,65694,3846,3352,736916,28283,3916,3352,978.0,299.2
D,NBXX,9999,4.105e-5,2.956e-5,1.801e-5,5.235e-6,4.338e-6,3.359e-6
Y,193620,978.0,299.2,294.9,50.2,13.1,5.7,0,0008
T,2014,08,27,20,18,42
B,264054,23193,88,3447,160157,6539,113,3447,978.1,299.2
G,3215772,151039,107,3447,1881532,37966,84,3447,978.1,299.2
R,1285013,68305,4042,3447,757450,29307,4012,3447,978.1,299.2
D,NBXX,9999,4.192e-5,3.004e-5,1.846e-5,4.772e-6,4.443e-6,3.459e-6
Y,193809,978.1,299.2,294.9,50.7,13.0,5.7,0,0000
T,2014,08,27,20,23,42
B,264562,23748,118,3448,160123,6699,112,3447,978.1,299.1
G,3211403,153778,89,3448,1887649,38427,84,3447,978.1,299.1
R,1286068,69584,3909,3448,758288,29656,3904,3447,978.1,299.1
D,NBXX,9999,4.339e-5,3.095e-5,1.939e-5,5.129e-6,4.611e-6,3.840e-6
Y,193488,978.1,299.1,294.9,51.5,13.1,5.7,0,0000
T,2014,08,27,20,28,42
B,264135,23600,118,3447,160400,6749,84,3447,978.1,299.1
G,3212316,153968,91,3447,1889232,38203,90,3447,978.1,299.1
R,1283773,69957,3909,3447,759933,29599,3918,3447,978.1,299.1
D,NBXX,9999,4.315e-5,3.099e-5,1.968e-5,5.410e-6,4.532e-6,3.813e-6
Y,193600,978.1,299.1,294.9,52.0,13.0,5.7,0,0000
T,2014,08,27,20,33,42
B,265705,23965,103,3447,159852,6822,95,3448,978.1,299.1
G,3213579,154332,107,3447,1894364,38811,71,3448,978.1,299.1
R,1283772,69176,3981,3447,759961,29683,3969,3448,978.1,299.1
D,NBXX,9999,4.385e-5,3.109e-5,1.911e-5,5.523e-6,4.712e-6,3.773e-6
Y,193676,978.1,299.1,294.8,52.0,13.1,5.7,0,0000
T,2014,08,27,20,38,42
B,265710,24195,106,3447,159212,6677,105,3447,978.2,299.1
G,3210085,157111,97,3447,1878017,38898,83,3447,978.2,299.1
R,1283534,70535,3977,3447,755527,29800,4012,3447,978.2,299.1
D,NBXX,9999,4.451e-5,3.199e-5,1.993e-5,5.038e-6,4.755e-6,3.824e-6
Y,193465,978.2,299.1,294.8,52.5,13.1,5.7,0,0000
T,2014,08,27,20,43,42
B,264307,24765,103,3448,160771,6964,87,3447,978.2,299.0
G,3214863,161572,75,3448,1886982,39743,97,3447,978.2,299.0
R,1288438,72224,3951,3448,757233,30015,3863,3447,978.2,299.0
D,NBXX,9999,4.673e-5,3.327e-5,2.092e-5,6.108e-6,4.989e-6,4.024e-6
Y,193697,978.2,299.0,294.7,52.6,13.1,5.7,0,0000
T,2014,08,27,20,48,42
B,264932,25565,103,3447,160140,6867,100,3447,978.2,299.0
G,3213219,164616,120,3447,1888729,40207,80,3447,978.2,299.0
R,1285791,72940,3895,3447,755426,30212,3801,3447,978.2,299.0
D,NBXX,9999,4.896e-5,3.422e-5,2.152e-5,5.708e-6,5.125e-6,4.252e-6
Y,193654,978.2,299.0,294.7,52.8,13.0,5.7,0,0000
T,2014,08,27,20,53,42
B,266013,24781,102,3447,159394,6945,123,3448,978.2,299.0
G,3214785,164332,104,3447,1887189,39927,80,3448,978.2,299.0
R,1285428,73002,4026,3447,757120,29890,4033,3448,978.2,299.0
D,NBXX,9999,4.617e-5,3.411e-5,2.132e-5,5.780e-6,5.035e-6,3.793e-6
Y,193749,978.2,299.0,294.7,53.3,13.0,5.7,0,0000
T,2014,08,27,20,58,42
B,265091,24998,100,3447,159802,6961,70,3447,978.3,299.0
G,3216635,163995,96,3447,1887044,40025,67,3447,978.3,299.0
R,1284091,72848,3888,3447,757873,30401,3903,3447,978.3,299.0
D,NBXX,9999,4.729e-5,3.399e-5,2.145e-5,6.102e-6,5.069e-6,4.317e-6
Y,193861,978.3,299.0,294.7,53.8,13.0,5.7,0,0000
T,2014,08,27,21,03,42
B,264300,25205,97,3448,158578,6929,100,3447,978.3,299.0
G,3219512,164325,87,3448,1882330,39993,103,3447,978.3,299.0
R,1285983,73254,3834,3448,754257,30089,3908,3447,978.3,299.0
D,NBXX,9999,4.806e-5,3.403e-5,2.168e-5,5.975e-6,5.042e-6,4.145e-6
Y,193979,978.3,299.0,294.6,54.6,13.0,5.7,0,0000
T,2014,08,27,21,08,42
B,265330,25060,106,3447,161020,6785,121,3447,978.3,298.9
G,3211422,165525,95,3447,1889290,39788,53,3447,978.3,298.9
R,1284842,73181,3920,3447,757311,29968,3880,3447,978.3,298.9
D,NBXX,9999,4.719e-5,3.454e-5,2.163e-5,5.327e-6,5.021e-6,4.036e-6
Y,193546,978.3,298.9,294.6,55.1,13.1,5.7,0,0000
T,2014,08,27,21,13,42
B,265413,25160,111,3447,160621,6764,93,3448,978.4,298.9
G,3214984,165535,86,3447,1890723,40220,62,3448,978.4,298.9
R,1286393,73549,3945,3447,759513,30068,3918,3448,978.4,298.9
D,NBXX,9999,4.755e-5,3.449e-5,2.176e-5,5.332e-6,5.137e-6,4.033e-6
Y,193761,978.4,298.9,294.6,55.2,13.0,5.7,0,0000
T,2014,08,27,21,18,42
B,264197,26332,99,3425,159943,7001,108,3426,978.5,298.9
G,3195141,173799,78,3425,1881664,41224,74,3426,978.5,298.9
R,1279319,75996,3856,3425,754389,30334,3878,3426,978.5,298.9
D,NBXX,9999,5.150e-5,3.736e-5,2.359e-5,6.143e-6,5.522e-6,4.361e-6
Y,193802,978.5,298.9,294.6,56.2,13.1,5.7,0,0008
T,2014,08,27,21,23,42
B,250871,24930,96,3278,152870,6479,98,3279,978.5,298.9
G,3058086,164239,84,3278,1808600,39163,62,3279,978.5,298.9
R,1221869,71646,3555,3278,726271,29209,3665,3279,978.5,298.9
D,NBXX,9999,5.127e-5,3.668e-5,2.311e-5,5.605e-6,5.427e-6,4.640e-6
Y,193807,978.5,298.9,294.5,56.5,13.0,5.7,0,0008
T,2014,08,27,21,28,42
B,265377,26350,83,3447,160169,7212,130,3447,978.5,298.9
G,3215584,171642,80,3447,1888259,41066,76,3447,978.5,298.9
R,1289121,75398,3794,3447,756333,30655,3878,3447,978.5,298.9
D,NBXX,9999,5.118e-5,3.635e-5,2.295e-5,6.683e-6,5.395e-6,4.507e-6
Y,193797,978.5,298.9,294.5,56.5,13.1,5.7,0,0000
T,2014,08,27,21,33,42
B,266078,25770,96,3447,161266,6950,107,3448,978.5,298.9
G,3217683,169520,87,3447,1901293,40472,68,3448,978.5,298.9
R,1286092,73798,3794,3447,763259,30369,4032,3448,978.5,298.9
D,NBXX,9999,4.923e-5,3.567e-5,2.195e-5,5.854e-6,5.201e-6,4.248e-6
Y,193924,978.5,298.9,294.5,56.4,13.0,5.7,0,0000
T,2014,08,27,21,38,42
B,265148,26182,103,3447,160796,6964,92,3447,978.6,298.9
G,3218588,172183,85,3447,1897495,40759,60,3447,978.6,298.9
R,1286886,75145,3921,3447,759197,30073,3893,3447,978.6,298.9
D,NBXX,9999,5.077e-5,3.647e-5,2.276e-5,5.990e-6,5.293e-6,4.070e-6
Y,193979,978.6,298.9,294.5,56.4,13.0,5.7,0,0000
T,2014,08,27,21,43,42
B,256722,25416,105,3344,154875,7073,73,3343,978.6,298.9
G,3120885,169659,71,3344,1822015,40032,57,3343,978.6,298.9
R,1250167,74496,3693,3344,729833,29514,3638,3343,978.6,298.9
D,NBXX,9999,5.101e-5,3.733e-5,2.390e-5,7.084e-6,5.463e-6,4.456e-6
Y,193884,978.6,298.9,294.5,56.5,13.0,5.7,0,0008
T,2014,08,27,21,48,42
B,266143,26916,114,3447,160311,6968,78,3447,978.7,298.8
G,3218241,180758,100,3447,1893353,41866,92,3447,978.7,298.8
R,1286500,78677,3882,3447,760103,31220,3840,3447,978.7,298.8
D,NBXX,9999,5.272e-5,3.906e-5,2.501e-5,5.936e-6,5.604e-6,4.846e-6
Y,193958,978.7,298.8,294.5,56.5,13.0,5.7,0,0000
T,2014,08,27,21,53,42
B,265870,27291,120,3447,160121,7067,91,3448,978.7,298.8
G,3215277,182598,113,3447,1890086,42307,77,3448,978.7,298.8
R,1286888,80152,3865,3447,759369,30780,3791,3448,978.7,298.8
D,NBXX,9999,5.389e-5,3.968e-5,2.596e-5,6.186e-6,5.748e-6,4.614e-6
Y,193779,978.7,298.8,294.5,56.7,13.1,5.7,0,0000
T,2014,08,27,21,58,42
B,264969,28949,83,3447,160033,7333,100,3447,978.7,298.8
G,3215627,194532,93,3447,1890433,43452,61,3447,978.7,298.8
R,1285412,82589,3972,3447,757043,31739,3757,3447,978.7,298.8
D,NBXX,9999,5.936e-5,4.335e-5,2.746e-5,7.180e-6,6.115e-6,5.173e-6
Y,193800,978.7,298.8,294.5,56.4,13.0,5.7,0,0000
T,2014,08,27,22,03,42
B,265250,27435,96,3448,160652,7224,97,3447,978.7,298.8
G,3219474,183443,58,3448,1894187,42527,70,3447,978.7,298.8
R,1285984,79266,3854,3448,760153,30864,3913,3447,978.7,298.8
D,NBXX,9999,5.459e-5,3.989e-5,2.536e-5,6.793e-6,5.828e-6,4.605e-6
Y,193976,978.7,298.8,294.5,56.7,13.1,5.7,0,0000
T,2014,08,27,22,08,42
B,256115,26998,91,3314,155432,7079,78,3315,978.8,298.8
G,3102628,180873,93,3314,1835581,41297,60,3315,978.8,298.8
R,1241357,77195,3682,3314,735495,30090,3662,3315,978.8,298.8
D,NBXX,9999,5.626e-5,4.118e-5,2.591e-5,7.174e-6,5.909e-6,4.899e-6
Y,194497,978.8,298.8,294.5,57.7,13.0,5.7,0,0008
T,2014,08,27,22,13,42
B,257063,27151,85,3332,155306,6994,81,3332,978.8,298.8
G,3115473,179943,103,3332,1833438,41221,67,3332,978.8,298.8
R,1250066,77432,3685,3332,735717,29828,3575,3332,978.8,298.8
D,NBXX,9999,5.644e-5,4.064e-5,2.581e-5,6.842e-6,5.829e-6,4.703e-6
Y,194246,978.8,298.8,294.4,57.5,13.1,5.7,0,0008
T,2014,08,27,22,18,42
B,253631,26891,96,3308,152886,6908,85,3313,978.8,298.8
G,3088205,183384,90,3308,1810473,41746,55,3313,978.8,298.8
R,1231599,79153,3664,3308,725426,29518,3718,3313,978.8,298.8
D,NBXX,9999,5.671e-5,4.225e-5,2.749e-5,6.769e-6,6.101e-6,4.592e-6
Y,193942,978.8,298.8,294.4,58.1,13.0,5.7,0,0008
T,2014,08,27,22,23,42
B,259365,29269,115,3361,155975,7172,91,3359,978.8,298.8
G,3140083,195292,83,3361,1848676,43441,75,3359,978.8,298.8
R,1258593,83331,3653,3361,740616,31146,3743,3359,978.8,298.8
D,NBXX,9999,6.219e-5,4.502e-5,2.913e-5,7.077e-6,6.437e-6,5.352e-6
Y,194091,978.8,298.8,294.4,59.1,13.1,5.7,0,0008
T,2014,08,27,22,28,42
B,265439,30710,94,3447,160338,7316,112,3447,978.8,298.8
G,3218619,207111,81,3447,1889336,44660,73,3447,978.8,298.8
R,1287340,87111,3813,3447,756485,31889,3797,3447,978.8,298.8
D,NBXX,9999,6.453e-5,4.715e-5,3.026e-5,7.008e-6,6.473e-6,5.329e-6
Y,193981,978.8,298.8,294.4,60.1,13.0,5.7,0,0000
T,2014,08,27,22,33,42
B,262952,29269,101,3402,158256,7073,85,3402,978.8,298.8
G,3177845,197308,96,3402,1873344,43198,87,3402,978.8,298.8
R,1271323,83054,3767,3402,750293,30987,3771,3402,978.8,298.8
D,NBXX,9999,6.102e-5,4.491e-5,2.839e-5,6.533e-6,6.183e-6,4.998e-6
Y,194057,978.8,298.8,294.4,60.4,13.0,5.7,0,0008
T,2014,08,27,22,38,42
B,263382,28354,103,3403,159844,7185,105,3404,978.8,298.8
G,3186166,190398,88,3403,1872440,42876,54,3404,978.8,298.8
R,1273132,79837,3742,3403,751501,30525,3707,3404,978.8,298.8
D,NBXX,9999,5.797e-5,4.263e-5,2.638e-5,6.759e-6,6.059e-6,4.750e-6
Y,194510,978.8,298.8,294.4,60.9,13.1,5.7,0,0008
T,2014,08,27,22,43,42
B,264170,28785,115,3425,159719,7248,93,3425,978.9,298.8
G,3199466,191402,94,3425,1884059,42505,94,3425,978.9,298.8
R,1275797,81337,3694,3425,755825,30947,3788,3425,978.9,298.8
D,NBXX,9999,5.904e-5,4.268e-5,2.720e-5,6.895e-6,5.877e-6,4.965e-6
Y,194066,978.9,298.8,294.4,61.4,13.0,5.7,0,0008
T,2014,08,27,22,48,42
B,265744,29806,107,3448,160570,7362,96,3447,978.9,298.8
G,3217478,199180,97,3448,1892473,43582,87,3447,978.9,298.8
R,1284673,83788,3690,3448,758808,31429,3769,3447,978.9,298.8
D,NBXX,9999,6.166e-5,4.473e-5,2.841e-5,7.141e-6,6.140e-6,5.188e-6
Y,193856,978.9,298.8,294.4,62.2,13.0,5.7,0,0000
T,2014,08,27,22,53,42
B,265392,29541,97,3447,160510,7224,102,3447,978.9,298.8
G,3216745,198165,60,3447,1893084,43465,64,3447,978.9,298.8
R,1287284,83490,3658,3447,759230,31192,3816,3447,978.9,298.8
D,NBXX,9999,6.098e-5,4.446e-5,2.813e-5,6.754e-6,6.125e-6,4.998e-6
Y,193868,978.9,298.8,294.4,61.9,13.0,5.7,0,0000
T,2014,08,27,22,58,42
B,265652,29856,97,3447,159125,7569,84,3448,978.9,298.8
G,3215778,202801,92,3447,1892358,44528,72,3448,978.9,298.8
R,1286605,85183,3807,3447,757773,31670,3757,3448,978.9,298.8
D,NBXX,9999,6.192e-5,4.588e-5,2.913e-5,7.848e-6,6.437e-6,5.230e-6
Y,193809,978.9,298.8,294.3,62.0,13.0,5.7,0,0000
T,2014,08,27,23,03,42
B,264863,29535,100,3447,160002,7249,94,3447,979.0,298.8
G,3213560,199536,88,3447,1889080,44116,81,3447,979.0,298.8
R,1284901,84384,3819,3447,757742,31368,3766,3447,979.0,298.8
D,NBXX,9999,6.116e-5,4.492e-5,2.868e-5,6.892e-6,6.322e-6,5.053e-6
Y,193675,979.0,298.8,294.3,61.7,13.0,5.7,0,0000
T,2014,08,27,23,08,42
B,265625,29544,92,3448,160228,7277,78,3447,979.0,298.7
G,3217234,201068,100,3448,1887572,44144,61,3447,979.0,298.7
R,1285941,84863,3822,3448,758317,31027,3787,3447,979.0,298.7
D,NBXX,9999,6.101e-5,4.533e-5,2.892e-5,7.007e-6,6.322e-6,4.819e-6
Y,193841,979.0,298.7,294.3,61.9,13.0,5.7,0,0000
T,2014,08,27,23,13,42
B,265274,30809,76,3447,160352,7466,106,3447,979.0,298.7
G,3219336,208999,77,3447,1895728,44792,109,3447,979.0,298.7
R,1286326,87267,3733,3447,756473,32166,3687,3447,979.0,298.7
D,NBXX,9999,6.497e-5,4.771e-5,3.052e-5,7.567e-6,6.499e-6,5.647e-6
Y,194024,979.0,298.7,294.3,63.0,13.0,5.7,0,0000
T,2014,08,27,23,18,42
B,265297,31427,95,3447,161044,7467,100,3448,979.0,298.8
G,3218545,213889,80,3447,1895060,45732,61,3448,979.0,298.8
R,1286202,89010,3744,3447,760792,32022,3729,3448,979.0,298.8
D,NBXX,9999,6.681e-5,4.924e-5,3.157e-5,7.515e-6,6.802e-6,5.516e-6
Y,193977,979.0,298.8,294.3,63.2,13.0,5.7,0,0000
T,2014,08,27,23,23,42
B,264291,31497,123,3447,161256,7506,128,3447,979.0,298.7
G,3219127,215505,74,3447,1900186,45350,88,3447,979.0,298.7
R,1283201,89018,3821,3447,760571,32265,3761,3447,979.0,298.7
D,NBXX,9999,6.720e-5,4.972e-5,3.161e-5,7.527e-6,6.679e-6,5.627e-6
Y,194012,979.0,298.7,294.3,62.9,13.1,5.7,0,0000
T,2014,08,27,23,28,42
B,265326,30695,117,3448,161171,7651,100,3447,978.9,298.8
G,3217836,211003,70,3448,1900538,44978,65,3447,978.9,298.8
R,1286744,88242,3829,3448,761189,31864,3829,3447,978.9,298.8
D,NBXX,9999,6.448e-5,4.837e-5,3.094e-5,8.012e-6,6.584e-6,5.291e-6
Y,193877,978.9,298.8,294.3,63.2,13.0,5.7,0,0000
T,2014,08,27,23,33,42
B,265297,30646,99,3447,160704,7528,68,3447,978.9,298.8
G,3217212,208952,81,3447,1888802,44596,64,3447,978.9,298.8
R,1284584,87462,3740,3447,758778,31934,3614,3447,978.9,298.8
D,NBXX,9999,6.451e-5,4.775e-5,3.076e-5,7.808e-6,6.462e-6,5.570e-6
Y,193896,978.9,298.8,294.3,63.2,13.0,5.7,0,0000
T,2014,08,27,23,38,42
B,265262,31141,82,3447,161448,7354,80,3448,978.9,298.7
G,3217451,212730,64,3447,1891851,45119,73,3448,978.9,298.7
R,1284039,88935,3793,3447,758364,32202,3762,3448,978.9,298.7
D,NBXX,9999,6.606e-5,4.891e-5,3.154e-5,7.289e-6,6.621e-6,5.593e-6
Y,193910,978.9,298.7,294.3,63.3,13.0,5.7,0,0000
T,2014,08,27,23,43,42
B,265865,30380,88,3447,160937,7603,88,3447,978.8,298.7
G,3218645,206634,78,3447,1893807,44880,66,3447,978.8,298.7
R,1284632,86575,3717,3447,759159,31489,3791,3447,978.8,298.7
D,NBXX,9999,6.347e-5,4.701e-5,3.010e-5,7.958e-6,6.544e-6,5.185e-6
Y,193983,978.8,298.7,294.3,62.7,13.0,5.7,0,0000
T,2014,08,27,23,48,43
B,265595,30856,89,3448,160294,7570,86,3447,978.8,298.7
G,3218644,207544,112,3448,1894666,44806,84,3447,978.8,298.7
R,1284867,87008,3751,3448,759648,31705,3778,3447,978.8,298.7
D,NBXX,9999,6.502e-5,4.727e-5,3.034e-5,7.890e-6,6.506e-6,5.306e-6
Y,193926,978.8,298.7,294.3,62.9,13.0,5.7,0,0000
T,2014,08,27,23,53,42
B,265695,30483,104,3447,160508,7470,108,3447,978.8,298.7
G,3221473,204964,91,3447,1891171,44839,68,3447,978.8,298.7
R,1282298,86319,3625,3447,758898,31783,3660,3447,978.8,298.7
D,NBXX,9999,6.372e-5,4.644e-5,3.019e-5,7.437e-6,6.514e-6,5.552e-6
Y,194154,978.8,298.7,294.3,63.2,13.0,5.7,0,0000
T,2014,08,27,23,58,43
B,264282,30385,108,3447,160325,7345,105,3448,978.8,298.7
G,3219296,204644,72,3447,1901124,44764,74,3448,978.8,298.7
R,1285452,85703,3560,3447,761073,31625,3689,3448,978.8,298.7
D,NBXX,9999,6.391e-5,4.639e-5,2.971e-5,7.161e-6,6.501e-6,5.440e-6
Y,194022,978.8,298.7,294.3,63.2,13.0,5.7,0,0000
