T,2014,04,09,16,28,11
B,62766,4489,23,689,38260,1414,19,690,983.1,297.7
G,800188,28951,21,689,471307,8326,10,690,983.1,297.7
R,319176,13224,499,689,187103,5632,515,690,983.1,297.7
D,NBXX,6355,2.961e-5,1.910e-5,1.138e-5,3.961e-6,2.887e-6,2.548e-6
Y,241497,983.1,297.7,293.4,27.6,13.0,5.9,0,0000
T,2014,04,09,16,29,11
B,63012,4564,19,690,37725,1452,13,689,983.1,297.7
G,804228,29137,16,690,469586,8236,26,689,983.1,297.7
R,319982,13183,563,690,188282,5654,551,689,983.1,297.7
D,NBXX,6295,3.053e-5,1.913e-5,1.093e-5,4.609e-6,2.739e-6,2.329e-6
Y,242369,983.1,297.7,293.4,27.3,13.1,5.9,0,0000
T,2014,04,09,16,30,11
B,62805,4553,13,689,38576,1506,24,690,983.1,297.8
G,801017,29413,12,689,472816,8447,23,690,983.1,297.8
R,318499,13325,519,689,188486,5770,605,690,983.1,297.8
D,NBXX,6235,3.051e-5,1.962e-5,1.138e-5,5.262e-6,3.019e-6,2.595e-6
Y,241748,983.1,297.8,293.5,28.1,13.0,5.9,0,0000
T,2014,04,09,16,31,11
B,63060,4472,21,690,38096,1412,28,689,983.1,297.8
G,801069,28848,32,690,468271,8446,16,689,983.1,297.8
R,319605,13082,556,690,187486,5760,551,689,983.1,297.8
D,NBXX,6175,2.899e-5,1.891e-5,1.074e-5,3.794e-6,3.029e-6,2.617e-6
Y,241412,983.1,297.8,293.5,27.6,13.0,5.9,0,0000
T,2014,04,09,16,32,11
B,62746,4451,20,689,38391,1509,23,690,983.1,297.9
G,797923,28826,18,689,469049,8091,10,690,983.1,297.9
R,318788,13117,530,689,187876,5659,562,690,983.1,297.9
D,NBXX,6115,2.910e-5,1.905e-5,1.094e-5,5.227e-6,2.631e-6,2.407e-6
Y,240810,983.1,297.9,293.5,26.8,13.0,5.9,0,0000
T,2014,04,09,16,33,11
B,62960,4515,28,690,37865,1438,23,689,983.1,297.9
G,802033,28697,20,690,469288,8266,19,689,983.1,297.9
R,320031,13371,551,690,187676,5595,540,689,983.1,297.9
D,NBXX,6055,2.963e-5,1.869e-5,1.144e-5,4.141e-6,2.808e-6,2.249e-6
Y,241704,983.1,297.9,293.6,26.7,13.0,5.9,0,0000
T,2014,04,09,16,34,11
B,63229,4466,26,689,38078,1435,4,690,983.1,297.9
G,799698,28573,24,689,469121,8324,15,690,983.1,297.9
R,320365,12832,556,689,188502,5815,595,690,983.1,297.9
D,NBXX,5995,2.904e-5,1.864e-5,9.953e-6,4.292e-6,2.879e-6,2.565e-6
Y,241348,983.1,297.9,293.6,26.5,13.1,5.9,0,0000
T,2014,04,09,16,35,11
B,62797,4574,10,689,38132,1385,16,689,983.1,298.0
G,798729,29133,29,689,469078,8410,14,689,983.1,298.0
R,318729,13400,553,689,187761,5546,601,689,983.1,298.0
D,NBXX,5935,3.099e-5,1.937e-5,1.145e-5,3.852e-6,3.007e-6,1.979e-6
Y,241054,983.1,298.0,293.6,26.8,13.1,5.9,0,0000
T,2014,04,09,16,36,11
B,62708,4445,14,690,38600,1346,22,689,983.1,298.0
G,800179,28421,22,690,469348,8181,12,689,983.1,298.0
R,319748,13217,605,690,188403,5701,604,689,983.1,298.0
D,NBXX,5875,2.919e-5,1.844e-5,1.076e-5,3.223e-6,2.734e-6,2.184e-6
Y,241142,983.1,298.0,293.7,26.3,13.0,5.9,0,0000
T,2014,04,09,16,37,11
B,63055,4508,17,689,38270,1445,19,690,983.1,298.1
G,798434,28146,17,689,472537,8256,23,690,983.1,298.1
R,319667,12935,594,689,187866,5573,528,690,983.1,298.1
D,NBXX,5815,2.971e-5,1.817e-5,1.034e-5,4.398e-6,2.810e-6,2.087e-6
Y,240965,983.1,298.1,293.7,26.0,13.1,5.9,0,0000
T,2014,04,09,16,38,11
B,63432,4474,11,690,38284,1499,22,689,983.1,298.1
G,799089,28159,22,690,474163,8267,26,689,983.1,298.1
R,320368,12919,606,690,189005,5556,578,689,983.1,298.1
D,NBXX,5755,2.894e-5,1.815e-5,1.006e-5,5.108e-6,2.834e-6,1.884e-6
Y,240812,983.1,298.1,293.7,25.9,13.1,5.9,0,0000
T,2014,04,09,16,39,11
B,63093,4515,19,689,38299,1341,22,690,983.1,298.1
G,798278,28693,25,689,472176,8493,18,690,983.1,298.1
R,319227,13150,627,689,188775,5852,547,690,983.1,298.1
D,NBXX,5695,2.969e-5,1.885e-5,1.075e-5,2.920e-6,3.100e-6,2.628e-6
Y,240918,983.1,298.1,293.7,25.9,13.0,5.9,0,0000
T,2014,04,09,16,40,11
B,63049,4384,24,690,38242,1427,17,689,983.1,298.2
G,799602,28595,12,690,473262,8463,10,689,983.1,298.2
R,319992,13117,549,690,189504,5806,563,689,983.1,298.2
D,NBXX,5635,2.797e-5,1.870e-5,1.077e-5,4.136e-6,3.106e-6,2.701e-6
Y,240968,983.1,298.2,293.8,26.0,13.1,5.9,0,0000
T,2014,04,09,16,41,11
B,62986,4447,25,689,38146,1425,24,690,983.1,298.2
G,796641,28690,20,689,472351,8225,19,690,983.1,298.2
R,319142,13296,532,689,188419,5672,590,690,983.1,298.2
D,NBXX,5575,2.875e-5,1.892e-5,1.126e-5,3.949e-6,2.796e-6,2.343e-6
Y,240421,983.1,298.2,293.8,26.0,13.0,5.9,0,0000
T,2014,04,09,16,42,11
B,63414,4435,15,690,38233,1481,20,689,983.1,298.2
G,799686,29253,25,690,471258,8548,20,689,983.1,298.2
R,322625,13718,611,690,188258,5784,597,689,983.1,298.2
D,NBXX,5515,2.841e-5,1.947e-5,1.171e-5,4.842e-6,3.177e-6,2.292e-6
Y,240993,983.1,298.2,293.8,26.3,13.0,5.9,0,0000
T,2014,04,09,16,43,11
B,62774,4503,25,689,38333,1435,17,690,983.1,298.2
G,800505,28853,13,689,473969,8131,20,690,983.1,298.2
R,320455,12785,527,689,189668,5690,559,690,983.1,298.2
D,NBXX,5455,2.981e-5,1.896e-5,1.001e-5,4.255e-6,2.641e-6,2.443e-6
Y,241593,983.1,298.2,293.8,25.9,13.1,5.9,0,0000
T,2014,04,09,16,44,11
B,63253,4432,22,690,38366,1442,14,689,983.1,298.3
G,799818,28383,32,690,470721,8229,31,689,983.1,298.3
R,318895,13030,555,690,188391,5655,540,689,983.1,298.3
D,NBXX,5395,2.853e-5,1.840e-5,1.071e-5,4.369e-6,2.770e-6,2.421e-6
Y,241033,983.1,298.3,293.8,25.7,13.0,5.9,0,0000
T,2014,04,09,16,45,11
B,62614,4410,17,689,38066,1446,14,689,983.2,298.3
G,799177,28451,17,689,471944,8505,12,689,983.2,298.3
R,319997,13036,571,689,188530,5608,575,689,983.2,298.3
D,NBXX,5335,2.891e-5,1.856e-5,1.048e-5,4.664e-6,3.152e-6,2.110e-6
Y,241190,983.2,298.3,293.9,25.9,13.1,5.9,0,0000
T,2014,04,09,16,46,11
B,62828,4432,13,689,38834,1418,36,690,983.2,298.3
G,800354,27916,32,689,473389,8418,18,690,983.2,298.3
R,319187,13151,604,689,189423,5622,520,690,983.2,298.3
D,NBXX,5275,2.873e-5,1.782e-5,1.090e-5,3.915e-6,2.984e-6,2.215e-6
Y,241547,983.2,298.3,293.9,25.7,13.1,5.9,0,0000
T,2014,04,09,16,47,11
B,63132,4415,27,690,38210,1449,13,689,983.2,298.4
G,798841,28243,26,690,472299,8193,19,689,983.2,298.4
R,321611,13052,560,690,188944,5430,566,689,983.2,298.4
D,NBXX,5215,2.835e-5,1.829e-5,1.043e-5,4.436e-6,2.763e-6,1.704e-6
Y,240737,983.2,298.4,293.9,25.2,13.1,5.9,0,0000
T,2014,04,09,16,48,11
B,62755,4403,21,689,38443,1381,26,690,983.2,298.4
G,798456,28209,22,689,473934,8223,29,690,983.2,298.4
R,320511,13085,559,689,189361,5674,570,690,983.2,298.4
D,NBXX,5155,2.844e-5,1.826e-5,1.061e-5,3.471e-6,2.767e-6,2.283e-6
Y,240972,983.2,298.4,293.9,24.9,13.1,5.9,0,0000
T,2014,04,09,16,49,11
B,62904,4310,25,690,38424,1422,29,689,983.2,298.4
G,800130,27887,19,690,472220,8230,16,689,983.2,298.4
R,319190,12849,555,690,189916,5601,594,689,983.2,298.4
D,NBXX,5095,2.694e-5,1.781e-5,1.009e-5,3.923e-6,2.807e-6,2.128e-6
Y,241128,983.2,298.4,293.9,24.6,13.1,5.9,0,0000
T,2014,04,09,16,50,11
B,63162,4276,14,689,38254,1417,19,690,983.2,298.4
G,796589,27462,19,689,472147,7902,28,690,983.2,298.4
R,319365,12715,635,689,189554,5655,621,690,983.2,298.4
D,NBXX,5035,2.658e-5,1.742e-5,9.464e-6,4.053e-6,2.401e-6,1.918e-6
Y,240406,983.2,298.4,294.0,24.6,13.1,5.9,0,0000
T,2014,04,09,16,51,11
B,63835,4321,15,690,38618,1417,14,689,983.2,298.4
G,800572,27522,20,690,470700,8135,22,689,983.2,298.4
R,320312,12773,551,690,189211,5425,575,689,983.2,298.4
D,NBXX,4975,2.663e-5,1.733e-5,9.880e-6,3.974e-6,2.674e-6,1.732e-6
Y,241261,983.2,298.4,294.0,24.7,13.1,5.9,0,0000
T,2014,04,09,16,52,11
B,62657,4159,8,689,38351,1436,19,690,983.2,298.5
G,798930,27109,14,689,471242,7995,20,690,983.2,298.5
R,319561,12850,587,689,188944,5557,578,690,983.2,298.5
D,NBXX,4915,2.555e-5,1.691e-5,1.002e-5,4.551e-6,2.505e-6,1.931e-6
Y,241115,983.2,298.5,294.0,24.4,13.1,5.9,0,0000
T,2014,04,09,16,53,11
B,63016,4171,24,690,38299,1449,28,689,983.2,298.5
G,800225,27408,25,690,470377,8173,28,689,983.2,298.5
R,320723,12673,570,690,189485,5655,584,689,983.2,298.5
D,NBXX,4855,2.501e-5,1.719e-5,9.527e-6,4.284e-6,2.710e-6,2.195e-6
Y,241156,983.2,298.5,294.0,24.6,13.1,5.9,0,0000
T,2014,04,09,16,54,11
B,63011,4290,16,689,38246,1404,18,689,983.2,298.5
G,797943,27473,23,689,469039,8068,24,689,983.2,298.5
R,319675,12645,563,689,188892,5926,619,689,983.2,298.5
D,NBXX,4795,2.688e-5,1.738e-5,9.473e-6,3.935e-6,2.603e-6,2.787e-6
Y,240816,983.2,298.5,294.0,24.7,13.1,5.9,0,0000
T,2014,04,09,16,55,11
B,62785,4316,16,689,38345,1362,31,690,983.2,298.5
G,798510,27320,21,689,471406,8104,23,690,983.2,298.5
R,320278,12943,631,689,188250,5584,621,690,983.2,298.5
D,NBXX,4735,2.724e-5,1.717e-5,9.947e-6,3.207e-6,2.630e-6,1.730e-6
Y,240988,983.2,298.5,294.1,24.7,13.0,5.9,0,0000
T,2014,04,09,16,56,11
B,63058,4339,25,690,38618,1409,13,689,983.2,298.6
G,799889,27800,17,690,472200,8069,19,689,983.2,298.6
R,320596,13144,617,690,189292,5642,591,689,983.2,298.6
D,NBXX,4675,2.744e-5,1.771e-5,1.052e-5,3.953e-6,2.610e-6,2.017e-6
Y,241055,983.2,298.6,294.1,25.4,13.1,5.9,0,0000
T,2014,04,09,16,57,11
B,62718,4179,22,689,38319,1430,17,690,983.2,298.6
G,797519,27547,25,689,469453,8269,13,690,983.2,298.6
R,320756,13086,616,689,188831,5807,624,690,983.2,298.6
D,NBXX,4615,2.558e-5,1.750e-5,1.028e-5,4.265e-6,2.854e-6,2.284e-6
Y,240688,983.2,298.6,294.1,25.0,13.1,5.9,0,0000
T,2014,04,09,16,58,11
B,62290,4220,29,690,38559,1396,20,689,983.2,298.6
G,799776,27104,20,690,472161,7985,20,689,983.2,298.6
R,320225,12906,590,690,189065,5641,550,689,983.2,298.6
D,NBXX,4555,2.636e-5,1.686e-5,1.016e-5,3.829e-6,2.502e-6,2.217e-6
Y,241020,983.2,298.6,294.1,24.9,13.1,5.9,0,0000
T,2014,04,09,16,59,11
B,63334,4340,25,689,38484,1452,13,690,983.2,298.6
G,798476,27041,18,689,473810,8028,11,690,983.2,298.6
R,319260,12931,627,689,190379,5704,609,690,983.2,298.6
D,NBXX,4495,2.720e-5,1.685e-5,1.005e-5,4.392e-6,2.559e-6,2.096e-6
Y,240978,983.2,298.6,294.1,25.0,13.1,5.9,0,0000
T,2014,04,09,17,00,11
B,63261,4131,23,690,38313,1446,22,689,983.2,298.6
G,798997,26627,18,690,471882,8057,10,689,983.2,298.6
R,321027,12851,644,690,188603,5467,603,689,983.2,298.6
D,NBXX,4435,2.437e-5,1.632e-5,9.670e-6,4.280e-6,2.618e-6,1.473e-6
Y,240785,983.2,298.6,294.1,24.6,13.1,5.9,0,0000
T,2014,04,09,17,01,11
B,62911,4191,18,689,38478,1425,20,690,983.2,298.6
G,799340,26983,34,689,473010,7908,12,690,983.2,298.6
R,319653,12460,643,689,189930,5527,613,690,983.2,298.6
D,NBXX,4375,2.559e-5,1.672e-5,8.824e-6,4.156e-6,2.376e-6,1.601e-6
Y,241240,983.2,298.6,294.2,24.4,13.1,5.9,0,0000
T,2014,04,09,17,02,11
B,63310,4181,21,690,38491,1409,18,689,983.2,298.7
G,799622,26894,18,690,470104,7971,24,689,983.2,298.7
R,321133,12996,643,690,189464,5750,608,689,983.2,298.7
D,NBXX,4315,2.511e-5,1.660e-5,9.998e-6,3.879e-6,2.484e-6,2.139e-6
Y,240974,983.2,298.7,294.2,24.4,13.1,5.9,0,0000
T,2014,04,09,17,03,11
B,63363,4261,18,689,38555,1384,9,690,983.2,298.7
G,798701,27634,17,689,472621,7877,13,690,983.2,298.7
R,319945,12927,646,689,189911,5630,620,690,983.2,298.7
D,NBXX,4255,2.632e-5,1.757e-5,9.898e-6,3.662e-6,2.369e-6,1.812e-6
Y,241046,983.2,298.7,294.2,25.4,13.0,5.9,0,0000
T,2014,04,09,17,04,11
B,63403,4239,13,689,37925,1387,17,689,983.3,298.7
G,797903,27137,27,689,470399,8007,34,689,983.3,298.7
R,319070,12788,569,689,189509,5385,618,689,983.3,298.7
D,NBXX,4195,2.594e-5,1.694e-5,9.856e-6,3.671e-6,2.508e-6,1.486e-6
Y,240804,983.3,298.7,294.2,24.6,13.1,5.9,0,0000
T,2014,04,09,17,05,11
B,63008,4149,15,690,38691,1431,16,689,983.3,298.7
G,798737,27107,32,690,471202,8144,16,689,983.3,298.7
R,319880,13024,578,690,189588,5673,568,689,983.3,298.7
D,NBXX,4135,2.507e-5,1.689e-5,1.046e-5,4.385e-6,2.700e-6,2.288e-6
Y,240706,983.3,298.7,294.2,24.2,13.1,5.9,0,0000
T,2014,04,09,17,06,11
B,63232,4219,17,689,38150,1420,15,690,983.3,298.7
G,798786,26921,24,689,474660,8019,17,690,983.3,298.7
R,319808,13026,588,689,189318,5673,610,690,983.3,298.7
D,NBXX,4075,2.580e-5,1.667e-5,1.033e-5,4.102e-6,2.526e-6,2.110e-6
Y,241072,983.3,298.7,294.2,24.2,13.1,5.9,0,0000
T,2014,04,09,17,07,11
B,62975,4198,25,690,38691,1360,21,689,983.3,298.7
G,799464,26090,24,690,473152,7980,22,689,983.3,298.7
R,322256,12550,606,690,189382,5696,651,689,983.3,298.7
D,NBXX,4015,2.553e-5,1.561e-5,8.817e-6,3.209e-6,2.491e-6,1.957e-6
Y,240926,983.3,298.7,294.2,23.9,13.1,5.9,0,0000
T,2014,04,09,17,08,11
B,63198,4078,14,689,38362,1420,19,690,983.3,298.8
G,797196,26307,16,689,473205,7830,31,690,983.3,298.8
R,319641,12511,577,689,190068,5666,589,690,983.3,298.8
D,NBXX,3955,2.393e-5,1.597e-5,9.199e-6,4.097e-6,2.305e-6,2.188e-6
Y,240590,983.3,298.8,294.2,23.3,13.1,5.9,0,0000
T,2014,04,09,17,09,11
B,62912,4017,18,690,38534,1429,30,689,983.3,298.8
G,799019,26347,23,690,469978,7835,22,689,983.3,298.8
R,320663,12487,620,690,188242,5585,574,689,983.3,298.8
D,NBXX,3895,2.312e-5,1.595e-5,8.973e-6,4.122e-6,2.320e-6,1.916e-6
Y,240791,983.3,298.8,294.3,23.4,13.1,5.9,0,0000
T,2014,04,09,17,10,11
B,63191,4099,23,689,38175,1361,22,690,983.3,298.8
G,797454,25878,21,689,470154,7836,11,690,983.3,298.8
R,320919,12234,569,689,189043,5678,587,690,983.3,298.8
D,NBXX,3835,2.403e-5,1.545e-5,8.454e-6,3.126e-6,2.330e-6,2.204e-6
Y,240668,983.3,298.8,294.3,23.4,13.1,5.9,0,0000
T,2014,04,09,17,11,11
B,63630,4088,40,690,37795,1358,13,689,983.3,298.8
G,795847,26598,18,690,469397,7845,5,689,983.3,298.8
R,320004,12679,646,690,188178,5663,609,689,983.3,298.8
D,NBXX,3775,2.339e-5,1.642e-5,9.321e-6,2.894e-6,2.402e-6,1.955e-6
Y,239831,983.3,298.8,294.3,23.3,13.1,5.9,0,0000
T,2014,04,09,17,12,11
B,62542,4017,21,689,38009,1372,19,690,983.3,298.8
G,797823,26382,34,689,469449,7874,28,690,983.3,298.8
R,321000,12573,648,689,187407,5561,618,690,983.3,298.8
D,NBXX,3715,2.356e-5,1.602e-5,8.956e-6,3.534e-6,2.330e-6,1.613e-6
Y,240780,983.3,298.8,294.3,22.9,13.1,5.9,0,0000
T,2014,04,09,17,13,11
B,63030,4186,31,690,38415,1402,32,689,983.3,298.8
G,798440,25678,27,690,467941,7827,33,689,983.3,298.8
R,319930,12463,579,690,188764,5525,602,689,983.3,298.8
D,NBXX,3655,2.506e-5,1.513e-5,9.013e-6,3.493e-6,2.295e-6,1.831e-6
Y,240616,983.3,298.8,294.3,22.6,13.1,5.9,0,0000
T,2014,04,09,17,14,11
B,63139,3992,20,689,37965,1412,23,689,983.3,298.8
G,795594,25823,30,689,467079,7913,16,689,983.3,298.8
R,320482,12493,663,689,188348,5578,600,689,983.3,298.8
D,NBXX,3595,2.267e-5,1.544e-5,8.813e-6,3.879e-6,2.442e-6,1.695e-6
Y,240104,983.3,298.8,294.3,22.4,13.1,5.9,0,0000
T,2014,04,09,17,15,11
B,62890,4100,28,689,38189,1323,23,690,983.3,298.9
G,798165,25947,24,689,468372,8022,16,690,983.3,298.9
R,320069,12499,645,689,188480,5577,622,690,983.3,298.9
D,NBXX,3535,2.421e-5,1.550e-5,8.853e-6,2.607e-6,2.539e-6,1.677e-6
Y,240883,983.3,298.9,294.3,22.3,13.1,5.9,0,0000
T,2014,04,09,17,16,11
B,63403,3996,30,690,38429,1413,31,689,983.3,298.9
G,798575,25890,24,690,468304,7883,7,689,983.3,298.9
R,320414,12414,638,690,187661,5665,583,689,983.3,298.9
D,NBXX,3475,2.223e-5,1.542e-5,8.743e-6,3.565e-6,2.404e-6,2.042e-6
Y,240657,983.3,298.9,294.3,22.4,13.1,5.9,0,0000
T,2014,04,09,17,17,11
B,63456,4048,34,689,38565,1444,18,690,983.3,298.9
G,797653,25553,31,689,468441,7919,14,690,983.3,298.9
R,319619,12578,603,689,188030,5613,606,690,983.3,298.9
D,NBXX,3415,2.302e-5,1.502e-5,9.243e-6,4.048e-6,2.412e-6,1.941e-6
Y,240728,983.3,298.9,294.4,22.6,13.1,5.9,0,0000
T,2014,04,09,17,18,11
B,62749,4112,18,690,37797,1434,26,689,983.3,298.9
G,798290,26097,22,690,468659,7897,23,689,983.3,298.9
R,320165,12583,577,690,187801,5537,616,689,983.3,298.9
D,NBXX,3355,2.460e-5,1.567e-5,9.249e-6,4.300e-6,2.405e-6,1.819e-6
Y,240571,983.3,298.9,294.4,22.8,13.1,5.9,0,0000
T,2014,04,09,17,19,11
B,62772,4265,24,689,38017,1410,27,690,983.3,298.9
G,794529,27322,24,689,467381,8121,17,690,983.3,298.9
R,320985,13049,634,689,188178,5753,670,690,983.3,298.9
D,NBXX,3295,2.653e-5,1.735e-5,9.997e-6,3.807e-6,2.705e-6,1.968e-6
Y,239781,983.3,298.9,294.4,23.1,13.1,5.9,0,0000
T,2014,04,09,17,20,11
B,63131,4215,29,690,38154,1372,10,689,983.2,298.9
G,799103,27245,26,690,467412,7963,22,689,983.2,298.9
R,319483,12638,614,690,189138,5693,659,689,983.2,298.9
D,NBXX,3235,2.572e-5,1.705e-5,9.216e-6,3.435e-6,2.472e-6,1.993e-6
Y,240817,983.2,298.9,294.4,23.9,13.1,5.9,0,0000
T,2014,04,09,17,21,11
B,63394,4370,25,689,38309,1421,36,690,983.2,298.9
G,797809,28079,31,689,468283,7968,12,690,983.2,298.9
R,319925,13323,611,689,188828,5776,653,690,983.2,298.9
D,NBXX,3175,2.722e-5,1.814e-5,1.086e-5,3.621e-6,2.473e-6,2.169e-6
Y,240775,983.2,298.9,294.4,24.1,13.1,5.9,0,0000
T,2014,04,09,17,22,11
B,63508,4159,17,690,38117,1383,39,689,983.3,298.9
G,798046,26507,20,690,469564,8063,21,689,983.3,298.9
R,320508,12960,664,690,188766,5748,642,689,983.3,298.9
D,NBXX,3115,2.439e-5,1.619e-5,9.813e-6,3.213e-6,2.619e-6,2.001e-6
Y,240497,983.3,298.9,294.4,24.1,13.1,5.9,0,0000
T,2014,04,09,17,23,11
B,63358,4123,17,689,38258,1426,28,689,983.3,298.9
G,797239,26840,15,689,468592,8085,20,689,983.3,298.9
R,320784,12828,593,689,188057,5660,659,689,983.3,298.9
D,NBXX,3055,2.421e-5,1.664e-5,9.624e-6,3.972e-6,2.650e-6,1.914e-6
Y,240603,983.3,298.9,294.4,23.9,13.1,5.9,0,0000
T,2014,04,09,17,24,11
B,62747,4385,23,689,38345,1467,27,690,983.3,299.0
G,795078,27281,18,689,466945,8132,27,690,983.3,299.0
R,319490,13117,631,689,187813,5807,643,690,983.3,299.0
D,NBXX,2995,2.821e-5,1.727e-5,1.037e-5,4.610e-6,2.706e-6,2.230e-6
Y,239947,983.3,299.0,294.4,24.7,13.1,5.9,0,0000
T,2014,04,09,17,25,11
B,63242,4210,15,690,37989,1416,21,689,983.3,299.0
G,797947,27190,21,690,467148,7993,27,689,983.3,299.0
R,320848,12865,619,690,187900,5694,600,689,983.3,299.0
D,NBXX,2935,2.563e-5,1.703e-5,9.797e-6,4.052e-6,2.523e-6,2.103e-6
Y,240467,983.3,299.0,294.4,23.7,13.1,5.9,0,0000
T,2014,04,09,17,26,11
B,63169,4192,24,689,38326,1398,30,690,983.3,299.0
G,797688,26977,32,689,469916,8015,14,690,983.3,299.0
R,319572,12809,673,689,188612,5721,611,690,983.3,299.0
D,NBXX,2875,2.518e-5,1.678e-5,9.596e-6,3.500e-6,2.528e-6,1.992e-6
Y,240739,983.3,299.0,294.4,24.4,13.1,5.9,0,0000
T,2014,04,09,17,27,11
B,63413,4159,20,690,38067,1392,22,689,983.3,299.0
G,797190,26859,28,690,466595,8014,22,689,983.3,299.0
R,320836,12572,605,690,187888,5788,669,689,983.3,299.0
D,NBXX,2815,2.471e-5,1.665e-5,8.940e-6,3.590e-6,2.556e-6,2.176e-6
Y,240237,983.3,299.0,294.5,24.1,13.1,5.9,0,0000
B,62625,4256,22,690,38366,1427,21,689,983.4,299.0
G,796908,26366,23,689,469372,8069,7,690,983.4,299.0
R,319768,12808,647,689,188392,5754,636,690,983.4,299.0
D,NBXX,2635,2.499e-5,1.608e-5,9.579e-6,3.244e-6,2.627e-6,2.068e-6
Y,240502,983.4,299.0,294.5,24.9,13.1,5.9,0,0000
T,2014,04,09,17,30,11
B,63187,4171,32,689,37996,1371,15,690,983.4,299.0

R,320066,12574,696,690,189013,5637,666,689,983.4,299.0
D,NBXX,2575,2.321e-5,1.605e-5,8.764e-6,4.060e-6,2.269e-6,1.590e-6
Y,240019,983.4,299.0,294.5,23.6,13.1,5.9,0,0000
T,2014,04,09,17,31,11
B,62710,4024,27,690,38057,1434,34,689,983.4,299.0
G,796469,26354,28,690,468466,7775,22,689,983.4,299.0









T,2014,04,09,17,32,11
B,63261,4153,23,689,37806,1353,17,690,983.4,299.0
G,795982,26075,21,689,468605,7817,16,690,983.4,299.0
R,320319,12649,614,689,188397,5715,688,690,983.4,299.0
D,NBXX,2515,2.479e-5,1.575e-5,9.096e-6,3.091e-6,2.318e-6,1.904e-6
Y,240221,983.4,299.0,294.5,23.6,13.1,5.9,0,0000
T,2014,04,09,17,33,11
B,63051,4037,23,689,38234,1431,37,689,983.4,299.1
G,797001,26237,27,689,465678,7939,18,689,983.4,299.1
R,319858,12706,725,689,188236,5727,638,689,983.4,299.1
D,NBXX,2455,2.312e-5,1.592e-5,9.127e-6,3.909e-6,2.472e-6,1.807e-6
Y,240530,983.4,299.1,294.5,23.4,13.1,5.9,0,0000
T,2014,04,09,17,34,11
B,63742,4160,16,690,38455,1404,17,689,983.4,299.1
G,797852,26274,33,690,466621,7850,14,689,983.4,299.1
R,319819,12670,673,690,187818,5738,620,689,983.4,299.1
D,NBXX,2395,2.458e-5,1.593e-5,9.236e-6,3.795e-6,2.363e-6,2.049e-6
Y,240438,983.4,299.1,294.5,24.1,13.1,5.9,0,0000
T,2014,04,09,17,35,11
B,63363,4043,15,689,38381,1431,21,690,983.4,299.1
G,797733,25998,21,689,470154,7992,20,690,983.4,299.1
R,319471,12504,686,689,187990,5689,682,690,983.4,299.1
D,NBXX,2335,2.330e-5,1.560e-5,8.661e-6,4.163e-6,2.520e-6,1.696e-6
Y,240752,983.4,299.1,294.5,23.7,13.1,5.9,0,0000
T,2014,04,09,17,36,11
B,63460,3946,18,690,38135,1334,19,689,983.4,299.1
G,797104,25852,17,690,465616,7786,15,689,983.4,299.1
R,320355,12468,632,690,187804,5745,670,689,983.4,299.1
D,NBXX,2275,2.191e-5,1.546e-5,8.680e-6,2.881e-6,2.314e-6,2.023e-6
Y,240211,983.4,299.1,294.5,22.9,13.1,5.9,0,0000
T,2014,04,09,17,37,11
B,62995,4183,22,689,38286,1324,14,690,983.4,299.1
G,796012,26565,40,689,469884,7882,27,690,983.4,299.1
R,319317,12853,679,689,188555,5671,627,690,983.4,299.1
D,NBXX,2215,2.549e-5,1.634e-5,9.690e-6,2.839e-6,2.368e-6,1.832e-6
Y,240231,983.4,299.1,294.6,23.6,13.1,5.9,0,0000
T,2014,04,09,17,38,11
B,63117,4185,27,690,38414,1368,25,689,983.5,299.1
G,797748,25800,37,690,467747,7797,16,689,983.5,299.1
R,320543,12408,610,690,188379,5628,636,689,983.5,299.1
D,NBXX,2155,2.516e-5,1.534e-5,8.675e-6,3.197e-6,2.290e-6,1.892e-6
Y,240406,983.5,299.1,294.6,23.3,13.1,5.9,0,0000
T,2014,04,09,17,39,11
B,63284,4187,20,689,38038,1452,22,690,983.5,299.1
G,794878,26127,32,689,467357,8022,21,690,983.5,299.1
R,319480,12799,683,689,187789,5733,649,690,983.5,299.1
D,NBXX,2095,2.520e-5,1.586e-5,9.473e-6,4.373e-6,2.575e-6,1.903e-6
Y,239887,983.5,299.1,294.6,23.1,13.1,5.9,0,0000
T,2014,04,09,17,40,11
B,63292,4161,20,690,37825,1393,14,689,983.4,299.1
G,797466,25896,11,690,467427,7817,15,689,983.4,299.1
R,320714,12525,668,690,186846,5757,702,689,983.4,299.1
D,NBXX,2035,2.497e-5,1.551e-5,8.598e-6,3.761e-6,2.357e-6,1.850e-6
Y,240321,983.4,299.1,294.6,22.8,13.1,5.9,0,0000
T,2014,04,09,17,41,11
B,63381,4235,24,689,38221,1410,18,690,983.4,299.1
G,795754,25809,26,689,469698,8076,18,690,983.4,299.1
R,320559,12594,647,689,189165,5756,669,690,983.4,299.1
D,NBXX,1975,2.575e-5,1.544e-5,8.932e-6,3.786e-6,2.644e-6,1.969e-6
Y,240152,983.4,299.1,294.6,22.8,13.1,5.9,0,0000
T,2014,04,09,17,42,11
B,63359,4194,21,690,38193,1422,24,689,983.4,299.1
G,797436,25964,26,690,467323,7811,19,689,983.4,299.1
R,320682,12892,686,690,187974,5847,642,689,983.4,299.1
D,NBXX,1915,2.518e-5,1.557e-5,9.600e-6,3.959e-6,2.323e-6,2.186e-6
Y,240312,983.4,299.1,294.6,23.1,13.1,5.9,0,0000
T,2014,04,09,17,43,11
B,63720,4080,24,689,38080,1367,35,689,983.4,299.2
G,795748,25980,27,689,467750,7898,18,689,983.4,299.2
R,319704,12359,698,689,188713,5714,686,689,983.4,299.2
D,NBXX,1855,2.314e-5,1.565e-5,8.244e-6,2.885e-6,2.437e-6,1.722e-6
Y,240151,983.4,299.2,294.6,23.3,13.1,5.9,0,0000
T,2014,04,09,17,44,11
B,63864,4141,25,689,38639,1444,16,690,983.4,299.2
G,796188,25843,26,689,468491,7790,17,690,983.4,299.2
R,319848,12546,677,689,188672,5823,646,690,983.4,299.2
D,NBXX,1795,2.410e-5,1.547e-5,8.856e-6,4.113e-6,2.287e-6,2.133e-6
Y,240284,983.4,299.2,294.6,22.9,13.0,5.9,0,0000
T,2014,04,09,17,45,11
B,63147,4137,32,690,38482,1381,19,689,983.4,299.2
G,795782,25821,23,690,466682,7829,19,689,983.4,299.2
R,320700,12419,638,690,187942,5821,736,689,983.4,299.2
D,NBXX,1735,2.451e-5,1.546e-5,8.333e-6,3.379e-6,2.369e-6,1.994e-6
Y,239811,983.4,299.2,294.6,22.6,13.1,5.9,0,0000
T,2014,04,09,17,46,11
B,63457,4075,16,689,38615,1393,30,690,983.4,299.2
G,794846,26128,28,689,469432,7802,22,690,983.4,299.2
R,320630,12597,662,689,188344,5857,596,690,983.4,299.2
D,NBXX,1675,2.350e-5,1.587e-5,9.095e-6,3.476e-6,2.308e-6,2.372e-6
Y,239877,983.4,299.2,294.6,22.9,13.1,5.9,0,0000
T,2014,04,09,17,47,11
B,63445,4080,31,690,38242,1396,38,689,983.4,299.2
G,797569,25762,32,690,468124,7782,24,689,983.4,299.2
R,319627,12498,688,690,187764,5780,682,689,983.4,299.2
D,NBXX,1615,2.322e-5,1.530e-5,8.622e-6,3.217e-6,2.269e-6,1.940e-6
Y,240352,983.4,299.2,294.6,23.1,13.1,5.9,0,0000
T,2014,04,09,17,48,11
B,63336,4011,19,689,38197,1397,27,690,983.4,299.2
G,796327,26244,28,689,467800,7975,21,690,983.4,299.2
R,320318,12609,639,689,187793,5646,641,690,983.4,299.2
D,NBXX,1555,2.275e-5,1.595e-5,9.089e-6,3.564e-6,2.505e-6,1.813e-6
Y,240326,983.4,299.2,294.6,23.1,13.1,5.9,0,0000
T,2014,04,09,17,49,11
B,62721,4077,25,690,38507,1378,11,689,983.4,299.2
G,795526,25918,30,690,469698,7901,20,689,983.4,299.2
R,321406,12315,654,690,189177,5616,685,689,983.4,299.2
D,NBXX,1495,2.430e-5,1.558e-5,8.123e-6,3.693e-6,2.450e-6,1.576e-6
Y,239734,983.4,299.2,294.6,23.3,13.1,5.9,0,0000
T,2014,04,09,17,50,11
B,63282,4158,26,689,38226,1369,36,690,983.4,299.2
G,796269,25880,14,689,466536,7902,20,690,983.4,299.2
R,319822,12406,688,689,187236,5593,705,690,983.4,299.2
D,NBXX,1435,2.451e-5,1.553e-5,8.326e-6,2.959e-6,2.437e-6,1.384e-6
Y,240308,983.4,299.2,294.7,22.4,13.1,5.9,0,0000
T,2014,04,09,17,51,11
B,62892,4150,19,690,38174,1424,26,689,983.4,299.2
G,797600,25839,25,690,467277,7833,24,689,983.4,299.2
R,319948,12717,700,690,188121,5810,676,689,983.4,299.2
D,NBXX,1375,2.500e-5,1.540e-5,9.107e-6,4.122e-6,2.342e-6,1.985e-6
Y,240362,983.4,299.2,294.7,22.1,13.1,5.9,0,0000
T,2014,04,09,17,52,11
B,63123,3967,19,689,38119,1410,32,689,983.4,299.2
G,794183,25812,21,689,466950,7876,23,689,983.4,299.2
R,318225,12809,644,689,187547,5936,735,689,983.4,299.2
D,NBXX,1315,2.226e-5,1.551e-5,9.470e-6,3.747e-6,2.430e-6,2.320e-6
Y,239676,983.4,299.2,294.7,22.0,13.1,5.9,0,0000
T,2014,04,09,17,53,11
B,63815,4006,21,689,38378,1361,15,690,983.4,299.2
G,795219,25694,22,689,466762,7820,31,690,983.4,299.2
R,320016,12541,657,689,187094,5805,676,690,983.4,299.2
D,NBXX,1255,2.243e-5,1.531e-5,8.802e-6,3.107e-6,2.321e-6,2.057e-6
Y,239990,983.4,299.2,294.7,21.8,13.1,5.9,0,0000
T,2014,04,09,17,54,11
B,63299,4048,27,690,38175,1409,29,689,983.4,299.2
G,796294,25626,19,690,467061,7864,25,689,983.4,299.2
R,319537,12434,715,690,188001,5809,659,689,983.4,299.2
D,NBXX,1195,2.312e-5,1.520e-5,8.464e-6,3.633e-6,2.404e-6,2.002e-6
Y,239966,983.4,299.2,294.7,22.1,13.1,5.9,0,0000
T,2014,04,09,17,55,11
B,62816,4065,28,689,38160,1361,33,690,983.3,299.2
G,795090,25481,22,689,468118,7757,15,690,983.3,299.2
R,320229,12547,709,689,188299,5753,638,690,983.3,299.2
D,NBXX,1135,2.368e-5,1.508e-5,8.760e-6,2.995e-6,2.268e-6,1.885e-6
Y,239951,983.3,299.2,294.7,22.3,13.1,5.9,0,0000
T,2014,04,09,17,56,11
B,63686,4161,19,690,38141,1356,11,689,983.4,299.2
G,796045,26120,18,690,466987,7832,7,689,983.4,299.2
R,320764,12873,693,690,188818,5768,671,689,983.4,299.2
D,NBXX,1075,2.469e-5,1.584e-5,9.448e-6,3.220e-6,2.394e-6,1.892e-6
Y,239891,983.4,299.2,294.7,23.1,13.1,5.9,0,0000
T,2014,04,09,17,57,11
B,62990,3991,33,689,38133,1390,14,690,983.4,299.2
G,795648,25472,31,689,467374,7856,25,690,983.4,299.2
R,319624,12485,730,689,188527,5848,644,690,983.4,299.2
D,NBXX,1015,2.275e-5,1.501e-5,8.586e-6,3.553e-6,2.356e-6,2.058e-6
Y,240120,983.4,299.2,294.7,22.9,13.1,5.9,0,0000
T,2014,04,09,17,58,11
B,63171,3846,18,690,37750,1351,22,689,983.4,299.2
G,795620,25283,26,690,467481,7821,21,689,983.4,299.2
R,320105,12563,678,690,188920,5829,693,689,983.4,299.2
D,NBXX,955,2.077e-5,1.480e-5,8.737e-6,3.141e-6,2.354e-6,2.040e-6
Y,239762,983.4,299.2,294.7,22.4,13.1,5.9,0,0000
T,2014,04,09,17,59,11
B,62898,3971,32,689,38343,1478,20,690,983.4,299.3
G,794017,26191,22,689,466954,7886,24,690,983.4,299.3
R,321408,12785,629,689,187919,5948,664,690,983.4,299.3
D,NBXX,895,2.251e-5,1.599e-5,9.384e-6,4.694e-6,2.427e-6,2.466e-6
Y,239626,983.4,299.3,294.7,23.1,13.1,5.9,0,0000
T,2014,04,09,18,00,11
B,63118,3958,28,690,37921,1402,34,689,983.4,299.3
G,796603,25355,20,690,466818,7779,17,689,983.4,299.3
R,320620,12194,671,690,188432,5797,700,689,983.4,299.3
D,NBXX,835,2.200e-5,1.486e-5,7.806e-6,3.511e-6,2.305e-6,1.947e-6
Y,240060,983.4,299.3,294.7,22.9,13.1,5.9,0,0000
T,2014,04,09,18,01,11
B,63214,4011,19,689,38072,1326,28,690,983.5,299.3
G,794467,25578,14,689,467226,7858,32,690,983.5,299.3
R,319066,12683,706,689,189286,5899,697,690,983.5,299.3
D,NBXX,775,2.286e-5,1.521e-5,9.030e-6,2.650e-6,2.387e-6,2.118e-6
Y,239762,983.5,299.3,294.7,22.9,13.1,5.9,0,0000
T,2014,04,09,18,02,11
B,63045,4012,32,689,38251,1403,20,689,983.5,299.3
G,791493,24983,24,689,467202,7940,20,689,983.5,299.3
R,320307,12333,673,689,188267,5548,662,689,983.5,299.3
D,NBXX,715,2.294e-5,1.459e-5,8.269e-6,3.674e-6,2.543e-6,1.440e-6
Y,238860,983.5,299.3,294.7,22.6,13.1,5.9,0,0000
T,2014,04,09,18,03,11
B,63567,3885,16,690,38489,1412,23,689,983.5,299.3
G,796260,24761,19,690,467818,7828,17,689,983.5,299.3
R,319786,12215,679,690,187300,5734,735,689,983.5,299.3
D,NBXX,655,2.101e-5,1.414e-5,7.804e-6,3.873e-6,2.371e-6,1.700e-6
Y,239956,983.5,299.3,294.7,21.6,13.1,5.9,0,0000
T,2014,04,09,18,04,11
B,63425,4018,25,689,38339,1384,24,690,983.5,299.3
G,796691,24685,30,689,468074,7559,22,690,983.5,299.3
R,319742,12487,717,689,187821,5572,690,690,983.5,299.3
D,NBXX,595,2.275e-5,1.401e-5,8.489e-6,3.333e-6,1.983e-6,1.296e-6
Y,240436,983.5,299.3,294.7,21.0,13.1,5.9,0,0000
T,2014,04,09,18,05,11
B,63325,3947,23,690,37824,1427,30,689,983.5,299.3
G,796335,23997,31,690,465156,7788,25,689,983.5,299.3
R,320758,12342,722,690,188195,5789,696,689,983.5,299.3
D,NBXX,535,2.182e-5,1.316e-5,8.021e-6,3.926e-6,2.292e-6,1.792e-6
Y,239979,983.5,299.3,294.7,20.8,13.1,5.9,0,0000
T,2014,04,09,18,06,11
B,63036,3932,30,689,38492,1408,24,690,983.5,299.3
G,794382,24113,32,689,467136,7658,14,690,983.5,299.3
R,319150,12511,707,689,188986,5789,674,690,983.5,299.3
D,NBXX,475,2.184e-5,1.340e-5,8.668e-6,3.686e-6,2.141e-6,1.911e-6
Y,239736,983.5,299.3,294.7,20.8,13.1,5.9,0,0000
T,2014,04,09,18,07,11
B,63356,3995,29,690,38061,1347,26,689,983.5,299.3
G,794520,24517,19,690,466475,7592,21,689,983.5,299.3
R,320583,11977,689,690,189060,5871,640,689,983.5,299.3
D,NBXX,415,2.240e-5,1.390e-5,7.404e-6,2.819e-6,2.094e-6,2.244e-6
Y,239429,983.5,299.3,294.8,20.8,13.1,5.9,0,0000
T,2014,04,09,18,08,11
B,62767,4075,22,689,38081,1388,30,690,983.5,299.3
G,794847,25597,13,689,466710,7761,21,690,983.5,299.3
R,319676,13107,680,689,187905,5797,668,690,983.5,299.3
D,NBXX,355,2.402e-5,1.523e-5,1.015e-5,3.525e-6,2.280e-6,2.006e-6
Y,239877,983.5,299.3,294.8,21.5,13.1,5.9,0,0000
T,2014,04,09,18,09,11
B,63473,4091,22,690,38401,1465,24,689,983.5,299.3
G,796531,25488,28,690,467309,7825,30,689,983.5,299.3
R,319297,12838,684,690,187396,5738,713,689,983.5,299.3
D,NBXX,295,2.372e-5,1.500e-5,9.396e-6,4.498e-6,2.332e-6,1.773e-6
Y,240038,983.5,299.3,294.8,22.4,13.1,5.9,0,0000
T,2014,04,09,18,10,11
B,63093,4211,18,689,37991,1373,17,690,983.6,299.3
G,794078,25126,41,689,464759,7908,15,690,983.6,299.3
R,319840,12629,726,689,187583,5942,734,690,983.6,299.3
D,NBXX,235,2.582e-5,1.462e-5,8.676e-6,3.496e-6,2.426e-6,2.036e-6
Y,239644,983.6,299.3,294.8,22.0,13.1,5.9,0,0000
T,2014,04,09,18,11,11
B,62657,3988,24,690,37986,1396,19,689,983.5,299.3
G,795141,25038,17,690,468656,7803,19,689,983.5,299.3
R,320006,12648,763,690,188642,5926,721,689,983.5,299.3
D,NBXX,175,2.308e-5,1.453e-5,8.635e-6,3.858e-6,2.354e-6,1.961e-6
Y,239617,983.5,299.3,294.8,22.0,13.1,5.9,0,0000
T,2014,04,09,18,12,11
B,62814,3927,17,689,37891,1414,25,689,983.5,299.3
G,794263,25301,25,689,466013,7599,28,689,983.5,299.3
R,318327,12305,695,689,187614,5766,697,689,983.5,299.3
D,NBXX,115,2.214e-5,1.486e-5,8.203e-6,4.044e-6,2.073e-6,1.868e-6
Y,239700,983.5,299.3,294.8,21.6,13.1,5.9,0,0000
T,2014,04,09,18,13,11
B,62615,4157,39,689,38264,1395,20,690,983.5,299.3
G,794375,25482,26,689,468488,7841,21,690,983.5,299.3
R,319391,12610,721,689,189245,5615,690,690,983.5,299.3
D,NBXX,55,2.515e-5,1.509e-5,8.804e-6,3.554e-6,2.366e-6,1.399e-6
Y,239734,983.5,299.3,294.8,22.3,13.1,5.9,0,0000
T,2014,04,09,18,14,11
B,62927,4135,34,690,38382,1407,25,689,983.5,299.3
G,797101,25679,14,690,465650,7680,25,689,983.5,299.3
R,319877,12437,744,690,188123,5752,690,689,983.5,299.3
D,BBXX,25,2.980e-5,1.635e-5,1.768e-5,1.421e-5,7.238e-6,8.172e-6
Y,240210,983.5,299.3,294.8,22.4,13.1,5.9,0,0000
T,2014,04,09,18,15,11
B,38200,1520,7,413,23313,691,14,414,983.4,299.3
G,477104,8768,15,413,281914,3573,12,414,983.4,299.3
R,191781,5556,440,413,113667,3073,443,414,983.4,299.3
D,ZBXX,265,3.304e-5,1.802e-5,1.821e-5,1.469e-5,7.287e-6,8.195e-6
Y,240210,983.4,299.3,294.8,25.0,13.1,5.9,0,0000
T,2014,04,09,18,16,11
B,101687,3853,28,1103,61846,1851,40,1103,983.3,299.3
G,1276396,22497,39,1103,751653,9501,34,1103,983.3,299.3
R,513185,14605,1136,1103,301904,8106,1157,1103,983.3,299.3
D,ZBXX,205,3.132e-5,1.728e-5,1.793e-5,1.470e-5,7.260e-6,8.166e-6
Y,240625,983.3,299.3,294.8,25.0,13.1,5.9,0,0000
T,2014,04,09,18,17,11
B,164784,6274,58,1792,99864,3065,63,1793,983.3,299.3
G,2074416,35916,63,1792,1220443,15379,61,1793,983.3,299.3
R,834503,23335,1857,1792,490002,13250,1838,1793,983.3,299.3
D,ZBXX,145,3.141e-5,1.697e-5,1.759e-5,1.496e-5,7.223e-6,8.260e-6
Y,240708,983.3,299.3,294.8,24.7,13.1,5.9,0,0000
T,2014,04,09,18,18,11
B,228221,8688,73,2482,138295,4273,100,2482,983.3,299.3
G,2872398,49343,81,2482,1689203,21295,83,2482,983.3,299.3
R,1157142,32193,2547,2482,678438,18321,2543,2482,983.3,299.3
D,ZBXX,85,3.139e-5,1.684e-5,1.750e-5,1.505e-5,7.230e-6,8.257e-6
Y,240644,983.3,299.3,294.8,24.4,13.1,5.9,0,0000
T,2014,04,09,18,19,11
B,291514,11015,101,3171,176358,5431,133,3172,983.3,299.3
G,3669111,62857,105,3171,2158782,27098,103,3172,983.3,299.3
R,1477750,41177,3252,3171,867342,23376,3255,3172,983.3,299.3
D,ZBXX,25,3.110e-5,1.679e-5,1.753e-5,1.493e-5,7.201e-6,8.239e-6
Y,240600,983.3,299.3,294.7,24.2,13.1,5.9,0,0000
T,2014,04,09,18,20,11
B,62928,4082,31,690,38308,1400,28,689,983.5,299.3
G,796830,25606,12,690,465835,7689,25,689,983.5,299.3
R,320133,12453,736,690,188106,5725,717,689,983.5,299.3
D,NBXX,9635,2.273e-5,1.479e-5,8.346e-6,2.880e-6,2.246e-6,1.504e-6
Y,240128,983.5,299.3,294.8,22.4,13.1,5.9,0,0000
Z,3.110e-5,1.678e-5,1.758e-5,1.500e-5,7.210e-6,8.226e-6,2.466e-5,1.081e-5,4.043e-6
T,2014,04,09,18,21,11
B,62765,4064,19,689,38206,1429,27,689,983.5,299.4
G,793407,25722,22,689,467943,7870,25,689,983.5,299.4
R,320473,12570,663,689,188620,5917,727,689,983.5,299.4
D,NBXX,9575,2.283e-5,1.505e-5,8.779e-6,3.493e-6,2.483e-6,2.115e-6
Y,239441,983.5,299.4,294.8,23.1,13.1,5.9,0,0000
T,2014,04,09,18,22,11
B,62856,4073,32,689,39045,1476,18,690,983.6,299.4
G,795050,26335,28,689,470072,8014,19,690,983.6,299.4
R,319375,12880,754,689,189643,5792,710,690,983.6,299.4
D,NBXX,9515,2.281e-5,1.572e-5,9.415e-6,4.007e-6,2.613e-6,1.624e-6
Y,239939,983.6,299.4,294.8,23.4,13.1,5.9,0,0000
T,2014,04,09,18,23,11
B,63323,4096,17,690,38455,1406,29,689,983.6,299.4
G,793555,26254,16,690,470235,7940,27,689,983.6,299.4
R,320234,12721,725,690,188289,5873,698,689,983.6,299.4
D,NBXX,9455,2.278e-5,1.569e-5,9.067e-6,3.050e-6,2.574e-6,1.942e-6
Y,239137,983.6,299.4,294.8,23.4,13.1,5.9,0,0000
T,2014,04,09,18,24,11
B,62936,4117,33,689,38256,1384,31,690,983.6,299.4
G,793058,26097,35,689,469440,7960,26,690,983.6,299.4
R,318788,12626,658,689,188715,5819,671,690,983.6,299.4
D,NBXX,9395,2.312e-5,1.549e-5,9.227e-6,2.533e-6,2.551e-6,2.087e-6
Y,239335,983.6,299.4,294.8,23.6,13.1,5.9,0,0000
T,2014,04,09,18,25,11
B,63664,4027,29,690,38433,1401,17,689,983.6,299.4
G,796933,25863,23,690,470686,7902,30,689,983.6,299.4
R,320490,12511,700,690,189985,5857,650,689,983.6,299.4
D,NBXX,9335,2.158e-5,1.505e-5,8.744e-6,2.887e-6,2.471e-6,2.100e-6
Y,240160,983.6,299.4,294.8,23.3,13.1,5.9,0,0000
T,2014,04,09,18,26,11
B,63090,4166,34,689,38437,1419,36,690,983.6,299.4
G,795091,26452,31,689,469445,8201,37,690,983.6,299.4
R,320127,12739,709,689,190420,5897,706,690,983.6,299.4
D,NBXX,9275,2.355e-5,1.583e-5,9.148e-6,2.864e-6,2.814e-6,1.991e-6
Y,239951,983.6,299.4,294.8,23.1,13.1,5.9,0,0000
T,2014,04,09,18,27,11
B,62733,4123,30,690,38140,1490,24,689,983.6,299.4
G,794240,26024,43,690,467923,7957,14,689,983.6,299.4
R,320747,12733,680,690,190160,5748,637,689,983.6,299.4
D,NBXX,9215,2.353e-5,1.535e-5,9.348e-6,4.227e-6,2.567e-6,1.921e-6
Y,239344,983.6,299.4,294.8,22.8,13.0,5.9,0,0000
T,2014,04,09,18,28,11
B,62716,4143,37,689,38533,1396,27,690,983.6,299.4
G,794727,25965,29,689,467189,7922,32,690,983.6,299.4
R,320461,12714,654,689,188068,5932,748,690,983.6,299.4
D,NBXX,9155,2.366e-5,1.525e-5,9.096e-6,2.755e-6,2.483e-6,2.100e-6
Y,239841,983.6,299.4,294.8,22.8,13.1,5.9,0,0000
T,2014,04,09,18,29,11
B,63177,3996,24,690,38446,1371,25,689,983.6,299.4
G,795572,25928,25,690,466646,7832,17,689,983.6,299.4
R,321266,12830,726,690,187367,5866,725,689,983.6,299.4
D,NBXX,9095,2.152e-5,1.520e-5,9.166e-6,2.577e-6,2.417e-6,1.814e-6
Y,239748,983.6,299.4,294.8,22.6,13.1,5.9,0,0000
T,2014,04,09,18,30,11
B,63144,4248,18,689,38451,1350,17,690,983.7,299.4
G,794888,26049,27,689,468197,7933,18,690,983.7,299.4
R,319474,12585,713,689,189450,5780,739,690,983.7,299.4
D,NBXX,9035,2.513e-5,1.538e-5,8.727e-6,2.470e-6,2.518e-6,1.626e-6
Y,239890,983.7,299.4,294.9,22.6,13.1,5.9,0,0000
T,2014,04,09,18,31,11
B,63239,4250,36,689,38459,1469,24,689,983.6,299.4
G,794263,26020,20,689,468205,7963,30,689,983.6,299.4
R,320030,12648,691,689,188282,5745,753,689,983.6,299.4
D,NBXX,8975,2.469e-5,1.536e-5,8.853e-6,3.671e-6,2.570e-6,1.564e-6
Y,239700,983.6,299.4,294.9,22.6,13.0,5.9,0,0000
T,2014,04,09,18,32,11
B,63157,4222,20,690,38292,1430,23,689,983.6,299.4
G,795383,26801,25,690,466965,7956,21,689,983.6,299.4
R,320470,12549,709,690,187840,5834,706,689,983.6,299.4
D,NBXX,8915,2.465e-5,1.628e-5,8.656e-6,3.465e-6,2.567e-6,1.863e-6
Y,239690,983.6,299.4,294.9,22.8,13.1,5.9,0,0000
T,2014,04,09,18,33,11
B,63033,4306,29,689,38172,1418,10,690,983.7,299.4
G,794674,26892,22,689,466265,8140,22,690,983.7,299.4
R,321228,13046,734,689,188090,5879,733,690,983.7,299.4
D,NBXX,8855,2.595e-5,1.643e-5,9.649e-6,3.348e-6,2.778e-6,1.767e-6
Y,239825,983.7,299.4,294.9,23.4,13.1,5.9,0,0000
T,2014,04,09,18,34,11
B,63114,4203,27,690,38260,1349,33,689,983.7,299.4
G,795651,26567,11,690,466697,8148,12,689,983.7,299.4
R,320871,12960,705,690,189073,6028,669,689,983.7,299.4
D,NBXX,8795,2.418e-5,1.602e-5,9.725e-6,2.129e-6,2.835e-6,2.432e-6
Y,239771,983.7,299.4,294.9,24.9,13.1,5.9,0,0000
T,2014,04,09,18,35,11
B,62986,4184,19,689,38279,1424,20,690,983.7,299.4
G,794366,26504,29,689,467278,8176,26,690,983.7,299.4
R,320082,12912,711,689,188956,5916,680,690,983.7,299.4
D,NBXX,8735,2.436e-5,1.595e-5,9.635e-6,3.442e-6,2.811e-6,2.105e-6
Y,239731,983.7,299.4,294.9,23.9,13.1,5.9,0,0000
T,2014,04,09,18,36,11
B,62877,4196,21,690,38156,1375,21,689,983.7,299.4
G,795877,26683,27,690,467736,8030,27,689,983.7,299.4
R,320827,13037,723,690,189093,5933,730,689,983.7,299.4
D,NBXX,8675,2.457e-5,1.611e-5,9.695e-6,2.823e-6,2.641e-6,1.984e-6
Y,239840,983.7,299.4,294.9,23.7,13.1,5.9,0,0000
T,2014,04,09,18,37,11
B,62836,4231,23,689,38280,1378,28,690,983.7,299.4
G,794898,26821,30,689,468193,8012,20,690,983.7,299.4
R,320744,12739,670,689,188050,5918,690,690,983.7,299.4
D,NBXX,8615,2.494e-5,1.632e-5,9.249e-6,2.682e-6,2.608e-6,2.175e-6
Y,239893,983.7,299.4,294.9,24.2,13.1,5.9,0,0000
T,2014,04,09,18,38,11
B,63439,4406,30,690,37995,1400,27,689,983.7,299.4
G,795165,27258,32,690,467008,8000,16,689,983.7,299.4
R,320849,12739,728,690,187667,6153,773,689,983.7,299.4
D,NBXX,8555,2.664e-5,1.686e-5,8.843e-6,2.767e-6,2.622e-6,2.379e-6
Y,239624,983.7,299.4,294.9,24.9,13.1,5.9,0,0000
T,2014,04,09,18,39,11
B,63310,4211,32,689,38625,1459,17,690,983.7,299.5
G,793555,26587,23,689,468871,8100,22,690,983.7,299.5
R,319081,12980,777,689,189781,5994,720,690,983.7,299.5
D,NBXX,8495,2.428e-5,1.610e-5,9.590e-6,3.659e-6,2.741e-6,2.028e-6
Y,239486,983.7,299.5,294.9,23.9,13.1,5.9,0,0000
T,2014,04,09,18,40,11
B,63285,4202,23,689,38046,1437,35,689,983.7,299.5
G,795187,27512,28,689,467631,7941,21,689,983.7,299.5
R,320649,13192,710,689,188546,5930,738,689,983.7,299.5
D,NBXX,8435,2.404e-5,1.717e-5,1.010e-5,3.262e-6,2.533e-6,1.979e-6
Y,239980,983.7,299.5,294.9,24.1,13.1,5.9,0,0000
T,2014,04,09,18,41,11
B,63079,4308,28,690,38764,1412,31,689,983.7,299.5
G,796274,27272,36,690,466358,7961,19,689,983.7,299.5
R,319472,12890,750,690,187500,5936,744,689,983.7,299.5
D,NBXX,8375,2.563e-5,1.682e-5,9.341e-6,2.998e-6,2.550e-6,1.920e-6
Y,239960,983.7,299.5,294.9,24.7,13.1,5.9,0,0000
T,2014,04,09,18,42,11
B,62634,4254,27,689,38253,1443,36,690,983.7,299.5
G,795162,27086,27,689,466706,8055,24,690,983.7,299.5
R,320443,13176,763,689,188606,5831,718,690,983.7,299.5
D,NBXX,8315,2.524e-5,1.664e-5,9.990e-6,3.427e-6,2.657e-6,1.637e-6
Y,239973,983.7,299.5,294.9,24.4,13.0,5.9,0,0000
T,2014,04,09,18,43,11
B,63576,4374,16,690,38288,1441,23,689,983.7,299.5
G,798029,27011,31,690,468700,7985,22,689,983.7,299.5
R,320590,12997,719,690,188568,5849,698,689,983.7,299.5
D,NBXX,8255,2.636e-5,1.642e-5,9.719e-6,3.551e-6,2.560e-6,1.890e-6
Y,240491,983.7,299.5,294.9,23.9,13.1,5.9,0,0000
T,2014,04,09,18,44,11
B,63140,4224,21,689,38261,1446,23,690,983.7,299.5
G,795930,26881,28,689,466746,8062,35,690,983.7,299.5
R,320201,13008,732,689,187502,6126,676,690,983.7,299.5
D,NBXX,8195,2.468e-5,1.634e-5,9.809e-6,3.614e-6,2.639e-6,2.559e-6
Y,240206,983.7,299.5,294.9,23.6,13.1,5.9,0,0000
T,2014,04,09,18,45,11
B,63391,4339,21,690,38099,1444,21,689,983.8,299.5
G,797001,26888,23,690,468928,8028,23,689,983.8,299.5
R,319724,13091,671,690,189141,5968,753,689,983.8,299.5
D,NBXX,8135,2.602e-5,1.632e-5,1.000e-5,3.599e-6,2.636e-6,2.185e-6
Y,240180,983.8,299.5,294.9,24.1,13.1,5.9,0,0000
T,2014,04,09,18,46,11
B,63387,4251,26,689,38325,1415,17,690,983.7,299.5
G,795572,27099,31,689,468041,7931,25,690,983.7,299.5
R,321081,12884,754,689,188072,5839,739,690,983.7,299.5
D,NBXX,8075,2.484e-5,1.663e-5,9.200e-6,3.144e-6,2.491e-6,1.603e-6
Y,240097,983.7,299.5,294.9,23.9,13.1,5.9,0,0000
T,2014,04,09,18,47,11
B,63139,4251,33,690,38247,1443,29,689,983.7,299.5
G,795497,26623,28,690,467401,7948,29,689,983.7,299.5
R,321549,12590,744,690,187767,5999,694,689,983.7,299.5
D,NBXX,8015,2.476e-5,1.604e-5,8.602e-6,3.350e-6,2.540e-6,2.162e-6
Y,239725,983.7,299.5,294.9,23.6,13.1,5.9,0,0000
T,2014,04,09,18,48,11
B,62769,4296,35,689,38209,1433,28,690,983.8,299.5
G,794258,26929,33,689,467598,8089,29,690,983.8,299.5
R,320133,12809,746,689,188491,5912,765,690,983.8,299.5
D,NBXX,7955,2.569e-5,1.647e-5,9.049e-6,3.253e-6,2.694e-6,1.758e-6
Y,239699,983.8,299.5,294.9,23.4,13.1,5.9,0,0000
T,2014,04,09,18,49,11
B,63219,4274,29,690,38251,1379,32,689,983.8,299.5
G,796860,27360,29,690,465217,8138,15,689,983.8,299.5
R,320184,12909,735,690,188423,5831,718,689,983.8,299.5
D,NBXX,7895,2.502e-5,1.692e-5,9.441e-6,2.486e-6,2.777e-6,1.758e-6
Y,240138,983.8,299.5,294.9,23.9,13.1,5.9,0,0000
T,2014,04,09,18,50,11
B,63603,4436,35,689,38501,1403,30,689,983.8,299.5
G,793858,27133,27,689,466400,7999,9,689,983.8,299.5
R,319921,13278,764,689,187811,5965,704,689,983.8,299.5
D,NBXX,7835,2.677e-5,1.677e-5,1.031e-5,2.611e-6,2.640e-6,2.030e-6
Y,239577,983.8,299.5,294.9,24.7,13.1,5.9,0,0000
T,2014,04,09,18,51,11
B,63287,4336,28,689,38345,1396,29,690,983.8,299.5
G,794569,27033,38,689,466769,8279,22,690,983.8,299.5
R,320435,13053,741,689,189324,6182,732,690,983.8,299.5
D,NBXX,7775,2.585e-5,1.659e-5,9.717e-6,2.703e-6,2.928e-6,2.504e-6
Y,239793,983.8,299.5,294.9,23.9,13.1,5.9,0,0000
T,2014,04,09,18,52,11
B,63186,4488,26,690,38643,1387,8,689,983.8,299.5
G,796034,27281,27,690,466360,7923,9,689,983.8,299.5
R,320511,13247,717,690,187911,5954,731,689,983.8,299.5
D,NBXX,7715,2.832e-5,1.687e-5,1.024e-5,3.021e-6,2.533e-6,2.059e-6
Y,239887,983.8,299.5,294.9,23.9,13.1,5.9,0,0000
T,2014,04,09,18,53,11
B,63215,4424,10,689,38422,1487,15,690,983.8,299.5
G,794781,27356,16,689,469069,8350,27,690,983.8,299.5
R,320156,13367,746,689,188817,6003,727,690,983.8,299.5
D,NBXX,7655,2.757e-5,1.700e-5,1.049e-5,4.432e-6,3.038e-6,2.082e-6
Y,239857,983.8,299.5,294.9,24.1,13.1,5.9,0,0000
T,2014,04,09,18,54,11
B,63806,4280,31,690,38458,1453,27,689,983.9,299.5
G,796584,27553,28,690,466113,8006,25,689,983.9,299.5
R,320525,12950,714,690,188349,6013,735,689,983.9,299.5
D,NBXX,7595,2.462e-5,1.715e-5,9.522e-6,3.351e-6,2.604e-6,2.198e-6
Y,240054,983.9,299.5,294.9,24.2,13.1,5.9,0,0000
T,2014,04,09,18,55,11
B,63919,4357,23,689,38331,1516,27,690,983.9,299.5
G,795149,28089,22,689,467022,8063,19,690,983.9,299.5
R,319106,13457,789,689,189703,6002,737,690,983.9,299.5
D,NBXX,7535,2.566e-5,1.790e-5,1.066e-5,4.218e-6,2.681e-6,1.965e-6
Y,239969,983.9,299.5,294.9,24.7,13.1,5.9,0,0000
T,2014,04,09,18,56,11
B,63072,4384,16,690,38140,1394,27,689,983.9,299.5
G,795735,28160,29,690,467569,8531,15,689,983.9,299.5
R,321949,13606,718,690,188426,6113,731,689,983.9,299.5
D,NBXX,7475,2.690e-5,1.795e-5,1.097e-5,3.007e-6,3.278e-6,2.392e-6
Y,239797,983.9,299.5,294.9,25.5,13.1,5.9,0,0000
T,2014,04,09,18,57,11
B,62856,4453,10,689,38351,1492,32,690,983.9,299.5
G,796258,27719,33,689,466746,8223,32,690,983.9,299.5
R,320518,13448,690,689,188873,5989,764,690,983.9,299.5
D,NBXX,7415,2.804e-5,1.736e-5,1.071e-5,4.346e-6,2.830e-6,2.090e-6
Y,240305,983.9,299.5,294.9,25.0,13.1,5.9,0,0000
T,2014,04,09,18,58,11
B,63448,4409,21,690,38144,1403,35,689,983.9,299.5
G,795769,27244,34,690,465606,8327,27,689,983.9,299.5
R,319806,13192,752,690,187770,6139,717,689,983.9,299.5
D,NBXX,7355,2.669e-5,1.679e-5,1.011e-5,2.820e-6,3.000e-6,2.470e-6
Y,239807,983.9,299.5,294.9,24.4,13.1,5.9,0,0000
T,2014,04,09,18,59,11
B,63169,4359,13,689,38138,1465,28,690,983.9,299.5
G,793713,27524,20,689,468281,8342,24,690,983.9,299.5
R,319619,13156,682,689,188314,6095,708,690,983.9,299.5
D,NBXX,7295,2.650e-5,1.725e-5,1.026e-5,3.905e-6,3.040e-6,2.554e-6
Y,239533,983.9,299.5,294.9,24.4,13.1,5.9,0,0000
T,2014,04,09,19,00,11
B,63339,4437,9,689,38506,1464,32,689,983.9,299.5
G,794141,27419,31,689,467259,8275,18,689,983.9,299.5
R,321104,13203,773,689,187837,5938,766,689,983.9,299.5
D,NBXX,7235,2.739e-5,1.710e-5,9.834e-6,3.869e-6,2.959e-6,1.729e-6
Y,239663,983.9,299.5,295.0,24.2,13.1,5.9,0,0000
T,2014,04,09,19,01,11
B,63076,4322,25,690,38183,1413,8,689,983.9,299.5
G,794627,27398,40,690,468688,8310,29,689,983.9,299.5
R,320467,12964,711,690,188636,6084,746,689,983.9,299.5
D,NBXX,7175,2.621e-5,1.702e-5,9.539e-6,3.416e-6,2.983e-6,2.348e-6
Y,239461,983.9,299.5,295.0,24.1,13.1,5.9,0,0000
T,2014,04,09,19,02,11
B,63480,4504,29,689,38306,1405,35,690,983.9,299.5
G,793254,28677,37,689,467405,8083,30,690,983.9,299.5
R,320168,13471,726,689,188340,5985,746,690,983.9,299.5
D,NBXX,7115,2.780e-5,1.867e-5,1.075e-5,2.661e-6,2.692e-6,2.041e-6
Y,239394,983.9,299.5,295.0,24.6,13.1,5.9,0,0000
T,2014,04,09,19,03,11
B,63288,4552,30,690,38159,1423,32,689,984.0,299.5
G,795188,28507,26,690,469186,8161,25,689,984.0,299.5
R,319777,13502,710,690,189526,5944,708,689,984.0,299.5
D,NBXX,7055,2.862e-5,1.840e-5,1.100e-5,3.025e-6,2.817e-6,2.142e-6
Y,239631,984.0,299.5,295.0,24.6,13.1,5.9,0,0000
T,2014,04,09,19,04,11
B,63670,4575,30,689,38435,1475,33,690,984.0,299.5
G,793201,28541,26,689,469982,8397,33,690,984.0,299.5
R,320025,13494,713,689,189716,6070,760,690,984.0,299.5
D,NBXX,6995,2.855e-5,1.852e-5,1.081e-5,3.537e-6,3.093e-6,2.248e-6
Y,239378,984.0,299.5,295.0,24.9,13.1,5.9,0,0000
T,2014,04,09,19,05,11
B,63329,4466,24,690,38247,1450,24,689,984.0,299.5
G,794760,28016,20,690,467244,8056,14,689,984.0,299.5
R,321184,13402,755,690,189232,5968,749,689,984.0,299.5
D,NBXX,6935,2.765e-5,1.783e-5,1.040e-5,3.590e-6,2.716e-6,1.914e-6
Y,239502,984.0,299.5,295.0,24.4,13.1,5.9,0,0000
T,2014,04,09,19,06,11
B,63816,4521,22,689,38378,1515,28,690,984.0,299.5
G,794236,28446,30,689,470611,8236,27,690,984.0,299.5
R,320048,13767,740,689,189242,6040,709,690,984.0,299.5
D,NBXX,6875,2.790e-5,1.836e-5,1.153e-5,4.222e-6,2.884e-6,2.242e-6
Y,239692,984.0,299.5,295.0,24.9,13.1,5.9,0,0000
T,2014,04,09,19,07,11
B,63477,4294,36,690,38071,1426,17,689,984.0,299.5
G,795292,27785,34,690,467911,8237,21,689,984.0,299.5
R,320561,13194,764,690,189321,6046,743,689,984.0,299.5
D,NBXX,6815,2.515e-5,1.749e-5,9.945e-6,3.150e-6,2.904e-6,2.114e-6
Y,239663,984.0,299.5,295.0,24.7,13.1,5.9,0,0000
T,2014,04,09,19,08,11
B,63672,4409,24,689,38557,1430,33,690,984.0,299.5
G,793874,28063,23,689,468176,8195,17,690,984.0,299.5
R,320048,13275,686,689,188878,6085,702,690,984.0,299.5
D,NBXX,6755,2.644e-5,1.792e-5,1.052e-5,3.032e-6,2.862e-6,2.521e-6
Y,239582,984.0,299.5,295.0,24.6,13.1,5.9,0,0000
T,2014,04,09,19,09,11
B,63231,4357,31,689,38726,1408,16,689,984.0,299.5
G,794495,27311,29,689,468150,8361,32,689,984.0,299.5
R,319704,13101,758,689,189756,6152,715,689,984.0,299.5
D,NBXX,6695,2.630e-5,1.693e-5,9.892e-6,3.046e-6,3.044e-6,2.475e-6
Y,239771,984.0,299.5,295.0,24.2,13.1,5.9,0,0000
T,2014,04,09,19,10,11
B,63543,4320,28,690,38159,1478,23,689,984.0,299.5
G,794483,27294,26,690,465570,8129,19,689,984.0,299.5
R,320161,13316,766,690,187962,6165,718,689,984.0,299.5
D,NBXX,6635,2.547e-5,1.693e-5,1.033e-5,3.854e-6,2.795e-6,2.478e-6
Y,239418,984.0,299.5,295.0,23.7,13.1,5.9,0,0000
T,2014,04,09,19,11,11
B,63407,4485,31,689,38088,1382,32,690,984.1,299.5
G,795262,27833,39,689,469831,8219,21,690,984.1,299.5
R,320335,13082,718,689,189219,6095,749,690,984.1,299.5
D,NBXX,6575,2.760e-5,1.755e-5,9.812e-6,2.377e-6,2.845e-6,2.315e-6
Y,240003,984.1,299.5,295.0,24.1,13.1,5.9,0,0000
T,2014,04,09,19,12,11
B,63799,4474,28,690,38111,1450,29,689,984.1,299.5
G,793992,27986,25,690,467845,8180,21,689,984.1,299.5
R,319929,13297,727,690,189598,6041,760,689,984.1,299.5
D,NBXX,6515,2.719e-5,1.781e-5,1.030e-5,3.315e-6,2.863e-6,2.178e-6
Y,239269,984.1,299.5,295.0,24.1,13.1,5.9,0,0000
T,2014,04,09,19,13,11
B,63638,4230,22,689,38451,1386,20,690,984.1,299.5
G,793979,27651,40,689,467478,8247,20,690,984.1,299.5
R,320291,13443,753,689,188345,6013,729,690,984.1,299.5
D,NBXX,6455,2.432e-5,1.738e-5,1.064e-5,2.690e-6,2.896e-6,2.077e-6
Y,239614,984.1,299.5,295.0,24.1,13.1,5.9,0,0000
T,2014,04,09,19,14,11
B,62732,4430,24,690,38336,1535,23,689,984.1,299.5
G,793620,27563,22,690,467150,8140,25,689,984.1,299.5
R,320147,13277,757,690,187676,5942,781,689,984.1,299.5
D,NBXX,6395,2.774e-5,1.730e-5,1.009e-5,4.929e-6,2.816e-6,1.789e-6
Y,239156,984.1,299.5,295.0,24.4,13.1,5.9,0,0000
T,2014,04,09,19,15,11
B,63107,4473,17,689,38435,1442,26,690,984.1,299.5
G,793961,27592,31,689,468606,8339,27,690,984.1,299.5
R,320924,13394,701,689,188798,6102,719,690,984.1,299.5
D,NBXX,6335,2.803e-5,1.731e-5,1.064e-5,3.571e-6,3.013e-6,2.443e-6
Y,239609,984.1,299.5,295.0,24.1,13.1,5.9,0,0000
T,2014,04,09,19,16,11
B,63582,4612,29,690,38231,1569,33,689,984.1,299.5
G,796336,28725,17,690,466804,8289,17,689,984.1,299.5
R,320690,13740,758,690,188841,6141,756,689,984.1,299.5
D,NBXX,6275,2.914e-5,1.864e-5,1.122e-5,4.883e-6,2.985e-6,2.319e-6
Y,239979,984.1,299.5,295.0,25.2,13.1,5.9,0,0000
T,2014,04,09,19,17,11
B,63660,6865,31,689,38549,1910,30,690,984.1,299.5
G,792238,47524,31,689,467449,11313,25,690,984.1,299.5
R,318978,20102,724,689,189373,7452,744,690,984.1,299.5
D,NBXX,6215,5.896e-5,4.215e-5,2.691e-5,9.331e-6,6.728e-6,5.635e-6
Y,239086,984.1,299.5,295.0,24.4,13.1,5.9,0,0000
T,2014,04,09,19,18,11
B,62771,8466,17,690,38497,2059,30,689,984.2,299.5
G,795065,60588,21,690,466750,13358,26,689,984.2,299.5
R,321546,24962,726,690,188363,8170,760,689,984.2,299.5
D,NBXX,6155,8.198e-5,5.813e-5,3.816e-5,1.197e-5,9.267e-6,7.246e-6
Y,239594,984.2,299.5,295.0,24.4,13.1,5.9,0,0000
T,2014,04,09,19,19,11
B,63271,7938,40,689,38312,2009,25,689,984.2,299.5
G,794648,57036,19,689,466932,12781,21,689,984.2,299.5
R,319769,23749,767,689,189139,7995,769,689,984.2,299.5
D,NBXX,6095,7.377e-5,5.378e-5,3.541e-5,1.077e-5,8.547e-6,6.744e-6
Y,239817,984.2,299.5,295.0,24.2,13.1,5.9,0,0000
T,2014,04,09,19,20,11
B,63530,7083,18,689,38083,1857,25,690,984.2,299.5
G,793073,49883,30,689,466779,11402,28,690,984.2,299.5
R,320323,20943,705,689,187889,7597,733,690,984.2,299.5
D,NBXX,6035,6.231e-5,4.501e-5,2.883e-5,8.954e-6,6.820e-6,6.009e-6
Y,239339,984.2,299.5,295.0,23.7,13.1,5.9,0,0000
T,2014,04,09,19,21,11
B,63170,9258,29,690,38465,2237,28,689,984.2,299.5
G,795183,67204,35,690,469825,14271,26,689,984.2,299.5
R,320343,26992,767,690,188607,8541,706,689,984.2,299.5
D,NBXX,5975,9.170e-5,6.629e-5,4.330e-5,1.403e-5,1.037e-5,8.235e-6
Y,239630,984.2,299.5,295.0,23.9,13.1,5.9,0,0000
T,2014,04,09,19,22,11
B,62682,10871,30,689,38327,2367,23,690,984.2,299.5
G,795557,83321,26,689,467512,16356,25,690,984.2,299.5
R,320240,32328,774,689,188147,9411,749,690,984.2,299.5
D,NBXX,5915,1.144e-4,8.620e-5,5.604e-5,1.598e-5,1.290e-5,1.014e-5
Y,240093,984.2,299.5,295.0,24.4,13.1,5.9,0,0000
T,2014,04,09,19,23,11
B,63449,10740,21,690,38591,2415,30,689,984.2,299.5
G,796298,79289,22,690,468828,15733,26,689,984.2,299.5
R,320698,30926,711,690,189840,9142,691,689,984.2,299.5
D,NBXX,5855,1.109e-4,8.113e-5,5.289e-5,1.636e-5,1.217e-5,9.864e-6
Y,239967,984.2,299.5,295.0,24.1,13.1,5.9,0,0000
T,2014,04,09,19,24,11
B,63738,10831,39,689,38566,2369,31,690,984.2,299.5
G,795008,81825,34,689,466531,15876,18,690,984.2,299.5
R,320534,32186,762,689,187814,9312,759,690,984.2,299.5
D,NBXX,5795,1.112e-4,8.442e-5,5.564e-5,1.523e-5,1.232e-5,9.892e-6
Y,239926,984.2,299.5,295.0,23.9,13.1,5.9,0,0000
T,2014,04,09,19,25,11
B,63322,12938,21,690,38756,2615,24,689,984.2,299.5
G,795314,101192,30,690,469155,17940,23,689,984.2,299.5
R,319672,38789,739,690,188941,10063,755,689,984.2,299.5
D,NBXX,5735,1.406e-4,1.083e-4,7.185e-5,1.919e-5,1.493e-5,1.189e-5
Y,239669,984.2,299.5,295.0,23.9,13.1,5.9,0,0000
T,2014,04,09,19,26,11
B,63983,14417,24,689,38735,2698,33,690,984.2,299.5
G,794435,115436,27,689,467447,20030,40,690,984.2,299.5
R,320157,43464,738,689,188577,11033,740,690,984.2,299.5
D,NBXX,5675,1.582e-4,1.261e-4,8.303e-5,1.965e-5,1.745e-5,1.417e-5
Y,239752,984.2,299.5,295.0,23.7,13.1,5.9,0,0000
T,2014,04,09,19,27,11
B,63367,16203,28,690,38425,2909,29,689,984.2,299.5
G,793928,129099,28,690,466462,21463,32,689,984.2,299.5
R,321151,48761,756,690,188267,11687,752,689,984.2,299.5
D,NBXX,5615,1.838e-4,1.431e-4,9.536e-5,2.290e-5,1.933e-5,1.566e-5
Y,239250,984.2,299.5,295.0,24.6,13.1,5.9,0,0000
T,2014,04,09,19,28,11
B,63489,15169,18,689,38625,2771,30,690,984.2,299.5
G,795184,118907,24,689,468548,20043,26,690,984.2,299.5
R,319714,44854,754,689,188669,11194,734,690,984.2,299.5
D,NBXX,5555,1.698e-4,1.303e-4,8.650e-5,2.102e-5,1.747e-5,1.456e-5
Y,239979,984.2,299.5,295.0,24.1,13.0,5.9,0,0000
T,2014,04,09,19,29,11
B,62988,14459,44,689,38599,2785,17,689,984.2,299.5
G,793028,114752,28,689,467740,19745,33,689,984.2,299.5
R,320556,43134,722,689,189242,10995,756,689,984.2,299.5
D,NBXX,5495,1.617e-4,1.255e-4,8.211e-5,2.135e-5,1.719e-5,1.409e-5
Y,239326,984.2,299.5,295.0,23.9,13.1,5.9,0,0000
T,2014,04,09,19,30,11
B,63489,15429,32,690,38473,2846,28,689,984.2,299.5
G,795966,124954,25,690,467977,20650,22,689,984.2,299.5
R,320431,47108,726,690,189564,11337,745,689,984.2,299.5
D,NBXX,5435,1.731e-4,1.376e-4,9.174e-5,2.194e-5,1.827e-5,1.498e-5
Y,239867,984.2,299.5,295.0,24.4,13.1,5.9,0,0000
T,2014,04,09,19,31,11
B,62462,13619,32,689,38237,2563,28,690,984.2,299.5
G,793127,104821,42,689,466646,18178,28,690,984.2,299.5
R,320709,39750,738,689,187164,10301,753,690,984.2,299.5
D,NBXX,5375,1.520e-4,1.131e-4,7.388e-5,1.862e-5,1.519e-5,1.234e-5
Y,239356,984.2,299.5,295.0,24.2,13.1,5.9,0,0000
T,2014,04,09,19,32,11
B,63277,11045,36,690,38013,2359,32,689,984.2,299.5
G,795411,85564,28,690,466989,15770,16,689,984.2,299.5
R,320375,33505,715,690,186930,9202,753,689,984.2,299.5
D,NBXX,5315,1.151e-4,8.901e-5,5.899e-5,1.544e-5,1.225e-5,9.842e-6
Y,239699,984.2,299.5,295.0,24.2,13.1,5.9,0,0000
T,2014,04,09,19,33,11
B,63297,10639,33,689,38446,2234,12,690,984.2,299.5
G,794129,80197,20,689,467276,14899,24,690,984.2,299.5
R,321398,31370,727,689,189342,8919,799,690,984.2,299.5
D,NBXX,5255,1.100e-4,8.253e-5,5.347e-5,1.403e-5,1.115e-5,8.886e-6
Y,239660,984.2,299.5,295.0,23.9,13.1,5.9,0,0000
T,2014,04,09,19,34,11
B,62904,9772,34,690,38328,2135,39,689,984.2,299.5
G,793852,71863,48,690,465406,13931,34,689,984.2,299.5
R,319299,28823,791,690,187997,8534,737,689,984.2,299.5
D,NBXX,5195,9.888e-5,7.217e-5,4.777e-5,1.253e-5,9.953e-6,8.118e-6
Y,239227,984.2,299.5,295.0,23.9,13.1,5.9,0,0000
T,2014,04,09,19,35,11
B,63067,9466,33,689,38203,2216,28,690,984.2,299.5
G,794662,70786,40,689,465997,13878,30,690,984.2,299.5
R,320062,27840,731,689,188135,8224,794,690,984.2,299.5
D,NBXX,5135,9.463e-5,7.076e-5,4.526e-5,1.365e-5,9.837e-6,7.288e-6
Y,239821,984.2,299.5,295.0,23.6,13.1,5.9,0,0000
T,2014,04,09,19,36,11
B,63340,9569,19,690,38193,2141,11,689,984.3,299.5
G,794402,70430,33,690,468228,14038,12,689,984.3,299.5
R,319725,28152,747,690,187916,8362,744,689,984.3,299.5
D,NBXX,5075,9.592e-5,7.039e-5,4.616e-5,1.308e-5,1.012e-5,7.784e-6
Y,239393,984.3,299.5,295.0,24.1,13.1,5.9,0,0000
T,2014,04,09,19,37,11
B,63464,7810,28,689,38189,1921,41,690,984.3,299.5
G,794848,56826,32,689,465954,12303,17,690,984.3,299.5
R,319987,23460,696,689,187561,7707,724,690,984.3,299.5
D,NBXX,5015,7.169e-5,5.348e-5,3.500e-5,9.429e-6,7.916e-6,6.340e-6
Y,239878,984.3,299.5,295.0,24.1,13.1,5.9,0,0000
T,2014,04,09,19,38,11
B,63063,7710,19,689,38409,1881,18,689,984.3,299.5
G,796384,55948,40,689,465086,11886,26,689,984.3,299.5
R,319180,22779,802,689,188294,7603,756,689,984.3,299.5
D,NBXX,4955,7.149e-5,5.224e-5,3.310e-5,9.581e-6,7.369e-6,5.762e-6
Y,240343,984.3,299.5,295.0,24.4,13.1,5.9,0,0000
T,2014,04,09,19,39,11
B,63178,6627,39,690,38291,1744,33,689,984.3,299.5
G,793010,46716,20,690,466336,10957,20,689,984.3,299.5
R,319941,20184,783,690,188037,7207,712,689,984.3,299.5
D,NBXX,4895,5.630e-5,4.111e-5,2.689e-5,7.197e-6,6.335e-6,4.972e-6
Y,238972,984.3,299.5,295.0,24.6,13.1,5.9,0,0000
T,2014,04,09,19,40,11
B,63168,6793,8,689,38225,1658,16,690,984.3,299.5
G,794214,46834,29,689,468599,10613,21,690,984.3,299.5
R,319993,19576,751,689,188799,7175,718,690,984.3,299.5
D,NBXX,4835,5.926e-5,4.116e-5,2.549e-5,6.730e-6,5.835e-6,4.921e-6
Y,239685,984.3,299.5,295.0,24.6,13.1,5.9,0,0000
T,2014,04,09,19,41,11
B,63380,6163,26,690,38375,1720,19,689,984.3,299.5
G,794794,42131,25,690,470412,10039,25,689,984.3,299.5
R,319686,17940,775,690,188669,6795,761,689,984.3,299.5
D,NBXX,4775,5.025e-5,3.529e-5,2.139e-5,7.223e-6,5.152e-6,3.872e-6
Y,239512,984.3,299.5,295.0,24.7,13.1,5.9,0,0000
T,2014,04,09,19,42,11
B,63337,6059,25,689,37950,1706,29,690,984.3,299.5
G,794378,41204,30,689,467864,9957,29,690,984.3,299.5
R,319847,17840,696,689,188968,6767,755,690,984.3,299.5
D,NBXX,4715,4.878e-5,3.415e-5,2.137e-5,6.848e-6,5.008e-6,3.995e-6
Y,239735,984.3,299.5,295.0,24.9,13.1,5.9,0,0000
T,2014,04,09,19,43,11
B,63167,5953,28,690,38240,1642,26,689,984.3,299.5
G,795279,42186,30,690,466819,10298,27,689,984.3,299.5
R,321021,18286,774,690,188179,6845,744,689,984.3,299.5
D,NBXX,4655,4.758e-5,3.531e-5,2.211e-5,6.115e-6,5.455e-6,3.992e-6
Y,239659,984.3,299.5,295.0,25.0,13.1,5.9,0,0000
T,2014,04,09,19,44,11
B,62777,5793,29,689,38234,1609,22,690,984.4,299.5
G,794709,39901,25,689,466815,9938,26,690,984.4,299.5
R,319738,17600,776,689,188662,6897,751,690,984.4,299.5
D,NBXX,4595,4.597e-5,3.253e-5,2.060e-5,5.787e-6,4.991e-6,4.099e-6
Y,239835,984.4,299.5,295.0,25.4,13.1,5.9,0,0000
T,2014,04,09,19,45,11
B,63264,5068,27,690,38326,1580,28,689,984.4,299.5
G,793955,33818,32,690,467438,8909,18,689,984.4,299.5
R,320409,15137,736,690,188836,6492,773,689,984.4,299.5
D,NBXX,4535,3.564e-5,2.504e-5,1.463e-5,5.238e-6,3.762e-6,3.189e-6
Y,239258,984.4,299.5,295.0,24.6,13.1,5.9,0,0000
T,2014,04,09,19,46,11
B,63171,4882,18,689,38705,1455,32,690,984.4,299.5
G,793884,31708,22,689,468662,8709,14,690,984.4,299.5
R,319126,14380,757,689,188165,6283,679,690,984.4,299.5
D,NBXX,4475,3.333e-5,2.245e-5,1.314e-5,3.618e-6,3.504e-6,2.896e-6
Y,239585,984.4,299.5,295.0,24.1,13.1,5.9,0,0000
T,2014,04,09,19,47,11
B,63552,4569,27,690,38134,1603,18,689,984.3,299.5
G,795226,30637,30,690,465046,8553,21,689,984.3,299.5
R,321078,14180,772,690,187941,6246,717,689,984.3,299.5
D,NBXX,4415,2.886e-5,2.103e-5,1.232e-5,5.607e-6,3.302e-6,2.629e-6
Y,239643,984.3,299.5,295.0,23.9,13.1,5.9,0,0000
T,2014,04,09,19,48,11
B,63099,4832,27,689,38474,1487,22,689,984.4,299.5
G,793169,30863,11,689,467326,8825,27,689,984.4,299.5
R,320178,14538,719,689,188745,6214,713,689,984.4,299.5
D,NBXX,4355,3.275e-5,2.143e-5,1.342e-5,4.110e-6,3.670e-6,2.723e-6
Y,239369,984.4,299.5,295.0,24.4,13.1,5.9,0,0000
T,2014,04,09,19,49,11
B,63365,4900,30,689,38435,1531,25,690,984.4,299.5
G,795199,32589,45,689,468449,8945,31,690,984.4,299.5
R,320107,15060,748,689,188406,6360,790,690,984.4,299.5
D,NBXX,4295,3.329e-5,2.341e-5,1.440e-5,4.494e-6,3.720e-6,2.761e-6
Y,239984,984.4,299.5,295.0,25.0,13.1,5.9,0,0000
T,2014,04,09,19,50,11
B,63412,5083,28,690,38816,1587,46,689,984.4,299.5
G,795360,32521,22,690,464472,8879,23,689,984.4,299.5
R,319814,14899,725,690,189065,6298,761,689,984.4,299.5
D,NBXX,4235,3.539e-5,2.337e-5,1.418e-5,4.991e-6,3.713e-6,2.806e-6
Y,239683,984.4,299.5,295.0,25.2,13.1,5.9,0,0000
T,2014,04,09,19,51,11
B,63333,4910,22,689,38242,1485,34,690,984.4,299.5
G,794145,32257,27,689,467662,8824,33,690,984.4,299.5
R,320679,14812,661,689,188879,6174,724,690,984.4,299.5
D,NBXX,4175,3.344e-5,2.308e-5,1.417e-5,3.877e-6,3.608e-6,2.722e-6
Y,239664,984.4,299.5,295.0,25.0,13.1,5.9,0,0000
T,2014,04,09,19,52,11
B,63440,4992,31,690,38230,1538,27,689,984.4,299.5
G,794185,32014,26,690,465909,8687,22,689,984.4,299.5
R,320199,14568,717,690,187897,6137,736,689,984.4,299.5
D,NBXX,4115,3.439e-5,2.279e-5,1.343e-5,4.576e-6,3.487e-6,2.496e-6
Y,239328,984.4,299.5,295.0,25.2,13.1,5.9,0,0000
T,2014,04,09,19,53,11
B,62963,4973,25,689,38521,1518,38,690,984.4,299.5
G,794712,30917,33,689,469235,8543,31,690,984.4,299.5
R,320915,14284,739,689,189894,6375,770,690,984.4,299.5
D,NBXX,4055,3.456e-5,2.138e-5,1.253e-5,4.321e-6,3.247e-6,2.851e-6
Y,239836,984.4,299.5,295.0,25.4,13.1,5.9,0,0000
T,2014,04,09,19,54,11
B,63572,4811,29,690,38581,1487,25,689,984.4,299.5
G,796537,30401,29,690,466368,8589,29,689,984.4,299.5
R,319914,14522,717,690,188986,6138,738,689,984.4,299.5
D,NBXX,3995,3.191e-5,2.067e-5,1.335e-5,3.919e-6,3.319e-6,2.503e-6
Y,240040,984.4,299.5,295.0,25.0,13.1,5.9,0,0000
T,2014,04,09,19,55,11
B,62971,4745,37,689,38261,1594,19,690,984.5,299.5
G,795587,31041,20,689,467351,8558,19,690,984.5,299.5
R,319710,14074,785,689,188399,6218,766,690,984.5,299.5
D,NBXX,3935,3.160e-5,2.153e-5,1.202e-5,5.444e-6,3.290e-6,2.396e-6
Y,240102,984.5,299.5,295.0,25.5,13.1,5.9,0,0000
T,2014,04,09,19,56,11
B,63731,4573,43,690,38552,1483,21,689,984.4,299.5
G,794717,28844,13,690,469279,8578,23,689,984.4,299.5
R,319763,13608,767,690,188788,6145,745,689,984.4,299.5
D,NBXX,3875,2.845e-5,1.886e-5,1.099e-5,3.665e-6,3.361e-6,2.365e-6
Y,239489,984.4,299.5,295.0,24.9,13.1,5.9,0,0000
T,2014,04,09,19,57,11
B,63298,4718,15,689,38898,1505,25,690,984.4,299.5
G,794017,29648,35,689,473209,8480,29,690,984.4,299.5
R,319738,13827,787,689,190780,6243,707,690,984.4,299.5
D,NBXX,3815,3.116e-5,1.984e-5,1.158e-5,4.401e-6,3.178e-6,2.615e-6
Y,239626,984.4,299.5,295.0,24.7,13.1,5.9,0,0000
T,2014,04,09,19,58,11
B,62962,4656,29,689,38478,1497,32,689,984.5,299.5
G,792008,29746,27,689,469997,8410,33,689,984.5,299.5
R,318684,14021,753,689,188912,6271,776,689,984.5,299.5
D,NBXX,3755,3.034e-5,2.007e-5,1.205e-5,4.099e-6,3.139e-6,2.640e-6
Y,239016,984.5,299.5,295.0,25.2,13.1,5.9,0,0000
T,2014,04,09,19,59,11
B,63420,4576,16,690,38244,1501,23,689,984.5,299.5
G,794038,28702,20,690,468814,8507,28,689,984.5,299.5
R,320213,13666,735,690,188735,6016,745,689,984.5,299.5
D,NBXX,3695,2.917e-5,1.869e-5,1.118e-5,4.383e-6,3.265e-6,2.128e-6
Y,239283,984.5,299.5,295.0,24.6,13.1,5.9,0,0000
T,2014,04,09,20,00,11
B,63498,4528,31,689,38263,1506,23,690,984.5,299.5
G,795484,29301,28,689,469799,8385,29,690,984.5,299.5
R,320802,13714,767,689,189262,6041,775,690,984.5,299.5
D,NBXX,3635,2.823e-5,1.936e-5,1.108e-5,4.137e-6,3.052e-6,1.960e-6
Y,240070,984.5,299.5,295.0,24.6,13.1,5.9,0,0000
T,2014,04,09,20,01,11
B,62964,4668,17,690,38635,1473,22,689,984.5,299.5
G,794936,29059,34,690,466926,8327,21,689,984.5,299.5
R,320096,13755,754,690,189349,6129,751,689,984.5,299.5
D,NBXX,3575,3.084e-5,1.909e-5,1.134e-5,4.147e-6,3.020e-6,2.335e-6
Y,239555,984.5,299.5,295.0,24.2,13.1,5.9,0,0000
T,2014,04,09,20,02,11
B,63374,4570,21,689,38428,1495,27,690,984.5,299.5
G,794361,29371,16,689,465650,8553,20,690,984.5,299.5
R,319769,13602,750,689,186911,6290,766,690,984.5,299.5
D,NBXX,3515,2.899e-5,1.953e-5,1.097e-5,4.121e-6,3.304e-6,2.666e-6
Y,239730,984.5,299.5,295.0,24.6,13.1,5.9,0,0000
T,2014,04,09,20,03,11
B,63384,4720,28,690,38299,1489,22,689,984.5,299.5
G,795406,29545,33,690,468034,8572,19,689,984.5,299.5
R,320259,13982,702,690,188711,6129,726,689,984.5,299.5
D,NBXX,3455,3.095e-5,1.967e-5,1.209e-5,4.064e-6,3.322e-6,2.545e-6
Y,239697,984.5,299.5,295.0,25.0,13.1,5.9,0,0000
T,2014,04,09,20,04,11
B,63511,4615,22,689,38304,1544,25,690,984.5,299.5
G,794786,29867,37,689,465381,8456,17,690,984.5,299.5
R,317705,14130,748,689,188825,6230,775,690,984.5,299.5
D,NBXX,3395,2.948e-5,2.009e-5,1.242e-5,4.745e-6,3.153e-6,2.572e-6
Y,239859,984.5,299.5,295.0,25.0,13.1,5.9,0,0000
T,2014,04,09,20,05,11
B,62904,4720,28,690,37940,1537,25,689,984.5,299.5
G,795662,30624,28,690,467033,8624,32,689,984.5,299.5
R,321275,14358,688,690,188456,6293,772,689,984.5,299.5
D,NBXX,3335,3.138e-5,2.098e-5,1.281e-5,4.808e-6,3.371e-6,2.816e-6
Y,239775,984.5,299.5,295.0,25.2,13.1,5.9,0,0000
T,2014,04,09,20,06,11
B,63618,4701,18,689,38591,1557,33,690,984.5,299.5
G,793874,31068,25,689,468276,8932,17,690,984.5,299.5
R,320034,14455,742,689,189009,5983,787,690,984.5,299.5
D,NBXX,3275,3.046e-5,2.164e-5,1.297e-5,4.823e-6,3.771e-6,1.881e-6
Y,239582,984.5,299.5,295.0,25.5,13.1,5.9,0,0000
T,2014,04,09,20,07,11
B,63507,4721,39,689,38563,1398,22,689,984.5,299.5
G,794266,30195,25,689,465741,8660,15,689,984.5,299.5
R,320192,14341,724,689,187840,6223,681,689,984.5,299.5
D,NBXX,3215,3.068e-5,2.055e-5,1.302e-5,2.619e-6,3.448e-6,2.820e-6
Y,239701,984.5,299.5,295.0,25.4,13.1,5.9,0,0000
T,2014,04,09,20,08,11
B,63800,4838,22,690,38291,1487,23,689,984.5,299.5
G,795989,30916,30,690,466858,8478,20,689,984.5,299.5
R,320179,14143,693,690,187119,6170,783,689,984.5,299.5
D,NBXX,3155,3.218e-5,2.134e-5,1.235e-5,3.989e-6,3.200e-6,2.512e-6
Y,239874,984.5,299.5,295.0,25.2,13.1,5.9,0,0000
T,2014,04,09,20,09,11
B,63086,4861,23,689,38368,1559,32,690,984.5,299.5
G,792420,31150,21,689,467233,8625,15,690,984.5,299.5
R,320329,14574,765,689,187654,6443,767,690,984.5,299.5
D,NBXX,3095,3.306e-5,2.182e-5,1.322e-5,4.955e-6,3.420e-6,2.970e-6
Y,239141,984.5,299.5,295.0,25.7,13.1,5.9,0,0000
T,2014,04,09,20,10,11
B,63598,4832,33,690,38674,1500,28,689,984.5,299.5
G,794286,31017,20,690,467824,8772,16,689,984.5,299.5
R,321530,14238,737,690,188670,6348,751,689,984.5,299.5
D,NBXX,3035,3.206e-5,2.157e-5,1.242e-5,3.976e-6,3.608e-6,2.861e-6
Y,239358,984.5,299.5,295.0,25.4,13.1,5.9,0,0000
T,2014,04,09,20,11,11
B,63539,4991,31,689,38256,1483,15,690,984.5,299.5
G,795488,30911,22,689,467907,8755,18,690,984.5,299.5
R,320946,14507,736,689,187636,6302,802,690,984.5,299.5
D,NBXX,2975,3.446e-5,2.137e-5,1.298e-5,3.943e-6,3.533e-6,2.593e-6
Y,240072,984.5,299.5,294.9,25.5,13.1,5.9,0,0000
T,2014,04,09,20,12,11
B,63643,4855,18,690,38287,1511,21,689,984.6,299.5
G,796290,31750,24,690,465862,8665,17,689,984.6,299.5
R,321161,14485,712,690,189139,6373,718,689,984.6,299.5
D,NBXX,2915,3.266e-5,2.237e-5,1.320e-5,4.447e-6,3.441e-6,3.096e-6
Y,239965,984.6,299.5,294.9,25.9,13.1,5.9,0,0000
T,2014,04,09,20,13,11
B,63505,4848,19,689,38621,1479,34,690,984.6,299.5
G,794777,30373,26,689,469761,8517,28,690,984.6,299.5
R,320433,14103,765,689,189246,6096,782,690,984.6,299.5
D,NBXX,2855,3.249e-5,2.072e-5,1.204e-5,3.792e-6,3.228e-6,2.090e-6
Y,239856,984.6,299.5,294.9,25.4,13.1,5.9,0,0000
T,2014,04,09,20,14,11
B,63713,4751,21,690,38563,1485,21,689,984.6,299.5
G,795528,30735,28,690,469013,8700,30,689,984.6,299.5
R,319817,14499,786,690,188666,6141,831,689,984.6,299.5
D,NBXX,2795,3.116e-5,2.113e-5,1.285e-5,4.035e-6,3.470e-6,2.059e-6
Y,239734,984.6,299.5,294.9,25.4,13.1,5.9,0,0000
T,2014,04,09,20,15,11
B,63711,4772,24,689,37951,1551,30,690,984.6,299.5
G,795454,30045,25,689,465898,8598,32,690,984.6,299.5
R,319569,14394,738,689,187378,6212,731,690,984.6,299.5
D,NBXX,2735,3.126e-5,2.028e-5,1.304e-5,4.668e-6,3.315e-6,2.617e-6
Y,240061,984.6,299.5,294.9,25.2,13.1,5.9,0,0000
T,2014,04,09,20,16,11
B,63217,4890,28,690,38126,1523,27,689,984.6,299.5
G,794591,30253,30,690,468112,8442,19,689,984.6,299.5
R,319941,14305,814,690,188382,6122,744,689,984.6,299.5
D,NBXX,2675,3.331e-5,2.059e-5,1.253e-5,4.491e-6,3.176e-6,2.174e-6
Y,239450,984.6,299.5,294.9,25.5,13.1,5.9,0,0000
T,2014,04,09,20,17,11
B,62303,4737,22,689,38430,1484,19,689,984.6,299.5
G,792358,30012,22,689,466185,8659,15,689,984.6,299.5
R,319644,14051,714,689,188208,6378,738,689,984.6,299.5
D,NBXX,2615,3.240e-5,2.041e-5,1.225e-5,4.440e-6,3.477e-6,3.081e-6
Y,239123,984.6,299.5,294.9,25.4,13.1,5.9,0,0000
T,2014,04,09,20,18,11
B,63115,4618,19,689,38597,1424,24,690,984.6,299.5
G,795198,30539,27,689,467537,8744,20,690,984.6,299.5
R,319790,14154,738,689,188439,6078,776,690,984.6,299.5
D,NBXX,2555,2.996e-5,2.092e-5,1.231e-5,3.329e-6,3.514e-6,2.160e-6
Y,239984,984.6,299.5,294.9,25.4,13.0,5.9,0,0000
T,2014,04,09,20,19,11
B,63178,4652,19,690,38630,1480,25,689,984.6,299.5
G,794482,29211,27,690,465810,8477,32,689,984.6,299.5
R,321456,13555,772,690,188374,6253,764,689,984.6,299.5
D,NBXX,2495,3.034e-5,1.929e-5,1.065e-5,4.098e-6,3.206e-6,2.502e-6
Y,239417,984.6,299.5,294.9,24.9,13.1,5.9,0,0000
T,2014,04,09,20,20,11
B,63277,4669,37,689,38541,1453,19,690,984.6,299.5
G,792990,29781,24,689,466425,8678,21,690,984.6,299.5
R,319677,13768,743,689,186804,6255,714,690,984.6,299.5
D,NBXX,2435,3.028e-5,2.008e-5,1.155e-5,3.467e-6,3.465e-6,2.750e-6
Y,239314,984.6,299.5,294.9,25.2,13.1,5.9,0,0000
T,2014,04,09,20,21,11
B,62925,4586,35,690,38060,1489,28,689,984.7,299.5
G,796209,30042,29,690,463944,8662,25,689,984.7,299.5
R,319562,13842,825,690,187112,6180,767,689,984.7,299.5
D,NBXX,2375,2.941e-5,2.025e-5,1.135e-5,4.001e-6,3.420e-6,2.232e-6
Y,239940,984.7,299.5,294.9,25.5,13.1,5.9,0,0000
T,2014,04,09,20,22,11
B,63836,4699,21,689,38451,1494,34,690,984.7,299.5
G,793100,30479,36,689,461538,8587,42,690,984.7,299.5
R,319962,14180,724,689,185444,6250,736,690,984.7,299.5
D,NBXX,2315,3.016e-5,2.090e-5,1.251e-5,3.862e-6,3.303e-6,2.720e-6
Y,239348,984.7,299.5,294.9,26.2,13.1,5.9,0,0000
T,2014,04,09,20,23,11
B,63028,4701,27,690,38453,1448,40,689,984.7,299.5
G,795344,30177,26,690,466135,8460,27,689,984.7,299.5
R,320967,14287,732,690,188026,6260,752,689,984.7,299.5
D,NBXX,2255,3.079e-5,2.045e-5,1.260e-5,3.357e-6,3.182e-6,2.680e-6
Y,239678,984.7,299.5,294.9,26.2,13.1,5.9,0,0000
T,2014,04,09,20,24,11
B,63786,4639,28,690,38149,1517,29,689,984.7,299.5
G,795560,29586,30,690,466041,8583,35,689,984.7,299.5
R,319774,14113,708,690,188728,6108,695,689,984.7,299.5
D,NBXX,2135,2.938e-5,1.970e-5,1.252e-5,4.207e-6,3.315e-6,2.581e-6
Y,239744,984.7,299.5,294.9,25.7,13.1,5.9,0,0000
T,2014,04,09,20,25,11





T,2014,04,09,20,26,11
B,63658,4802,21,689,38304,1489,29,690,984.7,299.5
G,793754,30056,29,689,466797,8517,15,690,984.7,299.5
R,319508,14009,709,689,188883,6232,697,690,984.7,299.5
D,NBXX,2075,3.177e-5,2.039e-5,1.229e-5,3.925e-6,3.256e-6,2.844e-6
Y,239546,984.7,299.5,294.9,26.0,13.1,5.9,0,0000
T,2014,04,09,20,27,11
B,63189,4560,30,689,38422,1485,16,689,984.8,299.5
G,793608,29248,17,689,465077,8545,17,689,984.8,299.5
R,320576,13869,737,689,187247,6087,720,689,984.8,299.5
D,NBXX,2015,2.907e-5,1.941e-5,1.171e-5,4.103e-6,3.323e-6,2.334e-6
Y,239502,984.8,299.5,294.9,25.7,13.1,5.9,0,0000
T,2014,04,09,20,28,11
B,63473,4706,18,690,38147,1496,32,689,984.8,299.5
G,794395,29585,31,690,465688,8653,23,689,984.8,299.5
R,320454,14072,723,690,187855,6127,712,689,984.8,299.5
D,NBXX,1955,3.068e-5,1.976e-5,1.226e-5,4.130e-6,3.433e-6,2.514e-6
Y,239391,984.8,299.5,294.9,25.4,13.1,5.9,0,0000
T,2014,04,09,20,29,11
B,62936,4710,20,689,38425,1438,26,690,984.8,299.5
G,794209,30299,34,689,467559,8800,30,690,984.8,299.5
R,319751,14086,671,689,189305,6242,731,690,984.8,299.5
D,NBXX,1895,3.132e-5,2.064e-5,1.246e-5,3.522e-6,3.572e-6,2.870e-6
Y,239684,984.8,299.5,294.9,26.0,13.1,5.9,0,0000
