T,2014,05,22,10,37,16
B,60972,8642,16,689,37156,1777,14,690,984.7,294.1
G,734631,59845,21,689,434327,11179,12,690,984.7,294.1
R,297412,23941,586,689,175778,7169,587,690,984.7,294.1
D,NBXX,9302,8.775e-5,6.305e-5,4.056e-5,9.025e-6,7.382e-6,6.267e-6
Y,221625,984.7,294.1,293.0,79.6,13.1,5.8,0,0000
T,2014,05,22,10,38,16
B,60995,8540,5,690,36811,1744,10,689,984.8,294.2
G,739141,59059,12,690,433453,10809,8,689,984.8,294.2
R,299660,23442,568,690,176855,6911,549,689,984.8,294.2
D,NBXX,9242,8.655e-5,6.153e-5,3.900e-5,8.884e-6,6.861e-6,5.705e-6
Y,222667,984.8,294.2,293.1,78.8,13.1,5.8,0,0000
T,2014,05,22,10,39,16
B,61598,8522,7,689,37353,1686,12,690,984.8,294.4
G,739333,58395,13,689,438247,10790,7,690,984.8,294.4
R,300282,23225,607,689,178337,7081,549,690,984.8,294.4
D,NBXX,9182,8.509e-5,6.062e-5,3.821e-5,7.724e-6,6.790e-6,5.948e-6
Y,223050,984.8,294.4,293.1,77.9,13.1,5.8,0,0000
T,2014,05,22,10,40,16
B,61565,8487,13,689,37422,1768,6,689,984.9,294.6
G,741679,59204,10,689,437659,10724,23,689,984.9,294.6
R,300274,23735,571,689,178114,7163,542,689,984.9,294.6
D,NBXX,9122,8.470e-5,6.143e-5,3.965e-5,8.907e-6,6.658e-6,6.311e-6
Y,223761,984.9,294.6,293.1,77.6,13.1,5.8,0,0000
T,2014,05,22,10,41,16
B,61342,8811,16,690,37753,1801,15,689,984.9,294.8
G,745127,59848,22,690,443180,10903,15,689,984.9,294.8
R,300922,23710,599,690,178367,7195,584,689,984.9,294.8
D,NBXX,9062,8.940e-5,6.194e-5,3.925e-5,9.293e-6,6.857e-6,6.177e-6
Y,224478,984.9,294.8,293.2,77.5,13.1,5.8,0,0000
T,2014,05,22,10,42,16
B,62206,8829,11,689,37495,1771,6,690,984.9,294.9
G,746876,59164,14,689,441959,10854,14,690,984.9,294.9
R,302212,23751,586,689,178954,7162,563,690,984.9,294.9
D,NBXX,9002,8.820e-5,6.086e-5,3.921e-5,8.712e-6,6.730e-6,6.081e-6
Y,225335,984.9,294.9,293.2,76.5,13.1,5.8,0,0000
T,2014,05,22,10,43,16
B,61711,8766,19,690,37856,1848,19,689,984.9,295.1
G,748345,58672,11,690,443429,10950,9,689,984.9,295.1
R,303658,23262,598,690,179338,7220,549,689,984.9,295.1
D,NBXX,8942,8.798e-5,6.008e-5,3.770e-5,9.694e-6,6.883e-6,6.211e-6
Y,225452,984.9,295.1,293.2,75.8,13.1,5.8,0,0000
T,2014,05,22,10,44,16
B,62499,8637,17,689,38454,1774,13,690,984.9,295.2
G,749681,58286,14,689,443200,10907,12,690,984.9,295.2
R,303969,23019,561,689,179159,7135,581,690,984.9,295.2
D,NBXX,8882,8.488e-5,5.942e-5,3.707e-5,8.452e-6,6.749e-6,5.960e-6
Y,226186,984.9,295.2,293.2,75.3,13.1,5.8,0,0000
T,2014,05,22,10,45,16
B,62111,8403,13,690,37818,1820,14,689,984.9,295.4
G,753415,58196,21,690,442689,10896,16,689,984.9,295.4
R,303688,23387,577,690,178910,7017,578,689,984.9,295.4
D,NBXX,8822,8.247e-5,5.891e-5,3.802e-5,9.341e-6,6.689e-6,5.683e-6
Y,226986,984.9,295.4,293.3,74.9,13.1,5.8,0,0000
T,2014,05,22,10,46,16
B,62741,8704,17,689,37915,1663,13,690,984.9,295.5
G,752388,58206,16,689,446071,10698,14,690,984.9,295.5
R,303586,23483,614,689,181467,7108,584,690,984.9,295.5
D,NBXX,8762,8.536e-5,5.906e-5,3.816e-5,6.884e-6,6.432e-6,5.746e-6
Y,227006,984.9,295.5,293.3,74.2,13.1,5.8,0,0000
T,2014,05,22,10,47,16
B,63377,8572,24,690,37870,1770,26,689,984.9,295.7
G,754033,58119,22,690,447103,10942,14,689,984.9,295.7
R,305152,23088,599,690,181213,7136,549,689,984.9,295.7
D,NBXX,8702,8.213e-5,5.877e-5,3.701e-5,7.847e-6,6.752e-6,5.936e-6
Y,227173,984.9,295.7,293.3,73.7,13.2,5.8,0,0000
T,2014,05,22,10,48,16
B,63434,8550,24,689,38494,1813,13,690,984.9,295.8
G,754049,57785,14,689,447774,11199,10,690,984.9,295.8
R,303957,23100,645,689,180633,7161,587,690,984.9,295.8
D,NBXX,8642,8.196e-5,5.835e-5,3.702e-5,8.545e-6,7.064e-6,5.762e-6
Y,227509,984.9,295.8,293.4,73.4,13.2,5.9,0,0000
T,2014,05,22,10,49,16
B,63346,8540,15,690,38568,1790,27,689,985.0,296.0
G,753901,57792,19,690,448872,10855,14,689,985.0,296.0
R,305632,23056,614,690,181742,6936,543,689,985.0,296.0
D,NBXX,8582,8.191e-5,5.836e-5,3.682e-5,8.263e-6,6.646e-6,5.381e-6
Y,227133,985.0,296.0,293.4,73.2,13.2,5.9,0,0000
T,2014,05,22,10,50,16
B,63112,8712,9,689,38180,1675,9,689,984.9,296.1
G,754310,57997,23,689,446309,10689,14,689,984.9,296.1
R,304591,22882,588,689,180353,6986,595,689,984.9,296.1
D,NBXX,8522,8.502e-5,5.858e-5,3.649e-5,7.162e-6,6.395e-6,5.456e-6
Y,227588,984.9,296.1,293.4,72.8,13.2,5.9,0,0000
T,2014,05,22,10,51,16
B,62654,8589,13,689,38433,1810,20,690,984.9,296.2
G,756935,58336,20,689,444888,10994,10,690,984.9,296.2
R,304577,23190,615,689,179150,7123,581,690,984.9,296.2
D,NBXX,8462,8.398e-5,5.880e-5,3.724e-5,8.874e-6,6.746e-6,5.742e-6
Y,228384,984.9,296.2,293.5,72.6,13.2,5.9,0,0000
T,2014,05,22,10,52,16
B,62958,8549,10,690,38497,1820,27,689,984.9,296.4
G,758675,58384,17,690,447880,10930,7,689,984.9,296.4
R,305698,23336,619,690,181354,7135,615,689,984.9,296.4
D,NBXX,8402,8.286e-5,5.869e-5,3.729e-5,8.914e-6,6.681e-6,5.655e-6
Y,228578,984.9,296.4,293.5,72.3,13.2,5.9,0,0000
T,2014,05,22,10,53,16
B,63383,8501,20,689,38206,1775,16,690,984.9,296.5
G,758779,57777,17,689,442695,10882,8,690,984.9,296.5
R,305893,23029,575,689,179086,7149,595,690,984.9,296.5
D,NBXX,8342,8.147e-5,5.789e-5,3.667e-5,8.102e-6,6.574e-6,5.821e-6
Y,228943,984.9,296.5,293.5,71.9,13.2,5.9,0,0000
T,2014,05,22,10,54,16
B,63165,8714,12,690,38166,1918,15,689,984.9,296.6
G,760445,57725,10,690,442216,10710,18,689,984.9,296.6
R,307022,22951,646,690,178909,7161,592,689,984.9,296.6
D,NBXX,8282,8.484e-5,5.766e-5,3.607e-5,1.030e-5,6.357e-6,5.646e-6
Y,229114,984.9,296.6,293.5,71.5,13.2,5.9,0,0000
T,2014,05,22,10,55,16
B,63993,8692,31,689,37918,1828,13,690,984.9,296.7
G,759466,58141,21,689,438940,10936,19,690,984.9,296.7
R,306343,23138,600,689,178159,7085,649,690,984.9,296.7
D,NBXX,8222,8.279e-5,5.828e-5,3.664e-5,8.458e-6,6.609e-6,5.408e-6
Y,229151,984.9,296.7,293.6,71.1,13.2,5.9,0,0000
T,2014,05,22,10,56,16
B,63925,8985,23,690,38369,1751,21,689,984.9,296.8
G,761919,58454,13,690,447556,10958,16,689,984.9,296.8
R,306708,23233,598,690,181007,7249,596,689,984.9,296.8
D,NBXX,8162,8.681e-5,5.845e-5,3.696e-5,7.547e-6,6.649e-6,6.011e-6
Y,229560,984.9,296.8,293.6,71.0,13.2,5.9,0,0000
T,2014,05,22,10,57,16
B,63988,8596,22,689,38323,1820,13,690,984.9,296.9
G,760972,57472,18,689,449935,11121,11,690,984.9,296.9
R,305866,22651,607,689,181679,7052,651,690,984.9,296.9
D,NBXX,8102,8.170e-5,5.730e-5,3.547e-5,8.506e-6,6.850e-6,5.321e-6
Y,229608,984.9,296.9,293.6,70.6,13.2,5.9,0,0000
T,2014,05,22,10,58,16
B,63780,8437,22,690,38535,1819,6,689,984.8,297.0
G,760910,58083,17,690,446547,10745,16,689,984.8,297.0
R,306283,23023,682,690,180384,7182,629,689,984.8,297.0
D,NBXX,8042,8.006e-5,5.810e-5,3.617e-5,8.745e-6,6.400e-6,5.521e-6
Y,229255,984.8,297.0,293.7,70.0,13.2,5.9,0,0000
T,2014,05,22,10,59,16
B,63331,8490,13,689,38099,1705,17,689,984.8,297.1
G,761677,57753,18,689,444889,10882,17,689,984.8,297.1
R,307903,22984,634,689,179149,7002,666,689,984.8,297.1
D,NBXX,7982,8.156e-5,5.759e-5,3.585e-5,7.342e-6,6.539e-6,5.016e-6
Y,229821,984.8,297.1,293.7,70.2,13.2,5.9,0,0000
T,2014,05,22,11,00,16
B,64001,8390,21,689,38698,1741,20,690,984.9,297.2
G,760685,56419,14,689,450787,10800,24,690,984.9,297.2
R,306505,22364,579,689,182072,7129,608,690,984.9,297.2
D,NBXX,7922,7.890e-5,5.596e-5,3.486e-5,7.383e-6,6.427e-6,5.706e-6
Y,229521,984.9,297.2,293.7,69.3,13.2,5.9,0,0000
T,2014,05,22,11,01,16
B,63807,8259,21,690,38483,1840,21,689,984.9,297.3
G,763440,56570,17,690,445630,10911,16,689,984.9,297.3
R,307463,22694,605,690,180354,7295,608,689,984.9,297.3
D,NBXX,7862,7.748e-5,5.589e-5,3.545e-5,8.813e-6,6.568e-6,6.049e-6
Y,230020,984.9,297.3,293.7,69.0,13.2,5.9,0,0000
T,2014,05,22,11,02,16
B,63928,8250,16,689,38142,1773,26,690,984.9,297.4
G,762739,56440,25,689,444854,10699,18,690,984.9,297.4
R,307626,22541,659,689,179808,7239,699,690,984.9,297.4
D,NBXX,7802,7.719e-5,5.578e-5,3.463e-5,7.829e-6,6.252e-6,5.431e-6
Y,230143,984.9,297.4,293.8,68.5,13.2,5.9,0,0000
T,2014,05,22,11,03,16
B,63990,8464,9,690,38772,1712,9,689,984.9,297.5
G,762108,55606,13,690,449384,10704,13,689,984.9,297.5
R,307551,22743,666,690,181278,7027,679,689,984.9,297.5
D,NBXX,7742,8.026e-5,5.479e-5,3.518e-5,7.435e-6,6.335e-6,4.986e-6
Y,229617,984.9,297.5,293.8,68.0,13.2,5.9,0,0000
T,2014,05,22,11,04,16
B,64120,8160,16,689,38660,1707,18,690,984.9,297.6
G,763227,55330,19,689,444193,10562,20,690,984.9,297.6
R,308046,22386,696,689,179710,7012,636,690,984.9,297.6
D,NBXX,7682,7.579e-5,5.433e-5,3.424e-5,7.015e-6,6.086e-6,4.919e-6
Y,230291,984.9,297.6,293.8,68.0,13.2,5.9,0,0000
T,2014,05,22,11,05,16
B,63745,8230,15,690,38856,1823,15,689,984.9,297.6
G,764766,55488,9,690,452344,10566,14,689,984.9,297.6
R,308152,22425,647,690,183131,7155,690,689,984.9,297.6
D,NBXX,7622,7.741e-5,5.442e-5,3.430e-5,8.808e-6,6.127e-6,5.304e-6
Y,230422,984.9,297.6,293.8,67.6,13.2,5.9,0,0000
T,2014,05,22,11,06,16
B,63699,8223,23,689,38972,1687,6,690,984.8,297.7
G,762790,55952,24,689,450285,10641,5,690,984.8,297.7
R,308312,22390,727,689,182704,7172,617,690,984.8,297.7
D,NBXX,7562,7.744e-5,5.519e-5,3.417e-5,6.986e-6,6.211e-6,5.272e-6
Y,230159,984.8,297.7,293.9,67.4,13.2,5.9,0,0000
T,2014,05,22,11,07,16
B,63549,8320,7,690,38753,1691,29,689,984.9,297.8
G,761187,55634,23,690,449944,10602,15,689,984.9,297.8
R,306905,22703,678,690,181926,7166,676,689,984.9,297.8
D,NBXX,7502,7.888e-5,5.492e-5,3.516e-5,7.047e-6,6.215e-6,5.339e-6
Y,229338,984.9,297.8,293.9,67.7,13.1,5.9,0,0000
T,2014,05,22,11,08,16
B,61971,8227,23,689,37738,1785,5,690,984.9,297.8
G,743343,54544,9,689,441276,10395,10,690,984.9,297.8
R,301231,22337,710,689,179118,6929,710,690,984.9,297.8
D,NBXX,7442,8.054e-5,5.524e-5,3.504e-5,8.945e-6,6.260e-6,4.755e-6
Y,224265,984.9,297.8,293.9,67.7,13.1,5.9,0,0000
T,2014,05,22,11,09,16
B,62250,7936,20,689,37817,1654,21,689,984.9,297.9
G,742903,54132,26,689,439418,10498,21,689,984.9,297.9
R,300488,21892,698,689,177748,6984,652,689,984.9,297.9
D,NBXX,7382,7.589e-5,5.469e-5,3.423e-5,6.892e-6,6.381e-6,5.161e-6
Y,224131,984.9,297.9,294.0,67.1,13.1,5.9,0,0000
T,2014,05,22,11,10,16
B,62105,8173,26,690,37956,1726,15,689,984.8,297.9
G,745212,54325,12,690,436984,10577,5,689,984.8,297.9
R,300857,22020,611,690,177541,7149,668,689,984.8,297.9
D,NBXX,7322,7.936e-5,5.477e-5,3.470e-5,7.955e-6,6.509e-6,5.803e-6
Y,224504,984.8,297.9,294.0,66.7,13.1,5.9,0,0000
T,2014,05,22,11,11,16
B,62228,7840,26,689,37883,1711,30,690,984.8,298.0
G,743853,53827,8,689,441829,10423,9,690,984.8,298.0
R,301538,21908,729,689,180029,7077,648,690,984.8,298.0
D,NBXX,7262,7.443e-5,5.424e-5,3.401e-5,7.419e-6,6.291e-6,5.247e-6
Y,224419,984.8,298.0,294.0,66.6,13.1,5.9,0,0000
T,2014,05,22,11,12,16
B,61937,8031,16,690,37851,1664,23,689,984.8,298.1
G,744022,53081,18,690,438365,10523,9,689,984.8,298.1
R,301345,21930,674,690,178068,7030,661,689,984.8,298.1
D,NBXX,7202,7.778e-5,5.322e-5,3.422e-5,7.217e-6,6.445e-6,5.307e-6
Y,224144,984.8,298.1,294.0,66.3,13.1,5.9,0,0000
T,2014,05,22,11,13,16
B,61893,8107,23,689,37854,1756,22,690,984.8,298.1
G,743620,53338,11,689,438729,10443,18,690,984.8,298.1
R,301293,22180,619,689,177752,7220,635,690,984.8,298.1
D,NBXX,7142,7.881e-5,5.360e-5,3.511e-5,8.326e-6,6.303e-6,5.990e-6
Y,224349,984.8,298.1,294.1,66.1,13.1,5.9,0,0000
T,2014,05,22,11,14,16
B,61802,7858,12,690,38123,1764,14,689,984.8,298.2
G,745541,53499,11,690,444634,10225,14,689,984.8,298.2
R,302575,21830,738,690,180691,7134,670,689,984.8,298.2
D,NBXX,7082,7.586e-5,5.364e-5,3.354e-5,8.839e-6,6.025e-6,5.300e-6
Y,224603,984.8,298.2,294.1,65.9,13.1,5.9,0,0000
T,2014,05,22,11,15,16
B,61783,7852,30,689,37872,1687,13,690,984.8,298.2
G,744706,52682,15,689,442778,10461,19,690,984.8,298.2
R,303143,21429,684,689,179866,7139,675,690,984.8,298.2
D,NBXX,7022,7.555e-5,5.262e-5,3.257e-5,7.457e-6,6.299e-6,5.384e-6
Y,224678,984.8,298.2,294.1,65.8,13.1,5.9,0,0000
T,2014,05,22,11,16,16
B,61877,7984,18,690,37865,1824,18,689,984.9,298.3
G,744481,53188,5,690,439930,10237,10,689,984.9,298.3
R,301892,21722,687,690,179369,7135,714,689,984.9,298.3
D,NBXX,6962,7.732e-5,5.337e-5,3.340e-5,9.485e-6,6.089e-6,5.355e-6
Y,224283,984.9,298.3,294.1,65.5,13.1,5.9,0,0000
T,2014,05,22,11,17,16
B,62038,7805,18,689,38554,1717,36,690,984.8,298.3
G,745002,53156,31,689,444111,10162,15,690,984.8,298.3
R,301220,21588,706,689,180397,7090,719,690,984.8,298.3
D,NBXX,6902,7.433e-5,5.323e-5,3.311e-5,7.614e-6,5.894e-6,5.153e-6
Y,224768,984.8,298.3,294.1,65.3,13.0,5.9,0,0000
T,2014,05,22,11,18,16
B,61512,7823,21,690,38156,1694,22,689,984.9,298.4
G,745094,52738,21,690,441504,10114,10,689,984.9,298.4
R,301917,21642,685,690,178770,6997,717,689,984.9,298.4
D,NBXX,6842,7.565e-5,5.269e-5,3.319e-5,7.732e-6,5.891e-6,4.997e-6
Y,224468,984.9,298.4,294.2,65.0,13.1,5.9,0,0000
T,2014,05,22,11,19,16
B,62078,7807,43,689,37805,1708,30,689,984.9,298.4
G,744327,52647,20,689,440089,10175,10,689,984.9,298.4
R,301942,21627,717,689,179418,6971,727,689,984.9,298.4
D,NBXX,6782,7.400e-5,5.264e-5,3.303e-5,7.211e-6,5.967e-6,4.782e-6
Y,224563,984.9,298.4,294.2,65.0,13.1,5.9,0,0000
T,2014,05,22,11,20,16
B,62159,7771,21,689,37787,1711,24,690,984.8,298.4
G,742495,51979,15,689,440675,10291,12,690,984.8,298.4
R,301806,21544,724,689,179105,6925,724,690,984.8,298.4
D,NBXX,6722,7.380e-5,5.194e-5,3.283e-5,7.630e-6,6.139e-6,4.636e-6
Y,224008,984.8,298.4,294.2,64.8,13.1,5.9,0,0000
T,2014,05,22,11,21,16
B,62237,7588,25,690,37502,1688,33,689,984.8,298.5
G,745334,51980,32,690,441728,10296,25,689,984.8,298.5
R,302363,21564,749,690,178607,7023,704,689,984.8,298.5
D,NBXX,6662,7.099e-5,5.163e-5,3.277e-5,7.151e-6,6.087e-6,4.892e-6
Y,224541,984.8,298.5,294.2,64.5,13.1,5.9,0,0000
T,2014,05,22,11,22,16
B,62305,7567,32,689,37491,1706,13,690,984.8,298.5
G,743960,50878,25,689,439023,10235,18,690,984.8,298.5
R,301652,21193,697,689,179001,6809,657,690,984.8,298.5
D,NBXX,6602,7.079e-5,5.032e-5,3.223e-5,7.510e-6,6.014e-6,4.626e-6
Y,224452,984.8,298.5,294.2,63.8,13.1,5.9,0,0000
T,2014,05,22,11,23,16
B,62402,7685,21,690,37885,1757,19,689,984.8,298.6
G,745047,51866,31,690,443438,10175,13,689,984.8,298.6
R,302441,21153,654,690,179961,7017,649,689,984.8,298.6
D,NBXX,6542,7.230e-5,5.152e-5,3.214e-5,8.310e-6,5.952e-6,5.318e-6
Y,224454,984.8,298.6,294.3,63.3,13.1,5.9,0,0000
T,2014,05,22,11,24,16
B,62050,7590,26,689,38294,1668,26,690,984.7,298.6
G,746980,51147,13,689,442158,10096,11,690,984.7,298.6
R,302128,21139,704,689,179657,6990,645,690,984.7,298.6
D,NBXX,6482,7.141e-5,5.043e-5,3.203e-5,6.975e-6,5.805e-6,5.081e-6
Y,225367,984.7,298.6,294.3,63.0,13.1,5.9,0,0000
T,2014,05,22,11,25,16
B,62537,7707,16,690,38001,1702,16,689,984.7,298.6
G,745617,50748,22,690,445075,10209,21,689,984.7,298.6
R,302471,21117,667,690,181924,6849,693,689,984.7,298.6
D,NBXX,6422,7.250e-5,5.000e-5,3.188e-5,7.642e-6,5.989e-6,4.718e-6
Y,224626,984.7,298.6,294.3,62.7,13.1,5.9,0,0000
T,2014,05,22,11,26,16
B,62624,7628,21,689,37719,1729,13,690,984.7,298.7
G,744276,50588,14,689,442720,10348,18,690,984.7,298.7
R,302366,20814,686,689,179695,6911,633,690,984.7,298.7
D,NBXX,6362,7.129e-5,4.992e-5,3.125e-5,7.891e-6,6.174e-6,4.958e-6
Y,224548,984.7,298.7,294.3,62.9,13.1,5.9,0,0000
T,2014,05,22,11,27,16
B,62215,7754,17,690,37943,1692,17,689,984.7,298.7
G,745724,52603,14,690,441404,10465,17,689,984.7,298.7
R,302506,22285,653,690,179730,7132,663,689,984.7,298.7
D,NBXX,6302,7.367e-5,5.245e-5,3.498e-5,7.605e-6,6.344e-6,5.570e-6
Y,224659,984.7,298.7,294.3,63.0,13.1,5.9,0,0000
T,2014,05,22,11,28,16
B,61939,7801,19,689,37407,1699,26,689,984.7,298.7
G,741881,50875,25,689,437553,10173,11,689,984.7,298.7
R,302231,21406,718,689,177999,6964,694,689,984.7,298.7
D,NBXX,6242,7.461e-5,5.051e-5,3.251e-5,7.594e-6,6.000e-6,4.846e-6
Y,223822,984.7,298.7,294.4,62.9,13.1,5.9,0,0000
T,2014,05,22,11,29,16
B,62269,7440,24,689,37935,1691,16,690,984.7,298.8
G,743175,50059,22,689,442153,10116,11,690,984.7,298.8
R,302573,20861,696,689,179984,6811,676,690,984.7,298.8
D,NBXX,6182,6.923e-5,4.932e-5,3.118e-5,7.412e-6,5.886e-6,4.537e-6
Y,224214,984.7,298.8,294.4,62.5,13.1,5.9,0,0000
T,2014,05,22,11,30,16
B,62373,7707,25,690,38041,1713,8,689,984.7,298.8
G,745334,50854,23,690,442699,10119,14,689,984.7,298.8
R,303457,21217,688,690,179724,7033,655,689,984.7,298.8
D,NBXX,6122,7.278e-5,5.017e-5,3.202e-5,7.848e-6,5.884e-6,5.193e-6
Y,224541,984.7,298.8,294.4,62.4,13.1,5.9,0,0000
T,2014,05,22,11,31,16
B,61992,7242,18,689,37871,1679,20,690,984.6,298.8
G,743501,50025,16,689,439425,10149,23,690,984.6,298.8
R,302854,20994,702,689,179262,7050,660,690,984.6,298.8
D,NBXX,6062,6.701e-5,4.924e-5,3.150e-5,7.380e-6,5.915e-6,5.162e-6
Y,224313,984.6,298.8,294.4,62.4,13.1,5.9,0,0000
T,2014,05,22,11,32,16
B,61707,7419,29,690,37771,1727,17,689,984.6,298.9
G,745369,50224,12,690,440289,10125,3,689,984.6,298.9
R,302520,20403,711,690,178025,7009,690,689,984.6,298.9
D,NBXX,6002,6.976e-5,4.937e-5,2.993e-5,8.079e-6,5.925e-6,5.003e-6
Y,224551,984.6,298.9,294.5,62.0,13.1,5.9,0,0000
T,2014,05,22,11,33,16
B,62546,7506,30,689,37951,1683,20,690,984.6,298.9
G,743302,50340,16,689,440803,10102,19,690,984.6,298.9
R,302863,21090,669,689,178957,6929,666,690,984.6,298.9
D,NBXX,5942,6.953e-5,4.968e-5,3.182e-5,7.049e-6,5.862e-6,4.934e-6
Y,224252,984.6,298.9,294.5,62.2,13.1,5.9,0,0000
T,2014,05,22,11,34,16
B,62287,7543,26,690,38070,1615,30,689,984.6,299.0
G,746808,50958,20,690,440442,10309,11,689,984.6,299.0
R,303823,21191,678,690,179498,7031,695,689,984.6,299.0
D,NBXX,5882,7.038e-5,5.018e-5,3.181e-5,6.202e-6,6.117e-6,5.083e-6
Y,224987,984.6,299.0,294.5,62.4,13.0,5.9,0,0000
T,2014,05,22,11,35,16
B,62635,7520,25,689,37844,1674,21,690,984.6,299.0
G,746013,50142,19,689,438521,10074,14,690,984.6,299.0
R,302487,20981,681,689,177952,6896,675,690,984.6,299.0
D,NBXX,5822,6.966e-5,4.918e-5,3.155e-5,6.973e-6,5.780e-6,4.804e-6
Y,225074,984.6,299.0,294.5,62.2,13.1,5.9,0,0000
T,2014,05,22,11,36,16
B,62138,7507,17,690,37458,1609,19,689,984.6,299.0
G,744790,50389,16,690,441010,10088,14,689,984.6,299.0
R,302391,20887,731,690,179334,6930,779,689,984.6,299.0
D,NBXX,5762,7.044e-5,4.962e-5,3.087e-5,6.486e-6,5.863e-6,4.484e-6
Y,224376,984.6,299.0,294.5,62.2,13.1,5.9,0,0000
T,2014,05,22,11,37,16
B,62050,7430,35,689,37779,1702,15,690,984.6,299.0
G,745368,49484,27,689,441644,10122,6,690,984.6,299.0
R,303018,20838,695,689,179731,7000,694,690,984.6,299.0
D,NBXX,5702,6.932e-5,4.836e-5,3.100e-5,7.497e-6,5.855e-6,4.948e-6
Y,224878,984.6,299.0,294.5,61.6,13.1,5.9,0,0000
T,2014,05,22,11,38,16
B,62088,7253,22,689,37830,1701,21,689,984.6,299.0
G,742717,48870,19,689,443363,9997,16,689,984.6,299.0
R,303020,20498,714,689,179759,6976,652,689,984.6,299.0
D,NBXX,5642,6.696e-5,4.778e-5,3.020e-5,7.612e-6,5.753e-6,4.977e-6
Y,224075,984.6,299.0,294.6,61.2,13.1,5.9,0,0000
T,2014,05,22,11,39,16
B,62143,7358,19,690,38048,1633,15,689,984.6,299.0
G,744500,48455,18,690,443410,9928,16,689,984.6,299.0
R,302468,20555,748,690,180014,6710,735,689,984.6,299.0
D,NBXX,5582,6.844e-5,4.708e-5,3.009e-5,6.842e-6,5.651e-6,3.999e-6
Y,224288,984.6,299.0,294.6,60.7,13.1,5.9,0,0000
T,2014,05,22,11,40,16
B,62062,7244,14,689,38442,1671,22,690,984.7,299.0
G,743667,48833,23,689,441939,10187,23,690,984.7,299.0
R,302551,20828,718,689,180326,6999,705,690,984.7,299.0
D,NBXX,5522,6.699e-5,4.763e-5,3.095e-5,7.292e-6,5.951e-6,4.866e-6
Y,224363,984.7,299.0,294.6,61.4,13.1,5.9,0,0000
T,2014,05,22,11,41,16
B,61724,7372,13,690,38406,1650,24,689,984.6,299.1
G,745527,49067,22,690,443244,10043,22,689,984.6,299.1
R,304104,20663,767,690,181463,6875,740,689,984.6,299.1
D,NBXX,5462,6.926e-5,4.781e-5,3.006e-5,7.175e-6,5.783e-6,4.292e-6
Y,224599,984.6,299.1,294.6,61.2,13.1,5.9,0,0000
T,2014,05,22,11,42,16
B,62226,7309,28,689,38585,1655,18,690,984.6,299.1
G,744492,48637,22,689,441043,10020,23,690,984.6,299.1
R,302891,20678,730,689,179788,6957,720,690,984.6,299.1
D,NBXX,5402,6.746e-5,4.733e-5,3.046e-5,6.859e-6,5.731e-6,4.677e-6
Y,224613,984.6,299.1,294.6,60.7,13.1,5.9,0,0000
T,2014,05,22,11,43,16
B,62677,7235,22,690,37970,1729,22,689,984.6,299.1
G,746262,49692,26,690,440448,9985,19,689,984.6,299.1
R,303377,21125,775,690,179717,6996,740,689,984.6,299.1
D,NBXX,5342,6.578e-5,4.857e-5,3.133e-5,7.796e-6,5.692e-6,4.608e-6
Y,224822,984.6,299.1,294.6,61.6,13.1,5.9,0,0000
T,2014,05,22,11,44,16
B,62497,7046,13,689,38275,1580,43,690,984.5,299.1
G,743740,48774,27,689,440414,10082,13,690,984.5,299.1
R,302536,20589,713,689,180633,6906,708,690,984.5,299.1
D,NBXX,5282,6.333e-5,4.758e-5,3.038e-5,5.597e-6,5.834e-6,4.649e-6
Y,224385,984.5,299.1,294.6,61.2,13.1,5.9,0,0000
T,2014,05,22,11,45,16
B,62106,7256,22,690,38490,1683,29,689,984.5,299.1
G,744504,48012,25,690,440370,9927,11,689,984.5,299.1
R,303471,20429,771,690,179050,6806,734,689,984.5,299.1
D,NBXX,5222,6.685e-5,4.652e-5,2.957e-5,7.268e-6,5.660e-6,4.149e-6
Y,224290,984.5,299.1,294.6,61.1,13.1,5.9,0,0000
T,2014,05,22,11,46,16
B,62727,7133,24,689,37995,1613,14,690,984.5,299.1
G,743814,47880,22,689,437140,9859,9,690,984.5,299.1
R,302291,20284,744,689,177428,6817,737,690,984.5,299.1
D,NBXX,5162,6.443e-5,4.641e-5,2.946e-5,6.246e-6,5.552e-6,4.255e-6
Y,224408,984.5,299.1,294.6,60.7,13.1,5.9,0,0000
T,2014,05,22,11,47,16
B,62283,7154,28,690,37396,1634,18,689,984.5,299.1
G,745145,47795,11,690,434468,10028,16,689,984.5,299.1
R,303584,20331,705,690,177174,7013,734,689,984.5,299.1
D,NBXX,5102,6.527e-5,4.619e-5,2.949e-5,6.619e-6,5.796e-6,4.867e-6
Y,224484,984.5,299.1,294.6,59.9,13.1,5.9,0,0000
T,2014,05,22,11,48,16
B,62055,7262,22,689,37714,1723,20,689,984.6,299.1
G,743949,49026,13,689,437027,9814,15,689,984.6,299.1
R,302849,20384,750,689,177940,6899,717,689,984.6,299.1
D,NBXX,5042,6.715e-5,4.792e-5,2.967e-5,7.939e-6,5.513e-6,4.503e-6
Y,224448,984.6,299.1,294.7,60.1,13.1,5.9,0,0000
T,2014,05,22,11,49,16
B,62041,7388,26,689,37876,1622,15,690,984.6,299.1
G,742272,48484,26,689,435889,9906,24,690,984.6,299.1
R,301600,20223,754,689,177835,6894,699,690,984.6,299.1
D,NBXX,4982,6.890e-5,4.731e-5,2.950e-5,6.555e-6,5.612e-6,4.565e-6
Y,223940,984.6,299.1,294.7,60.1,13.1,5.9,0,0000
T,2014,05,22,11,50,16
B,62061,7269,28,690,37524,1664,32,689,984.6,299.2
G,742520,49273,30,690,436423,9986,25,689,984.6,299.2
R,301719,20828,755,690,177779,7172,732,689,984.6,299.2
D,NBXX,4922,6.696e-5,4.833e-5,3.092e-5,6.883e-6,5.744e-6,5.216e-6
Y,223689,984.6,299.2,294.7,60.1,13.1,5.9,0,0000
T,2014,05,22,11,51,16
B,62117,7295,26,689,37479,1652,23,690,984.6,299.2
G,741871,48236,10,689,436398,10004,16,690,984.6,299.2
R,302655,20526,753,689,177718,7035,821,690,984.6,299.2
D,NBXX,4862,6.740e-5,4.705e-5,2.975e-5,6.810e-6,5.786e-6,4.519e-6
Y,223819,984.6,299.2,294.7,60.1,13.1,5.9,0,0000
T,2014,05,22,11,52,16
B,62059,7215,10,690,37665,1690,16,689,984.5,299.2
G,741844,48293,15,690,434888,9554,18,689,984.5,299.2
R,303527,20395,791,690,178583,6935,737,689,984.5,299.2
D,NBXX,4802,6.675e-5,4.712e-5,2.941e-5,7.774e-6,5.216e-6,4.408e-6
Y,223485,984.5,299.2,294.7,59.8,13.1,5.9,0,0000
T,2014,05,22,11,53,16
B,61791,7111,20,689,36981,1639,26,690,984.5,299.2
G,743509,48694,24,689,432980,9906,17,690,984.5,299.2
R,302591,20410,768,689,177563,6922,701,690,984.5,299.2
D,NBXX,4742,6.545e-5,4.750e-5,2.977e-5,6.794e-6,5.604e-6,4.545e-6
Y,224315,984.5,299.2,294.7,59.8,13.1,5.9,0,0000
T,2014,05,22,11,54,16
B,62259,7139,15,690,37949,1644,20,689,984.5,299.2
G,742120,48454,25,690,436026,9913,5,689,984.5,299.2
R,302487,20241,759,690,177818,6963,846,689,984.5,299.2
D,NBXX,4682,6.527e-5,4.732e-5,2.895e-5,6.936e-6,5.693e-6,4.296e-6
Y,223568,984.5,299.2,294.7,59.9,13.1,5.9,0,0000
T,2014,05,22,11,55,16
B,61847,7192,13,689,37476,1692,18,690,984.5,299.2
G,743677,47648,34,689,436908,9855,16,690,984.5,299.2
R,302126,20378,751,689,177892,7066,675,690,984.5,299.2
D,NBXX,4622,6.670e-5,4.608e-5,2.989e-5,7.734e-6,5.520e-6,5.060e-6
Y,224366,984.5,299.2,294.7,59.9,13.1,5.9,0,0000
T,2014,05,22,11,56,16
B,62389,7079,36,690,37299,1592,19,689,984.5,299.2
G,742925,47407,21,690,433927,9857,16,689,984.5,299.2
R,301388,20091,793,690,177029,6864,726,689,984.5,299.2
D,NBXX,4562,6.395e-5,4.585e-5,2.899e-5,5.872e-6,5.593e-6,4.346e-6
Y,223812,984.5,299.2,294.7,59.6,13.1,5.9,0,0000
T,2014,05,22,11,57,16
B,61422,7200,33,689,37221,1658,20,689,984.5,299.2
G,741412,48573,13,689,432409,9936,16,689,984.5,299.2
R,301063,20312,737,689,176118,7086,780,689,984.5,299.2
D,NBXX,4502,6.714e-5,4.754e-5,2.962e-5,7.106e-6,5.718e-6,4.913e-6
Y,223680,984.5,299.2,294.7,59.6,13.1,5.9,0,0000
T,2014,05,22,11,58,16
B,62200,7138,21,689,37043,1686,20,690,984.5,299.2
G,742135,48679,18,689,433444,9960,15,690,984.5,299.2
R,302029,20267,784,689,176310,7000,774,690,984.5,299.2
D,NBXX,4442,6.526e-5,4.761e-5,2.923e-5,7.367e-6,5.712e-6,4.505e-6
Y,223899,984.5,299.2,294.8,59.8,13.1,5.9,0,0000
T,2014,05,22,11,59,16
B,62185,7451,18,690,36598,1734,23,689,984.5,299.2
G,743041,49904,25,690,432129,10102,20,689,984.5,299.2
R,301013,21094,767,690,176535,7103,725,689,984.5,299.2
D,NBXX,4382,6.953e-5,4.914e-5,3.170e-5,8.091e-6,5.904e-6,5.056e-6
Y,223847,984.5,299.2,294.8,59.8,13.1,5.9,0,0000
T,2014,05,22,12,00,16
B,62000,7274,25,689,37420,1690,12,690,984.5,299.2
G,741992,49418,8,689,433858,10163,12,690,984.5,299.2
R,301450,21031,744,689,177474,7232,756,690,984.5,299.2
D,NBXX,4322,6.748e-5,4.862e-5,3.145e-5,7.556e-6,6.003e-6,5.296e-6
Y,223855,984.5,299.2,294.8,60.1,13.1,5.9,0,0000
T,2014,05,22,12,01,16
B,62392,7327,33,690,37204,1655,13,689,984.5,299.3
G,742466,48656,27,690,432030,10118,27,689,984.5,299.3
R,302656,20648,720,690,175309,6946,777,689,984.5,299.3
D,NBXX,4262,6.747e-5,4.752e-5,3.028e-5,6.880e-6,5.922e-6,4.565e-6
Y,223673,984.5,299.3,294.8,59.9,13.1,5.9,0,0000
T,2014,05,22,12,02,16
B,62774,7179,20,689,37313,1670,14,690,984.5,299.3
G,742227,48707,23,689,435345,10131,18,690,984.5,299.3
R,302100,20351,723,689,177008,7067,743,690,984.5,299.3
D,NBXX,4202,6.506e-5,4.763e-5,2.971e-5,7.072e-6,5.924e-6,4.946e-6
Y,223927,984.5,299.3,294.8,60.1,13.1,5.9,0,0000
T,2014,05,22,12,03,16
B,62193,7096,25,690,37045,1648,36,689,984.5,299.3
G,742551,47179,18,690,435005,9618,27,689,984.5,299.3
R,301813,19978,760,690,176694,6897,751,689,984.5,299.3
D,NBXX,4142,6.442e-5,4.557e-5,2.866e-5,6.618e-6,5.270e-6,4.436e-6
Y,223699,984.5,299.3,294.8,60.1,13.1,5.9,0,0000
T,2014,05,22,12,04,16
B,61993,7274,20,689,37249,1596,32,690,984.5,299.3
G,741481,47366,15,689,433659,9660,26,690,984.5,299.3
R,302227,20105,784,689,177379,6967,761,690,984.5,299.3
D,NBXX,4082,6.729e-5,4.591e-5,2.883e-5,6.058e-6,5.313e-6,4.451e-6
Y,223701,984.5,299.3,294.8,59.3,13.1,5.9,0,0000
T,2014,05,22,12,05,16
B,62253,7048,18,690,37260,1600,25,689,984.5,299.3
G,743690,48123,19,690,434268,9728,23,689,984.5,299.3
R,302315,19985,785,690,176923,7067,729,689,984.5,299.3
D,NBXX,4022,6.395e-5,4.672e-5,2.859e-5,6.228e-6,5.401e-6,4.839e-6
Y,224043,984.5,299.3,294.8,59.4,13.1,5.9,0,0000
T,2014,05,22,12,06,16
B,62252,7115,29,689,37812,1633,23,690,984.5,299.3
G,743994,48149,9,689,435669,9782,20,690,984.5,299.3
R,303240,20501,807,689,177624,6972,782,690,984.5,299.3
D,NBXX,3962,6.472e-5,4.675e-5,2.955e-5,6.472e-6,5.450e-6,4.289e-6
Y,224462,984.5,299.3,294.8,59.8,13.1,5.9,0,0000
T,2014,05,22,12,07,16
B,62102,6945,39,689,37835,1669,21,689,984.4,299.3
G,742377,46981,26,689,439156,9875,9,689,984.4,299.3
R,301352,20044,719,689,179563,7015,760,689,984.4,299.3
D,NBXX,3902,6.252e-5,4.533e-5,2.900e-5,6.919e-6,5.611e-6,4.831e-6
Y,223972,984.4,299.3,294.8,59.1,13.1,5.9,0,0000
T,2014,05,22,12,08,16
B,62081,7094,24,690,37669,1686,18,689,984.4,299.3
G,744062,46860,21,690,440195,9768,24,689,984.4,299.3
R,302264,20007,807,690,179977,6959,767,689,984.4,299.3
D,NBXX,3842,6.485e-5,4.502e-5,2.848e-5,7.474e-6,5.443e-6,4.388e-6
Y,224156,984.4,299.3,294.8,58.5,13.1,5.9,0,0000
T,2014,05,22,12,09,16
B,61920,7031,19,689,38035,1637,34,690,984.4,299.3
G,741258,46980,27,689,441779,9717,25,690,984.4,299.3
R,302984,19841,798,689,178876,6896,775,690,984.4,299.3
D,NBXX,3782,6.408e-5,4.540e-5,2.796e-5,6.625e-6,5.376e-6,4.154e-6
Y,223633,984.4,299.3,294.9,58.3,13.1,5.9,0,0000
T,2014,05,22,12,10,16
B,62564,7088,25,690,37817,1649,18,689,984.4,299.3
G,743104,46461,11,690,441256,9744,29,689,984.4,299.3
R,303026,20117,717,690,179566,6876,721,689,984.4,299.3
D,NBXX,3722,6.402e-5,4.458e-5,2.904e-5,6.786e-6,5.436e-6,4.545e-6
Y,223866,984.4,299.3,294.9,58.1,13.1,5.9,0,0000
T,2014,05,22,12,11,16
B,62184,7146,21,689,38004,1595,20,690,984.3,299.3
G,741394,46599,13,689,442402,9810,16,690,984.3,299.3
R,302104,20283,758,689,180202,7023,735,690,984.3,299.3
D,NBXX,3662,6.542e-5,4.492e-5,2.945e-5,6.153e-6,5.532e-6,4.753e-6
Y,223674,984.3,299.3,294.9,58.5,13.1,5.9,0,0000
T,2014,05,22,12,12,16
B,62138,7112,27,690,38065,1562,23,689,984.3,299.3
G,741160,46882,29,690,441323,9823,17,689,984.3,299.3
R,301446,20163,785,690,180090,6973,811,689,984.3,299.3
D,NBXX,3602,6.489e-5,4.529e-5,2.894e-5,5.640e-6,5.565e-6,4.394e-6
Y,223278,984.3,299.3,294.9,58.6,13.1,5.9,0,0000
T,2014,05,22,12,13,16
B,61911,7050,25,689,37691,1671,25,690,984.3,299.4
G,740532,47400,17,689,441718,9649,20,690,984.3,299.4
R,301042,20301,778,689,180606,7066,764,690,984.3,299.4
D,NBXX,3542,6.439e-5,4.604e-5,2.952e-5,7.139e-6,5.321e-6,4.765e-6
Y,223413,984.3,299.4,294.9,59.1,13.1,5.9,0,0000
T,2014,05,22,12,14,16
B,62050,7291,20,690,37604,1655,31,689,984.3,299.4
G,743269,47542,32,690,440707,9703,12,689,984.3,299.4
R,302282,20321,819,690,178249,7047,751,689,984.3,299.4
D,NBXX,3482,6.744e-5,4.599e-5,2.929e-5,6.920e-6,5.372e-6,4.624e-6
Y,223916,984.3,299.4,294.9,59.3,13.1,5.9,0,0000
T,2014,05,22,12,15,16
B,61740,7101,28,689,38271,1674,38,690,984.3,299.4
G,742010,47941,26,689,442621,9862,17,690,984.3,299.4
R,301914,20458,755,689,180787,7018,774,690,984.3,299.4
D,NBXX,3422,6.511e-5,4.663e-5,2.983e-5,6.987e-6,5.569e-6,4.642e-6
Y,223861,984.3,299.4,294.9,59.4,13.1,5.9,0,0000
T,2014,05,22,12,16,16
B,61642,6871,22,690,37947,1662,27,689,984.3,299.4
G,742567,46540,26,690,440056,9588,24,689,984.3,299.4
R,302258,19899,728,690,179696,6919,779,689,984.3,299.4
D,NBXX,3362,6.237e-5,4.471e-5,2.840e-5,7.192e-6,5.222e-6,4.484e-6
Y,223703,984.3,299.4,294.9,59.3,13.1,5.9,0,0000
T,2014,05,22,12,17,16
B,61990,6927,34,689,37878,1604,21,689,984.3,299.4
G,739734,46401,25,689,440816,9783,21,689,984.3,299.4
R,301378,19734,758,689,178475,6845,742,689,984.3,299.4
D,NBXX,3302,6.252e-5,4.477e-5,2.814e-5,6.152e-6,5.518e-6,4.332e-6
Y,223171,984.3,299.4,294.9,58.5,13.1,5.9,0,0000
T,2014,05,22,12,18,16
B,62462,7044,30,689,38185,1656,37,690,984.3,299.4
G,741915,46817,27,689,440097,9667,10,690,984.3,299.4
R,300225,20373,761,689,178797,6931,802,690,984.3,299.4
D,NBXX,3242,6.321e-5,4.515e-5,2.978e-5,6.476e-6,5.321e-6,4.393e-6
Y,223832,984.3,299.4,294.9,59.0,13.1,5.9,0,0000
T,2014,05,22,12,19,16
B,61931,7018,26,690,38234,1610,22,689,984.3,299.4
G,742378,46093,19,690,439743,9613,19,689,984.3,299.4
R,301045,20076,724,690,179155,7011,826,689,984.3,299.4
D,NBXX,3182,6.396e-5,4.415e-5,2.892e-5,6.395e-6,5.277e-6,4.646e-6
Y,223646,984.3,299.4,294.9,58.3,13.1,5.9,0,0000
T,2014,05,22,12,20,16
B,61885,7174,32,689,37658,1767,26,690,984.3,299.4
G,743780,47286,27,689,437072,9807,8,690,984.3,299.4
R,301641,19902,705,689,177672,6894,725,690,984.3,299.4
D,NBXX,3122,6.600e-5,4.562e-5,2.874e-5,8.329e-6,5.477e-6,4.631e-6
Y,224397,984.3,299.4,294.9,58.8,13.1,5.9,0,0000
T,2014,05,22,12,21,16
B,62334,6984,19,690,37305,1635,33,689,984.3,299.4
G,741191,45775,26,690,434401,9486,18,689,984.3,299.4
R,302964,19760,814,690,177433,6884,867,689,984.3,299.4
D,NBXX,3062,6.282e-5,4.382e-5,2.743e-5,6.534e-6,5.120e-6,3.849e-6
Y,223287,984.3,299.4,294.9,58.5,13.1,5.9,0,0000
T,2014,05,22,12,22,16
B,62703,7071,18,689,37783,1597,11,690,984.3,299.4
G,741156,46654,21,689,435318,9613,9,690,984.3,299.4
R,301950,20098,781,689,177912,7013,792,690,984.3,299.4
D,NBXX,3002,6.379e-5,4.501e-5,2.877e-5,6.194e-6,5.274e-6,4.497e-6
Y,223602,984.3,299.4,294.9,57.7,13.1,5.9,0,0000
T,2014,05,22,12,23,16
B,61878,6815,28,690,38166,1631,29,689,984.3,299.4
G,741537,46115,13,690,445079,9680,20,689,984.3,299.4
R,301703,19995,788,690,181777,7010,785,689,984.3,299.4
D,NBXX,2942,6.113e-5,4.426e-5,2.854e-5,6.558e-6,5.389e-6,4.546e-6
Y,223392,984.3,299.4,294.9,58.0,13.1,5.9,0,0000
T,2014,05,22,12,24,16
B,62100,6974,34,689,37602,1592,20,690,984.3,299.4
G,741470,47321,25,689,439201,9732,14,690,984.3,299.4
R,302221,19987,835,689,179562,7055,836,690,984.3,299.4
D,NBXX,2882,6.301e-5,4.585e-5,2.816e-5,5.936e-6,5.412e-6,4.302e-6
Y,223697,984.3,299.4,294.9,58.3,13.1,5.9,0,0000
T,2014,05,22,12,25,16
B,61797,6926,30,690,37176,1738,23,689,984.3,299.4
G,744834,47373,13,690,433452,9932,11,689,984.3,299.4
R,302634,20356,762,690,176918,7094,837,689,984.3,299.4
D,NBXX,2822,6.283e-5,4.566e-5,2.924e-5,8.113e-6,5.679e-6,4.642e-6
Y,224389,984.3,299.4,294.9,58.3,13.1,5.9,0,0000
T,2014,05,22,12,26,16
B,62158,7056,21,689,37534,1683,34,689,984.2,299.4
G,741360,47156,18,689,436031,9626,15,689,984.2,299.4
R,301743,20253,802,689,177752,6860,776,689,984.2,299.4
D,NBXX,2762,6.402e-5,4.565e-5,2.918e-5,7.168e-6,5.301e-6,4.123e-6
Y,223664,984.2,299.4,294.9,58.5,13.1,5.9,0,0000
T,2014,05,22,12,27,16
B,62227,6932,27,689,37012,1622,22,690,984.2,299.4
G,739350,47067,20,689,432898,9741,11,690,984.2,299.4
R,302668,20258,801,689,176970,7085,803,690,984.2,299.4
D,NBXX,2702,6.232e-5,4.571e-5,2.898e-5,6.379e-6,5.473e-6,4.557e-6
Y,223055,984.2,299.4,294.9,58.6,13.1,5.9,0,0000
T,2014,05,22,12,28,16
B,61670,6991,43,690,37164,1671,25,689,984.2,299.4
G,742576,46939,13,690,429313,9881,19,689,984.2,299.4
R,303042,20158,747,690,175469,7170,829,689,984.2,299.4
D,NBXX,2642,6.368e-5,4.526e-5,2.874e-5,7.004e-6,5.639e-6,4.886e-6
Y,223706,984.2,299.4,294.9,58.3,13.1,5.9,0,0000
T,2014,05,22,12,29,16
B,62047,6853,29,689,36799,1719,17,690,984.2,299.4
G,741124,46830,17,689,431987,9705,30,690,984.2,299.4
R,302717,19781,791,689,176119,7016,739,690,984.2,299.4
D,NBXX,2582,6.157e-5,4.522e-5,2.797e-5,7.806e-6,5.370e-6,4.598e-6
Y,223592,984.2,299.4,294.9,58.6,13.1,5.9,0,0000
T,2014,05,22,12,30,16
B,61811,7062,27,690,36962,1615,14,689,984.3,299.4
G,742837,47479,22,690,426324,9814,29,689,984.3,299.4
R,303425,20381,827,690,174871,6988,837,689,984.3,299.4
D,NBXX,2522,6.485e-5,4.593e-5,2.899e-5,6.616e-6,5.516e-6,4.145e-6
Y,223785,984.3,299.4,294.9,59.0,13.1,5.9,0,0000
T,2014,05,22,12,31,16
B,61898,6937,34,689,37208,1598,14,690,984.3,299.4
G,740416,45746,17,689,430624,9874,11,690,984.3,299.4
R,301162,19685,739,689,174637,6846,778,690,984.3,299.4
D,NBXX,2462,6.290e-5,4.387e-5,2.800e-5,6.181e-6,5.636e-6,4.271e-6
Y,223378,984.3,299.4,294.9,58.6,13.1,5.9,0,0000
T,2014,05,22,12,32,16
B,62414,6829,34,690,37628,1584,41,689,984.3,299.4
G,742207,45886,17,690,439568,9823,16,689,984.3,299.4
R,301576,19562,820,690,178846,7029,852,689,984.3,299.4
D,NBXX,2402,6.025e-5,4.390e-5,2.716e-5,5.455e-6,5.567e-6,4.306e-6
Y,223595,984.3,299.4,295.0,57.7,13.1,5.9,0,0000
T,2014,05,22,12,33,16
B,62335,6778,37,689,37701,1654,24,690,984.3,299.4
G,742133,45291,18,689,438591,9526,18,690,984.3,299.4
R,301564,19610,823,689,178581,6860,713,690,984.3,299.4
D,NBXX,2342,5.989e-5,4.311e-5,2.769e-5,6.587e-6,5.132e-6,4.233e-6
Y,223898,984.3,299.4,295.0,57.3,13.1,5.9,0,0000
T,2014,05,22,12,34,16
B,62173,6824,20,690,37765,1484,29,689,984.3,299.4
G,741854,45744,21,690,439535,9619,15,689,984.3,299.4
R,302725,19686,798,690,179568,6948,804,689,984.3,299.4
D,NBXX,2282,6.094e-5,4.373e-5,2.751e-5,4.584e-6,5.297e-6,4.256e-6
Y,223488,984.3,299.4,295.0,57.3,13.1,5.9,0,0000
T,2014,05,22,12,35,16
B,61845,6817,32,689,38131,1647,15,690,984.3,299.4
G,742667,45324,28,689,442916,9426,24,690,984.3,299.4
R,302780,19644,757,689,179982,7002,750,690,984.3,299.4
D,NBXX,2222,6.136e-5,4.309e-5,2.768e-5,6.882e-6,4.966e-6,4.628e-6
Y,224060,984.3,299.4,295.0,57.7,13.1,5.9,0,0000
T,2014,05,22,12,36,16
B,62226,6660,26,689,38238,1633,13,689,984.3,299.4
G,740822,44450,7,689,441094,9435,21,689,984.3,299.4
R,301563,19181,807,689,180713,6829,799,689,984.3,299.4
D,NBXX,2162,5.879e-5,4.211e-5,2.638e-5,6.717e-6,5.064e-6,3.968e-6
Y,223501,984.3,299.4,295.0,57.0,13.0,5.9,0,0000
T,2014,05,22,12,37,16
B,61757,6527,28,690,37606,1602,31,689,984.3,299.4
G,742121,44199,17,690,438114,9327,24,689,984.3,299.4
R,302171,19191,754,690,178613,6795,783,689,984.3,299.4
D,NBXX,2102,5.734e-5,4.165e-5,2.652e-5,6.171e-6,4.897e-6,4.082e-6
Y,223569,984.3,299.4,295.0,56.5,13.1,5.9,0,0000
