T,2014,08,31,00,03,44
B,266273,36915,200,3448,161547,8067,152,3447,981.2,301.6
G,3167802,239512,108,3448,1862982,48883,116,3447,981.2,301.6
R,1293972,100378,6058,3448,763703,39204,6265,3447,981.2,301.6
D,NBXX,9999,8.289e-5,5.833e-5,3.485e-5,8.823e-6,8.027e-6,6.406e-6
Y,190851,981.2,301.6,297.4,74.9,13.1,5.7,0,0000
T,2014,08,31,00,08,44
B,265204,37910,168,3447,159959,8585,142,3447,981.1,301.6
G,3165036,244814,125,3447,1866166,51011,146,3447,981.1,301.6
R,1293137,101787,6116,3447,764937,39556,6043,3447,981.1,301.6
D,NBXX,9999,8.654e-5,6.003e-5,3.587e-5,1.064e-5,8.683e-6,6.742e-6
Y,190739,981.1,301.6,297.4,74.9,13.1,5.7,0,0000
T,2014,08,31,00,13,44
B,266299,37624,177,3447,161304,8396,150,3448,981.1,301.6
G,3167929,242433,102,3447,1863405,49848,131,3448,981.1,301.6
R,1293469,100806,6040,3447,764509,39162,6259,3448,981.1,301.6
D,NBXX,9999,8.513e-5,5.924e-5,3.516e-5,9.900e-6,8.315e-6,6.392e-6
Y,190914,981.1,301.6,297.4,74.9,13.1,5.7,0,0000
T,2014,08,31,00,18,44
B,265038,37275,178,3447,160638,8072,153,3447,981.1,301.6
G,3169690,239854,138,3447,1868462,49040,122,3447,981.1,301.6
R,1294932,99517,5900,3447,767278,38939,5933,3447,981.1,301.6
D,NBXX,9999,8.459e-5,5.838e-5,3.463e-5,9.015e-6,8.050e-6,6.575e-6
Y,191021,981.1,301.6,297.4,75.0,13.1,5.7,0,0000
T,2014,08,31,00,23,44
B,265311,35636,166,3448,161448,7989,146,3447,981.2,301.6
G,3170234,230502,99,3448,1877294,47865,102,3447,981.2,301.6
R,1293268,96483,6078,3448,767827,38400,6029,3447,981.2,301.6
D,NBXX,9999,7.951e-5,5.548e-5,3.265e-5,8.810e-6,7.707e-6,6.075e-6
Y,190998,981.2,301.6,297.4,75.5,13.1,5.7,0,0000
T,2014,08,31,00,28,44
B,266178,35275,177,3447,161929,7675,140,3447,981.3,301.6
G,3167588,226735,105,3447,1872549,46375,113,3447,981.3,301.6
R,1292576,96251,6243,3447,765888,38216,5950,3447,981.3,301.6
D,NBXX,9999,7.804e-5,5.436e-5,3.247e-5,7.749e-6,7.244e-6,5.903e-6
Y,190894,981.3,301.6,297.4,75.8,13.1,5.7,0,0000
T,2014,08,31,00,33,44
B,265308,37267,193,3447,161210,8061,142,3448,981.3,301.6
G,3165785,241265,131,3447,1873807,49095,132,3448,981.3,301.6
R,1293816,100271,6073,3447,769428,39184,6232,3448,981.3,301.6
D,NBXX,9999,8.444e-5,5.891e-5,3.481e-5,8.936e-6,8.080e-6,6.397e-6
Y,190785,981.3,301.6,297.4,76.0,13.1,5.7,0,0000
T,2014,08,31,00,38,44
B,266410,38362,171,3447,161334,8123,208,3447,981.3,301.6
G,3168991,248853,105,3447,1869547,50120,114,3447,981.3,301.6
R,1293021,102126,6010,3447,765619,39430,5983,3447,981.3,301.6
D,NBXX,9999,8.716e-5,6.122e-5,3.620e-5,8.879e-6,8.404e-6,6.785e-6
Y,190979,981.3,301.6,297.4,76.3,13.1,5.7,0,0000
T,2014,08,31,00,43,44
B,266356,38685,186,3448,161064,8121,144,3447,981.3,301.6
G,3169293,253591,150,3448,1868105,49744,121,3447,981.3,301.6
R,1293261,103733,5957,3448,765702,39512,6082,3447,981.3,301.6
D,NBXX,9999,8.834e-5,6.267e-5,3.714e-5,9.058e-6,8.271e-6,6.805e-6
Y,190941,981.3,301.6,297.4,76.2,13.1,5.7,0,0000
T,2014,08,31,00,48,44
B,265773,39764,179,3447,162007,8196,169,3447,981.6,301.6
G,3168629,260847,133,3447,1870355,51369,134,3447,981.6,301.6
R,1292146,106542,6005,3447,764519,40195,5999,3447,981.6,301.6
D,NBXX,9999,9.182e-5,6.494e-5,3.894e-5,9.255e-6,8.778e-6,7.257e-6
Y,190957,981.6,301.6,297.4,76.5,13.1,5.7,0,0000
T,2014,08,31,00,53,44
B,264928,36629,165,3447,161467,8241,156,3448,981.8,301.6
G,3172188,240703,136,3447,1871782,47777,110,3448,981.8,301.6
R,1291903,100660,5997,3447,766953,38769,6047,3448,981.8,301.6
D,NBXX,9999,8.266e-5,5.859e-5,3.531e-5,9.559e-6,7.645e-6,6.351e-6
Y,191172,981.8,301.6,297.4,77.1,13.1,5.7,0,0000
T,2014,08,31,00,58,44
B,265256,34960,149,3447,161024,7799,163,3447,982.0,301.6
G,3165598,227470,123,3447,1869563,46843,124,3447,982.0,301.6
R,1295381,97892,5992,3447,766411,38526,6070,3447,982.0,301.6
D,NBXX,9999,7.743e-5,5.462e-5,3.346e-5,8.211e-6,7.389e-6,6.154e-6
Y,190773,982.0,301.6,297.4,76.6,13.1,5.7,0,0000
T,2014,08,31,01,03,44
B,266699,33418,173,3448,161884,7899,139,3447,982.2,301.5
G,3171615,228459,145,3448,1870656,46831,132,3447,982.2,301.5
R,1291540,105646,6029,3448,765425,38916,6159,3447,982.2,301.5
D,NBXX,9999,7.212e-5,5.478e-5,3.828e-5,8.386e-6,7.351e-6,6.354e-6
Y,191082,982.2,301.5,297.4,77.0,13.1,5.7,0,0000
T,2014,08,31,01,08,44
B,266156,30190,156,3447,161292,7526,157,3447,982.1,301.5
G,3166034,208719,130,3447,1870781,44726,109,3447,982.1,301.5
R,1292209,100100,6003,3447,766711,38115,5983,3447,982.1,301.5
D,NBXX,9999,6.245e-5,4.877e-5,3.499e-5,7.282e-6,6.730e-6,5.993e-6
Y,190800,982.1,301.5,297.3,77.0,13.1,5.7,0,0000
T,2014,08,31,01,13,44
B,265612,25344,169,3447,161882,6911,155,3448,982.2,301.5
G,3165081,168230,153,3447,1864140,39226,98,3448,982.2,301.5
R,1290961,83909,6080,3447,764053,35212,6178,3448,982.2,301.5
D,NBXX,9999,4.775e-5,3.615e-5,2.491e-5,5.397e-6,5.011e-6,4.025e-6
Y,190742,982.2,301.5,297.3,76.5,13.1,5.7,0,0000
T,2014,08,31,01,18,44
B,265502,24939,162,3447,162620,6836,151,3447,982.2,301.5
G,3166909,162204,122,3447,1871482,38716,139,3447,982.2,301.5
R,1290655,80111,6015,3447,765699,34717,5965,3447,982.2,301.5
D,NBXX,9999,4.657e-5,3.424e-5,2.278e-5,5.220e-6,4.845e-6,3.927e-6
Y,190853,982.2,301.5,297.3,76.3,13.1,5.7,0,0000
T,2014,08,31,01,23,44
B,264762,24894,155,3447,161132,6886,124,3447,982.1,301.5
G,3164783,161640,136,3447,1868557,38664,129,3447,982.1,301.5
R,1291454,80489,6074,3447,766804,35003,5964,3447,982.1,301.5
D,NBXX,9999,4.677e-5,3.410e-5,2.295e-5,5.551e-6,4.835e-6,4.053e-6
Y,190724,982.1,301.5,297.2,76.3,13.1,5.7,0,0000
T,2014,08,31,01,28,44
B,265613,24753,152,3448,160591,6797,166,3447,982.0,301.5
G,3163687,160857,109,3448,1872445,38734,95,3447,982.0,301.5
R,1292862,79736,6001,3448,764039,35060,5896,3447,982.0,301.5
D,NBXX,9999,4.596e-5,3.389e-5,2.254e-5,5.080e-6,4.887e-6,4.180e-6
Y,190602,982.0,301.5,297.3,76.5,13.1,5.7,0,0000
T,2014,08,31,01,33,44
B,264800,25138,155,3447,161452,7006,177,3447,982.0,301.5
G,3166345,163164,117,3447,1865916,39175,136,3447,982.0,301.5
R,1289660,79540,5924,3447,765796,34906,5966,3447,982.0,301.5
D,NBXX,9999,4.732e-5,3.455e-5,2.252e-5,5.728e-6,4.993e-6,4.117e-6
Y,190819,982.0,301.5,297.3,76.5,13.1,5.7,0,0000
T,2014,08,31,01,43,44
B,264783,24753,180,3447,161098,6735,118,3447,981.9,301.5
G,3164373,157829,138,3447,1869196,38439,134,3447,981.9,301.5
R,1289999,77667,5984,3447,764847,34662,5927,3447,981.9,301.5
D,NBXX,9999,4.626e-5,3.291e-5,2.135e-5,5.017e-6,4.764e-6,3.949e-6
Y,190699,981.9,301.5,297.3,76.6,13.1,5.7,0,0000
T,2014,08,31,01,48,44
B,265570,24551,159,3448,160739,6808,136,3447,981.9,301.5
G,3165179,159579,127,3448,1863904,39099,98,3447,981.9,301.5
R,1290207,78420,6038,3448,761226,34538,5884,3447,981.9,301.5
D,NBXX,9999,4.543e-5,3.346e-5,2.179e-5,5.199e-6,4.987e-6,3.868e-6
Y,190693,981.9,301.5,297.3,76.5,13.1,5.7,0,0000
T,2014,08,31,01,53,44
B,266273,24589,160,3447,161282,7009,128,3447,981.8,301.5
G,3165700,160560,134,3447,1866422,39136,105,3447,981.8,301.5
R,1289585,77941,5927,3447,763555,35090,5883,3447,981.8,301.5
D,NBXX,9999,4.537e-5,3.375e-5,2.160e-5,5.780e-6,4.988e-6,4.288e-6
Y,190780,981.8,301.5,297.3,76.8,13.1,5.7,0,0000
T,2014,08,31,01,58,44
B,264793,21554,148,3447,160744,6526,144,3448,981.7,301.5
G,3168565,135108,135,3447,1869154,35813,96,3448,981.7,301.5
R,1290706,70203,5813,3447,763964,33546,5778,3448,981.7,301.5
D,NBXX,9999,3.644e-5,2.578e-5,1.697e-5,4.389e-6,3.941e-6,3.480e-6
Y,190953,981.7,301.5,297.3,76.8,13.1,5.7,0,0000
T,2014,08,31,02,03,44
B,265539,22243,171,3447,161226,6775,151,3447,981.8,301.5
G,3162830,138498,153,3447,1866735,36686,132,3447,981.8,301.5
R,1291634,71195,5818,3447,762876,33492,5912,3447,981.8,301.5
D,NBXX,9999,3.827e-5,2.690e-5,1.745e-5,4.998e-6,4.218e-6,3.344e-6
Y,190606,981.8,301.5,297.3,76.6,13.1,5.7,0,0000
T,2014,08,31,02,08,44
B,265905,21334,167,3448,162502,6497,181,3447,981.8,301.5
G,3166554,136495,134,3448,1869518,35545,139,3447,981.8,301.5
R,1288983,69978,5776,3448,764926,33259,5733,3447,981.8,301.5
D,NBXX,9999,3.530e-5,2.623e-5,1.693e-5,4.034e-6,3.856e-6,3.388e-6
Y,190776,981.8,301.5,297.3,76.5,13.1,5.7,0,0000
T,2014,08,31,02,13,44
B,265149,22068,144,3447,160868,6453,152,3447,981.7,301.5
G,3165773,141511,123,3447,1869246,36022,107,3447,981.7,301.5
R,1288853,73368,5876,3447,764404,33590,5829,3447,981.7,301.5
D,NBXX,9999,3.792e-5,2.782e-5,1.888e-5,4.131e-6,4.020e-6,3.448e-6
Y,190784,981.7,301.5,297.2,76.2,13.1,5.7,0,0000
T,2014,08,31,02,18,44
B,265841,21318,170,3447,161245,6468,138,3448,981.5,301.4
G,3163768,135364,104,3447,1873947,35462,121,3448,981.5,301.4
R,1288048,69736,5876,3447,765716,33367,5685,3448,981.5,301.4
D,NBXX,9999,3.544e-5,2.593e-5,1.677e-5,4.094e-6,3.851e-6,3.417e-6
Y,190663,981.5,301.4,297.2,75.8,13.0,5.7,0,0000
T,2014,08,31,02,23,44
B,265212,20976,138,3447,161574,6324,172,3447,981.5,301.5
G,3167238,130988,147,3447,1869269,34950,100,3447,981.5,301.5
R,1286245,68218,5875,3447,764903,33049,5978,3447,981.5,301.5
D,NBXX,9999,3.453e-5,2.451e-5,1.568e-5,3.695e-6,3.675e-6,3.034e-6
Y,190873,981.5,301.5,297.2,75.7,13.1,5.7,0,0000
T,2014,08,31,02,28,44
B,266037,19852,162,3448,161867,6165,131,3447,981.4,301.4
G,3161100,122322,129,3448,1865237,33557,134,3447,981.4,301.4
R,1290837,65297,5777,3448,762730,32040,5925,3447,981.4,301.4
D,NBXX,9999,3.095e-5,2.188e-5,1.387e-5,3.217e-6,3.258e-6,2.484e-6
Y,190446,981.4,301.4,297.2,75.5,13.1,5.7,0,0000
T,2014,08,31,02,33,44
B,266559,19750,168,3447,160243,6101,161,3447,981.3,301.4
G,3163757,122856,114,3447,1863274,33144,121,3447,981.3,301.4
R,1289190,65441,5875,3447,761441,32084,6017,3447,981.3,301.4
D,NBXX,9999,3.040e-5,2.202e-5,1.387e-5,2.854e-6,3.127e-6,2.385e-6
Y,190662,981.3,301.4,297.2,75.3,13.1,5.7,0,0000
T,2014,08,31,02,38,44
B,264854,21305,163,3423,160269,6218,149,3424,981.3,301.4
G,3147814,132672,138,3423,1857220,34423,127,3424,981.3,301.4
R,1279975,68330,5698,3423,758856,32581,5727,3424,981.3,301.4
D,NBXX,9999,3.562e-5,2.528e-5,1.622e-5,3.381e-6,3.566e-6,3.105e-6
Y,191033,981.3,301.4,297.2,75.7,13.1,5.7,0,0008
T,2014,08,31,02,43,44
B,252652,20306,128,3274,152039,6089,143,3275,981.5,301.4
G,3014238,129245,93,3274,1758988,33751,105,3275,981.5,301.4
R,1229938,65740,5538,3274,719278,31420,5435,3275,981.5,301.4
D,NBXX,9999,3.566e-5,2.602e-5,1.627e-5,3.988e-6,3.846e-6,3.181e-6
Y,191252,981.5,301.4,297.2,75.7,13.1,5.7,0,0008
T,2014,08,31,02,48,44
B,266080,21346,140,3448,161161,6484,166,3447,981.5,301.4
G,3167179,134130,111,3448,1865912,35117,98,3447,981.5,301.4
R,1292044,68625,5934,3448,762945,32912,5960,3447,981.5,301.4
D,NBXX,9999,3.547e-5,2.550e-5,1.575e-5,4.144e-6,3.744e-6,2.872e-6
Y,190814,981.5,301.4,297.2,75.7,13.1,5.7,0,0000
T,2014,08,31,02,53,44
B,259155,20633,142,3366,157602,6272,138,3366,981.4,301.4
G,3095064,127602,115,3366,1816828,33433,116,3366,981.4,301.4
R,1261202,65529,5560,3366,744704,31518,5525,3366,981.4,301.4
D,NBXX,9999,3.504e-5,2.438e-5,1.521e-5,4.069e-6,3.449e-6,2.868e-6
Y,191012,981.4,301.4,297.1,75.3,13.1,5.7,0,0008
T,2014,08,31,02,58,44
B,263787,21916,126,3416,159976,6433,140,3418,981.4,301.4
G,3146694,136786,121,3416,1851968,35185,113,3418,981.4,301.4
R,1282743,68868,5866,3416,757382,32882,5900,3418,981.4,301.4
D,NBXX,9999,3.793e-5,2.660e-5,1.624e-5,4.276e-6,3.817e-6,3.016e-6
Y,191357,981.4,301.4,297.1,75.3,13.1,5.7,0,0008
T,2014,08,31,03,03,44
B,266607,23379,156,3447,160903,6767,157,3447,981.4,301.4
G,3170286,146591,135,3447,1869394,37321,113,3447,981.4,301.4
R,1291110,71835,5851,3447,762508,33656,5771,3447,981.4,301.4
D,NBXX,9999,4.153e-5,2.933e-5,1.794e-5,4.941e-6,4.402e-6,3.526e-6
Y,191057,981.4,301.4,297.1,75.5,13.1,5.7,0,0000
T,2014,08,31,03,08,44
B,266432,22732,165,3448,161922,6532,124,3447,981.4,301.4
G,3170620,140845,145,3448,1862579,36181,125,3447,981.4,301.4
R,1291530,70374,5837,3448,761694,33074,5707,3447,981.4,301.4
D,NBXX,9999,3.968e-5,2.753e-5,1.708e-5,4.326e-6,4.041e-6,3.225e-6
Y,191022,981.4,301.4,297.1,75.5,13.1,5.7,0,0000
T,2014,08,31,03,13,44
B,265332,21609,126,3447,160682,6243,148,3447,981.4,301.4
G,3169106,135680,129,3447,1867070,35224,138,3447,981.4,301.4
R,1292278,68782,5920,3447,764482,32995,5701,3447,981.4,301.4
D,NBXX,9999,3.657e-5,2.594e-5,1.603e-5,3.566e-6,3.746e-6,3.110e-6
Y,190986,981.4,301.4,297.1,75.3,13.1,5.7,0,0000
T,2014,08,31,03,18,44
B,265693,21314,159,3447,160626,6317,117,3448,981.4,301.4
G,3168693,133526,115,3447,1871090,35344,104,3448,981.4,301.4
R,1293667,67681,5749,3447,763384,32905,5888,3448,981.4,301.4
D,NBXX,9999,3.557e-5,2.529e-5,1.531e-5,3.755e-6,3.799e-6,3.026e-6
Y,190961,981.4,301.4,297.1,75.0,13.1,5.7,0,0000
T,2014,08,31,03,23,44
B,264282,21786,164,3425,159996,6658,189,3424,981.4,301.4
G,3159528,140002,126,3425,1857912,36160,102,3424,981.4,301.4
R,1285950,70697,5755,3425,760175,33012,5712,3424,981.4,301.4
D,NBXX,9999,3.710e-5,2.743e-5,1.749e-5,4.640e-6,4.089e-6,3.295e-6
Y,191634,981.4,301.4,297.1,75.2,13.1,5.7,0,0008
T,2014,08,31,03,28,44
B,267048,23818,135,3447,161097,6918,144,3447,981.3,301.3
G,3173939,150257,149,3447,1868015,38465,115,3447,981.3,301.3
R,1293957,73846,5627,3447,763885,33748,5829,3447,981.3,301.3
D,NBXX,9999,4.287e-5,3.041e-5,1.921e-5,5.489e-6,4.739e-6,3.674e-6
Y,191278,981.3,301.3,297.0,75.3,13.1,5.7,0,0000
T,2014,08,31,03,33,44
B,266385,22465,136,3448,160633,6565,165,3447,981.2,301.3
G,3172553,142624,147,3448,1871721,36857,109,3447,981.2,301.3
R,1292717,71676,5886,3448,766602,33205,5743,3447,981.2,301.3
D,NBXX,9999,3.883e-5,2.806e-5,1.779e-5,4.388e-6,4.250e-6,3.234e-6
Y,191139,981.2,301.3,297.0,75.3,13.1,5.7,0,0000
T,2014,08,31,03,38,44
B,266602,22698,143,3447,161338,6694,161,3447,981.2,301.3
G,3172951,145403,100,3447,1867668,37366,114,3447,981.2,301.3
R,1292797,73110,5766,3447,763817,33460,5567,3447,981.2,301.3
D,NBXX,9999,3.948e-5,2.893e-5,1.887e-5,4.750e-6,4.419e-6,3.596e-6
Y,191218,981.2,301.3,297.0,75.3,13.1,5.7,0,0000
T,2014,08,31,03,43,44
B,265417,22813,161,3447,161055,6606,142,3448,981.2,301.3
G,3172945,142704,114,3447,1871455,36995,141,3448,981.2,301.3
R,1293734,71102,5768,3447,765371,33849,5753,3448,981.2,301.3
D,NBXX,9999,4.014e-5,2.808e-5,1.749e-5,4.565e-6,4.285e-6,3.687e-6
Y,191218,981.2,301.3,297.0,75.3,13.1,5.7,0,0000
T,2014,08,31,03,48,44
B,266639,22978,161,3447,161049,6814,150,3447,981.3,301.3
G,3177562,143539,111,3447,1877077,37601,118,3447,981.3,301.3
R,1293268,71750,5828,3447,764879,33489,5883,3447,981.3,301.3
D,NBXX,9999,4.030e-5,2.828e-5,1.776e-5,5.089e-6,4.469e-6,3.340e-6
Y,191497,981.3,301.3,297.0,75.5,13.1,5.7,0,0000
T,2014,08,31,03,53,44
B,266473,21696,130,3448,161283,6498,129,3447,981.3,301.3
G,3175229,138378,116,3448,1870505,36660,88,3447,981.3,301.3
R,1298514,70368,5719,3448,764362,33226,5778,3447,981.3,301.3
D,NBXX,9999,3.661e-5,2.672e-5,1.692e-5,4.326e-6,4.198e-6,3.286e-6
Y,191300,981.3,301.3,297.1,75.5,13.1,5.7,0,0000
T,2014,08,31,03,58,44
B,266403,21610,161,3447,161348,6487,131,3447,981.4,301.3
G,3173450,135595,130,3447,1870661,35911,130,3447,981.4,301.3
R,1295203,68804,5749,3447,766708,32817,5630,3447,981.4,301.3
D,NBXX,9999,3.625e-5,2.586e-5,1.614e-5,4.175e-6,3.948e-6,3.146e-6
Y,191248,981.4,301.3,297.0,75.5,13.1,5.7,0,0000
T,2014,08,31,04,03,44
B,265764,22099,140,3447,161586,6804,145,3448,981.4,301.3
G,3166750,140328,133,3447,1869844,37249,112,3448,981.4,301.3
R,1291230,70516,5627,3447,764549,33083,5661,3448,981.4,301.3
D,NBXX,9999,3.793e-5,2.743e-5,1.736e-5,5.210e-6,4.390e-6,3.407e-6
Y,190843,981.4,301.3,297.0,75.5,13.1,5.7,0,0000
T,2014,08,31,04,08,44
B,266079,22349,149,3447,160981,6603,151,3447,981.6,301.3
G,3165703,141007,140,3447,1864714,36641,115,3447,981.6,301.3
R,1289526,70571,5706,3447,763040,33242,5694,3447,981.6,301.3
D,NBXX,9999,3.853e-5,2.765e-5,1.736e-5,4.510e-6,4.204e-6,3.446e-6
Y,190780,981.6,301.3,297.0,75.7,13.1,5.7,0,0000
T,2014,08,31,04,13,44
B,266257,21789,122,3448,160821,6675,157,3447,981.6,301.3
G,3167199,141156,97,3448,1868479,36795,118,3447,981.6,301.3
R,1289648,71173,5534,3448,763056,33042,5699,3447,981.6,301.3
D,NBXX,9999,3.685e-5,2.769e-5,1.784e-5,4.798e-6,4.265e-6,3.445e-6
Y,190815,981.6,301.3,297.0,75.8,13.1,5.7,0,0000
T,2014,08,31,04,18,44
B,265941,20710,184,3447,162139,6384,146,3447,981.6,301.3
G,3167873,130022,121,3447,1867506,34747,103,3447,981.6,301.3
R,1290024,67862,5645,3447,764070,32812,5545,3447,981.6,301.3
D,NBXX,9999,3.345e-5,2.421e-5,1.583e-5,3.743e-6,3.617e-6,3.326e-6
Y,190911,981.6,301.3,297.0,75.8,13.1,5.7,0,0000
T,2014,08,31,04,23,44
B,265307,20377,152,3447,161169,6300,170,3448,981.6,301.2
G,3168819,126856,130,3447,1865850,34378,104,3448,981.6,301.2
R,1288360,66472,5737,3447,764934,32342,5540,3448,981.6,301.2
D,NBXX,9999,3.260e-5,2.318e-5,1.496e-5,3.553e-6,3.479e-6,2.986e-6
Y,190968,981.6,301.2,297.0,75.7,13.1,5.7,0,0000
T,2014,08,31,04,28,44
B,267063,19585,147,3447,160998,6141,156,3447,981.5,301.2
G,3166974,122149,81,3447,1867800,33780,87,3447,981.5,301.2
R,1289622,64741,5740,3447,764743,32394,5724,3447,981.5,301.2
D,NBXX,9999,2.988e-5,2.176e-5,1.373e-5,3.035e-6,3.326e-6,2.878e-6
Y,190857,981.5,301.2,297.0,75.5,13.1,5.7,0,0000
T,2014,08,31,04,33,44
B,266181,21067,176,3448,161544,6763,159,3447,981.5,301.2
G,3164925,130015,112,3448,1872212,35640,113,3447,981.5,301.2
R,1291213,66834,5692,3448,764722,32320,5583,3447,981.5,301.2
D,NBXX,9999,3.449e-5,2.422e-5,1.511e-5,4.888e-6,3.896e-6,2.957e-6
Y,190677,981.5,301.2,297.0,75.5,13.1,5.7,0,0000
T,2014,08,31,04,38,44
B,265134,18785,177,3447,161519,5975,126,3447,981.5,301.2
G,3167567,117450,120,3447,1864879,33293,102,3447,981.5,301.2
R,1290562,63131,5761,3447,762942,31740,5680,3447,981.5,301.2
D,NBXX,9999,2.785e-5,2.027e-5,1.273e-5,2.654e-6,3.153e-6,2.484e-6
Y,190893,981.5,301.2,297.0,75.5,13.0,5.7,0,0000
T,2014,08,31,04,43,44
B,265793,19113,130,3447,159914,6140,151,3448,981.6,301.2
G,3167830,119891,138,3447,1867474,33133,94,3448,981.6,301.2
R,1291662,64333,5652,3447,763061,31665,5379,3448,981.6,301.2
D,NBXX,9999,2.876e-5,2.102e-5,1.373e-5,3.175e-6,3.096e-6,2.716e-6
Y,190909,981.6,301.2,296.9,75.3,13.1,5.7,0,0000
T,2014,08,31,04,48,44
B,266427,21178,147,3447,161260,6633,139,3447,981.5,301.2
G,3165326,134590,132,3447,1862850,36372,115,3447,981.5,301.2
R,1289598,68705,5622,3447,764480,32722,5662,3447,981.5,301.2
D,NBXX,9999,3.494e-5,2.563e-5,1.629e-5,4.640e-6,4.111e-6,3.208e-6
Y,190757,981.5,301.2,296.9,75.3,13.1,5.7,0,0000
T,2014,08,31,04,53,44
B,266817,19792,143,3448,161167,6167,164,3447,981.5,301.2
G,3167842,123959,95,3448,1871131,34112,88,3447,981.5,301.2
R,1290352,64401,5602,3448,764621,31939,5636,3447,981.5,301.2
D,NBXX,9999,3.055e-5,2.231e-5,1.366e-5,3.122e-6,3.424e-6,2.757e-6
Y,190854,981.5,301.2,296.9,75.5,13.1,5.7,0,0000
T,2014,08,31,04,58,44
B,266275,19639,133,3447,160378,6021,129,3447,981.4,301.2
G,3169759,124242,140,3447,1866929,34282,103,3447,981.4,301.2
R,1292234,65621,5659,3447,762784,32161,5636,3447,981.4,301.2
D,NBXX,9999,3.036e-5,2.235e-5,1.432e-5,2.866e-6,3.446e-6,2.831e-6
Y,191025,981.4,301.2,296.9,75.5,13.1,5.7,0,0000
T,2014,08,31,05,03,44
B,267269,20187,118,3447,161411,6373,159,3448,981.3,301.2
G,3167869,124764,137,3447,1870466,35007,87,3448,981.3,301.2
R,1290241,65355,5670,3447,764513,31983,5543,3448,981.3,301.2
D,NBXX,9999,3.175e-5,2.254e-5,1.427e-5,3.814e-6,3.682e-6,2.794e-6
Y,190911,981.3,301.2,296.9,75.3,13.1,5.7,0,0000
T,2014,08,31,05,08,44
B,265271,19549,141,3447,160573,6292,168,3447,981.4,301.2
G,3166876,121625,121,3447,1863736,34394,103,3447,981.4,301.2
R,1290809,63723,5557,3447,761818,31916,5561,3447,981.4,301.2
D,NBXX,9999,3.014e-5,2.158e-5,1.332e-5,3.596e-6,3.498e-6,2.820e-6
Y,190851,981.4,301.2,296.9,75.3,13.1,5.7,0,0000
T,2014,08,31,05,13,44
B,265804,18533,162,3448,160700,6030,152,3447,981.4,301.2
G,3165495,115103,141,3448,1866241,32522,102,3447,981.4,301.2
R,1289722,61834,5557,3448,763483,31597,5572,3447,981.4,301.2
D,NBXX,9999,2.689e-5,1.955e-5,1.217e-5,2.745e-6,2.915e-6,2.630e-6
Y,190712,981.4,301.2,296.9,75.3,13.1,5.7,0,0000
T,2014,08,31,05,18,44
B,265747,18240,151,3447,160633,6025,165,3447,981.4,301.2
G,3163920,111631,132,3447,1868527,31915,90,3447,981.4,301.2
R,1292932,60853,5614,3447,763653,30719,5647,3447,981.4,301.2
D,NBXX,9999,2.600e-5,1.849e-5,1.141e-5,2.721e-6,2.735e-6,1.965e-6
Y,190672,981.4,301.2,296.9,75.2,13.1,5.7,0,0000
T,2014,08,31,05,23,44
B,266793,19322,172,3447,161434,6007,158,3448,981.5,301.2
G,3167804,118506,118,3447,1869587,33885,93,3448,981.5,301.2
R,1290617,63301,5481,3447,766682,31366,5573,3448,981.5,301.2
D,NBXX,9999,2.904e-5,2.060e-5,1.311e-5,2.543e-6,3.338e-6,2.525e-6
Y,190907,981.5,301.2,296.9,75.2,13.1,5.7,0,0000
T,2014,08,31,05,28,44
B,266425,19940,140,3447,161166,6468,151,3447,981.5,301.1
G,3161048,122927,116,3447,1867073,34351,82,3447,981.5,301.1
R,1292548,64269,5563,3447,763040,31629,5504,3447,981.5,301.1
D,NBXX,9999,3.112e-5,2.206e-5,1.365e-5,4.105e-6,3.513e-6,2.665e-6
Y,190498,981.5,301.1,296.8,75.2,13.1,5.7,0,0000
T,2014,08,31,05,33,44
B,265722,18985,158,3448,160756,6095,132,3447,981.6,301.1
G,3169163,117537,116,3448,1865095,33003,94,3447,981.6,301.1
R,1291575,62517,5598,3448,763351,31511,5607,3447,981.6,301.1
D,NBXX,9999,2.832e-5,2.028e-5,1.250e-5,3.007e-6,3.065e-6,2.507e-6
Y,190934,981.6,301.1,296.8,75.2,13.1,5.7,0,0000
T,2014,08,31,05,38,44
B,266137,19235,139,3447,161089,6179,134,3447,981.6,301.1
G,3162301,118777,108,3447,1870849,33399,101,3447,981.6,301.1
R,1291488,62904,5551,3447,764888,31596,5433,3447,981.6,301.1
D,NBXX,9999,2.906e-5,2.075e-5,1.289e-5,3.291e-6,3.208e-6,2.713e-6
Y,190574,981.6,301.1,296.8,75.2,13.1,5.7,0,0000
T,2014,08,31,05,43,44
B,266386,19081,144,3447,161002,6391,147,3447,981.7,301.1
G,3167286,119616,136,3447,1867544,33474,97,3447,981.7,301.1
R,1289569,62895,5486,3447,761859,31580,5661,3447,981.7,301.1
D,NBXX,9999,2.847e-5,2.094e-5,1.282e-5,3.858e-6,3.206e-6,2.604e-6
Y,190876,981.7,301.1,296.8,75.3,13.1,5.7,0,0000
T,2014,08,31,05,48,44
B,265910,21513,154,3447,160815,6617,137,3448,981.7,301.1
G,3168239,134617,130,3447,1867821,36071,97,3448,981.7,301.1
R,1289210,68959,5587,3447,763121,32561,5439,3448,981.7,301.1
D,NBXX,9999,3.602e-5,2.561e-5,1.664e-5,4.578e-6,4.011e-6,3.292e-6
Y,190933,981.7,301.1,296.8,75.3,13.1,5.7,0,0000
T,2014,08,31,05,53,44
B,266082,21423,171,3447,162408,6449,102,3447,981.8,301.1
G,3168285,133694,131,3447,1870030,35925,105,3447,981.8,301.1
R,1290114,68097,5490,3447,765742,31976,5570,3447,981.8,301.1
D,NBXX,9999,3.577e-5,2.532e-5,1.606e-5,4.121e-6,3.966e-6,2.905e-6
Y,190936,981.8,301.1,296.8,75.2,13.1,5.7,0,0000
T,2014,08,31,05,58,44
B,265942,20154,126,3448,161462,6296,145,3447,981.8,301.1
G,3171405,125505,130,3448,1869249,34449,125,3447,981.8,301.1
R,1292833,65268,5455,3448,763792,31874,5528,3447,981.8,301.1
D,NBXX,9999,3.192e-5,2.272e-5,1.431e-5,3.675e-6,3.491e-6,2.877e-6
Y,191069,981.8,301.1,296.8,75.3,13.1,5.7,0,0000
T,2014,08,31,06,03,44
B,266023,20181,158,3447,161807,6179,130,3447,981.8,301.1
G,3168589,125475,129,3447,1870420,34376,95,3447,981.8,301.1
R,1292159,65092,5401,3447,765552,31926,5603,3447,981.8,301.1
D,NBXX,9999,3.193e-5,2.275e-5,1.421e-5,3.246e-6,3.486e-6,2.895e-6
Y,190954,981.8,301.1,296.8,75.3,13.1,5.7,0,0000
T,2014,08,31,06,08,44
B,265733,20105,179,3447,161095,5970,176,3448,981.9,301.1
G,3168276,122567,129,3447,1866924,33551,115,3448,981.9,301.1
R,1290752,64052,5589,3447,762257,31634,5353,3448,981.9,301.1
D,NBXX,9999,3.153e-5,2.185e-5,1.365e-5,2.382e-6,3.220e-6,2.768e-6
Y,190935,981.9,301.1,296.8,75.3,13.1,5.7,0,0000
T,2014,08,31,06,13,44
B,265983,20692,179,3447,161524,6376,153,3447,981.9,301.1
G,3164982,126498,132,3447,1869185,34493,100,3447,981.9,301.1
R,1291265,64915,5407,3447,763670,31787,5532,3447,981.9,301.1
D,NBXX,9999,3.335e-5,2.312e-5,1.417e-5,3.695e-6,3.532e-6,2.864e-6
Y,190736,981.9,301.1,296.8,75.3,13.1,5.7,0,0000
T,2014,08,31,06,18,44
B,266101,21797,178,3448,161489,6710,151,3447,981.9,301.1
G,3169378,138178,105,3448,1871193,36405,96,3447,981.9,301.1
R,1289870,69168,5354,3448,764982,32818,5519,3447,981.9,301.1
D,NBXX,9999,3.671e-5,2.671e-5,1.686e-5,4.725e-6,4.127e-6,3.563e-6
Y,190947,981.9,301.1,296.8,75.3,13.1,5.7,0,0000
T,2014,08,31,06,23,44
B,265407,22314,181,3447,160615,6701,168,3447,981.9,301.1
G,3164009,140778,127,3447,1868317,36806,89,3447,981.9,301.1
R,1291969,70249,5507,3447,764731,32820,5436,3447,981.9,301.1
D,NBXX,9999,3.840e-5,2.759e-5,1.742e-5,4.671e-6,4.263e-6,3.489e-6
Y,190677,981.9,301.1,296.8,75.3,13.1,5.7,0,0000
T,2014,08,31,06,28,44
B,266932,22019,142,3447,162728,6717,169,3448,981.9,301.1
G,3172514,142171,110,3447,1868506,36493,111,3448,981.9,301.1
R,1291202,70481,5451,3447,765472,32469,5565,3448,981.9,301.1
D,NBXX,9999,3.725e-5,2.790e-5,1.753e-5,4.738e-6,4.130e-6,3.224e-6
Y,191192,981.9,301.1,296.8,75.2,13.1,5.7,0,0000
T,2014,08,31,06,33,44
B,265495,22703,177,3447,161265,6596,155,3447,981.9,301.1
G,3167670,145067,118,3447,1871021,36847,125,3447,981.9,301.1
R,1291145,71318,5508,3447,765877,32812,5491,3447,981.9,301.1
D,NBXX,9999,3.963e-5,2.887e-5,1.806e-5,4.403e-6,4.252e-6,3.452e-6
Y,190899,981.9,301.1,296.8,75.2,13.1,5.7,0,0000
T,2014,08,31,06,38,44
B,266474,21812,162,3448,161066,6646,147,3447,981.9,301.1
G,3170620,138781,142,3448,1868510,35647,95,3447,981.9,301.1
R,1292254,69086,5424,3448,765548,32258,5515,3447,981.9,301.1
D,NBXX,9999,3.673e-5,2.687e-5,1.670e-5,4.573e-6,3.874e-6,3.149e-6
Y,191022,981.9,301.1,296.9,75.2,13.1,5.7,0,0000
T,2014,08,31,06,43,44
B,265819,21413,170,3447,161651,6443,143,3447,982.0,301.2
G,3173065,132908,118,3447,1869767,35073,127,3447,982.0,301.2
R,1292906,66605,5483,3447,765759,32341,5636,3447,982.0,301.2
D,NBXX,9999,3.569e-5,2.500e-5,1.503e-5,3.993e-6,3.680e-6,3.061e-6
Y,191225,982.0,301.2,296.9,75.2,13.1,5.7,0,0000
T,2014,08,31,06,48,44
B,266714,22373,196,3447,161776,6463,205,3448,982.0,301.2
G,3176436,138722,133,3447,1870597,36100,123,3448,982.0,301.2
R,1291959,69088,5588,3447,765396,32683,5409,3448,982.0,301.2
D,NBXX,9999,3.809e-5,2.676e-5,1.667e-5,3.675e-6,3.981e-6,3.362e-6
Y,191429,982.0,301.2,296.9,75.0,13.1,5.7,0,0000
T,2014,08,31,06,53,44
B,266350,22584,147,3447,161880,6660,185,3447,982.1,301.2
G,3170079,140460,82,3447,1873443,35967,103,3447,982.1,301.2
R,1293408,70094,5492,3447,769337,32400,5715,3447,982.1,301.2
D,NBXX,9999,3.907e-5,2.742e-5,1.710e-5,4.552e-6,3.991e-6,3.030e-6
Y,191045,982.1,301.2,296.9,74.9,13.1,5.7,0,0000
T,2014,08,31,06,58,44
B,265571,21757,146,3448,161098,6239,177,3447,982.2,301.2
G,3169191,135154,76,3448,1872550,34755,97,3447,982.2,301.2
R,1293694,67989,5442,3448,766380,32044,5508,3447,982.2,301.2
D,NBXX,9999,3.677e-5,2.578e-5,1.598e-5,3.355e-6,3.624e-6,2.997e-6
Y,190935,982.2,301.2,296.9,74.9,13.1,5.7,0,0000
T,2014,08,31,07,03,44
B,266631,21826,156,3447,161403,6432,158,3447,982.2,301.2
G,3169151,136670,140,3447,1868610,34981,113,3447,982.2,301.2
R,1291036,67772,5542,3447,764128,32044,5546,3447,982.2,301.2
D,NBXX,9999,3.675e-5,2.622e-5,1.582e-5,3.899e-6,3.662e-6,2.918e-6
Y,190988,982.2,301.2,296.9,75.0,13.1,5.7,0,0000
T,2014,08,31,07,08,44
B,265448,22004,176,3447,161534,6440,137,3448,982.2,301.1
G,3168577,139591,124,3447,1870985,35576,82,3448,982.2,301.1
R,1291842,69144,5458,3447,765328,32355,5448,3448,982.2,301.1
D,NBXX,9999,3.756e-5,2.716e-5,1.677e-5,3.990e-6,3.863e-6,3.227e-6
Y,190954,982.2,301.1,296.9,75.0,13.1,5.7,0,0000
T,2014,08,31,07,13,44
B,266118,21844,178,3447,161299,6372,161,3447,982.3,301.1
G,3170239,136905,125,3447,1872088,33920,81,3447,982.3,301.1
R,1289564,68011,5564,3447,766155,32176,5307,3447,982.3,301.1
D,NBXX,9999,3.681e-5,2.630e-5,1.616e-5,3.649e-6,3.345e-6,3.168e-6
Y,191054,982.3,301.1,296.9,74.9,13.1,5.7,0,0000
T,2014,08,31,07,18,44
B,265528,21711,217,3448,161662,6275,170,3447,982.3,301.1
G,3173142,135965,112,3448,1870585,34113,91,3447,982.3,301.1
R,1292908,68074,5384,3448,764776,32187,5499,3447,982.3,301.1
D,NBXX,9999,3.638e-5,2.597e-5,1.610e-5,3.227e-6,3.400e-6,3.139e-6
Y,191174,982.3,301.1,296.8,74.7,13.0,5.7,0,0000
T,2014,08,31,07,23,44
B,265893,22351,176,3447,160768,6519,161,3447,982.3,301.0
G,3167781,139751,110,3447,1870673,35796,90,3447,982.3,301.0
R,1295241,69796,5572,3447,764627,32475,5464,3447,982.3,301.0
D,NBXX,9999,3.843e-5,2.722e-5,1.699e-5,4.121e-6,3.940e-6,3.181e-6
Y,190906,982.3,301.0,296.7,74.7,13.1,5.7,0,0000
T,2014,08,31,07,28,44
B,265193,22894,162,3447,161093,6692,119,3448,982.3,301.0
G,3165198,146008,111,3447,1866294,36198,104,3448,982.3,301.0
R,1292743,72048,5402,3447,764933,33039,5530,3448,982.3,301.0
D,NBXX,9999,4.047e-5,2.920e-5,1.851e-5,4.895e-6,4.066e-6,3.619e-6
Y,190749,982.3,301.0,296.7,74.9,13.1,5.7,0,0000
T,2014,08,31,07,33,44
B,266007,23009,182,3447,162079,6531,138,3447,982.3,301.0
G,3163400,147836,113,3447,1868690,35945,106,3447,982.3,301.0
R,1288474,72514,5482,3447,763951,32683,5428,3447,982.3,301.0
D,NBXX,9999,4.047e-5,2.980e-5,1.893e-5,4.210e-6,3.995e-6,3.462e-6
Y,190641,982.3,301.0,296.7,74.9,13.1,5.7,0,0000
T,2014,08,31,07,38,44
B,266970,22616,142,3448,161728,6540,148,3447,982.3,300.9
G,3171703,144965,131,3448,1871091,35207,98,3447,982.3,300.9
R,1292340,71427,5537,3448,765671,32188,5396,3447,982.3,300.9
D,NBXX,9999,3.913e-5,2.878e-5,1.811e-5,4.282e-6,3.736e-6,3.096e-6
Y,191087,982.3,300.9,296.7,74.9,13.1,5.7,0,0000
T,2014,08,31,07,43,44
B,266393,23025,172,3447,160617,6609,170,3447,982.4,300.9
G,3173631,151601,122,3447,1868084,36953,82,3447,982.4,300.9
R,1294271,74659,5425,3447,763448,32945,5367,3447,982.4,300.9
D,NBXX,9999,4.035e-5,3.083e-5,2.014e-5,4.344e-6,4.278e-6,3.638e-6
Y,191259,982.4,300.9,296.6,75.0,13.1,5.7,0,0000
T,2014,08,31,07,48,44
B,265703,26117,152,3447,161685,6891,165,3448,982.4,300.9
G,3169436,177103,113,3447,1865801,39536,108,3448,982.4,300.9
R,1292124,85059,5563,3447,762846,34083,5358,3448,982.4,300.9
D,NBXX,9999,5.009e-5,3.883e-5,2.649e-5,5.340e-6,5.088e-6,4.260e-6
Y,191006,982.4,300.9,296.6,75.0,13.1,5.7,0,0000
T,2014,08,31,07,53,44
B,266277,24165,153,3447,161544,6707,160,3447,982.3,300.9
G,3169937,154272,96,3447,1871363,36787,113,3447,982.3,300.9
R,1289881,74494,5443,3447,762946,32649,5478,3447,982.3,300.9
D,NBXX,9999,4.396e-5,3.171e-5,2.007e-5,4.754e-6,4.238e-6,3.406e-6
Y,191036,982.3,300.9,296.6,75.0,13.1,5.7,0,0000
T,2014,08,31,07,58,44
B,264949,22899,173,3447,161284,6337,189,3447,982.3,300.9
G,3168042,147429,111,3447,1870431,34635,114,3447,982.3,300.9
R,1290867,71622,5364,3447,764967,32203,5330,3447,982.3,300.9
D,NBXX,9999,4.027e-5,2.960e-5,1.844e-5,3.540e-6,3.568e-6,3.285e-6
Y,190921,982.3,300.9,296.6,75.2,13.1,5.7,0,0000
T,2014,08,31,08,03,44
B,265744,23038,186,3448,161375,6347,180,3447,982.3,300.9
G,3172288,148222,99,3448,1867889,34781,107,3447,982.3,300.9
R,1291405,71965,5413,3448,766542,31974,5366,3447,982.3,300.9
D,NBXX,9999,4.047e-5,2.979e-5,1.857e-5,3.508e-6,3.609e-6,3.083e-6
Y,191123,982.3,300.9,296.6,75.2,13.1,5.7,0,0000
T,2014,08,31,08,08,44
B,265512,23594,177,3447,160672,6597,181,3447,982.3,300.8
G,3165452,152440,109,3447,1870689,35893,95,3447,982.3,300.8
R,1290519,73238,5455,3447,765073,32492,5388,3447,982.3,300.8
D,NBXX,9999,4.224e-5,3.121e-5,1.934e-5,4.299e-6,3.977e-6,3.359e-6
Y,190765,982.3,300.8,296.5,75.3,13.1,5.7,0,0000
T,2014,08,31,08,13,44
B,266663,23485,178,3447,160881,6521,170,3448,982.4,300.8
G,3171010,151525,118,3447,1873228,36515,114,3448,982.4,300.8
R,1291813,72742,5311,3447,765345,32401,5226,3448,982.4,300.8
D,NBXX,9999,4.163e-5,3.083e-5,1.921e-5,4.015e-6,4.138e-6,3.505e-6
Y,191101,982.4,300.8,296.6,75.3,13.1,5.7,0,0000
T,2014,08,31,08,18,44
B,266167,22839,175,3447,161108,6543,183,3447,982.4,300.9
G,3171289,148051,109,3447,1864437,35257,108,3447,982.4,300.9
R,1291615,72578,5303,3447,764814,32105,5317,3447,982.4,300.9
D,NBXX,9999,3.978e-5,2.975e-5,1.906e-5,4.101e-6,3.754e-6,3.270e-6
Y,191118,982.4,300.9,296.6,75.2,13.1,5.7,0,0000
T,2014,08,31,08,23,44
B,265136,23324,205,3448,161028,6617,168,3447,982.4,300.8
G,3171071,149744,119,3448,1871336,36472,114,3447,982.4,300.8
R,1289818,73161,5190,3448,765266,32530,5323,3447,982.4,300.8
D,NBXX,9999,4.146e-5,3.028e-5,1.954e-5,4.340e-6,4.130e-6,3.630e-6
Y,191049,982.4,300.8,296.5,75.2,13.1,5.7,0,0000
T,2014,08,31,08,28,44
B,265196,23105,203,3447,161016,6513,174,3447,982.4,300.8
G,3172923,148866,105,3447,1872178,36191,98,3447,982.4,300.8
R,1292642,72602,5274,3447,764611,32771,5351,3447,982.4,300.8
D,NBXX,9999,4.075e-5,2.999e-5,1.904e-5,3.996e-6,4.044e-6,3.666e-6
Y,191217,982.4,300.8,296.5,75.3,13.1,5.7,0,0000
T,2014,08,31,08,33,44
B,266876,23126,166,3447,161002,6377,195,3448,982.5,300.8
G,3166973,148776,107,3447,1870936,35838,89,3448,982.5,300.8
R,1292728,72494,5375,3447,766607,32138,5257,3448,982.5,300.8
D,NBXX,9999,4.044e-5,3.005e-5,1.897e-5,3.515e-6,3.954e-6,3.267e-6
Y,190857,982.5,300.8,296.5,75.3,13.1,5.7,0,0000
T,2014,08,31,08,38,44
B,266850,24153,151,3447,161569,6581,127,3447,982.5,300.8
G,3165097,155362,131,3447,1873397,36835,92,3447,982.5,300.8
R,1292195,73879,5275,3447,765256,32330,5376,3447,982.5,300.8
D,NBXX,9999,4.386e-5,3.212e-5,1.982e-5,4.438e-6,4.265e-6,3.381e-6
Y,190743,982.5,300.8,296.5,75.2,13.1,5.7,0,0000
T,2014,08,31,08,43,44
B,265765,24046,154,3448,162318,6513,165,3447,982.5,300.8
G,3168716,157716,102,3448,1872082,35376,82,3447,982.5,300.8
R,1290347,74980,5293,3448,763813,32090,5403,3447,982.5,300.8
D,NBXX,9999,4.369e-5,3.281e-5,2.052e-5,4.168e-6,3.815e-6,3.224e-6
Y,190907,982.5,300.8,296.5,75.5,13.1,5.7,0,0000
T,2014,08,31,08,48,44
B,267123,25273,181,3447,161601,6552,164,3447,982.5,300.8
G,3163435,167784,130,3447,1865920,36505,110,3447,982.5,300.8
R,1289457,78775,5307,3447,761309,32138,5195,3447,982.5,300.8
D,NBXX,9999,4.697e-5,3.602e-5,2.301e-5,4.094e-6,4.162e-6,3.395e-6
Y,190643,982.5,300.8,296.5,75.5,13.1,5.7,0,0000
T,2014,08,31,08,53,44
B,266515,23521,196,3447,161944,6703,189,3448,982.5,300.7
G,3173562,150588,130,3447,1868173,35963,99,3448,982.5,300.7
R,1286164,71960,5318,3447,762696,31969,5182,3448,982.5,300.7
D,NBXX,9999,4.165e-5,3.050e-5,1.892e-5,4.450e-6,3.958e-6,3.319e-6
Y,191255,982.5,300.7,296.5,75.7,13.1,5.7,0,0000
T,2014,08,31,08,58,44
B,265270,22154,172,3447,162377,6314,190,3447,982.5,300.7
G,3167209,140583,98,3447,1866087,34096,129,3447,982.5,300.7
R,1287587,69502,5284,3447,762398,31249,5175,3447,982.5,300.7
D,NBXX,9999,3.787e-5,2.748e-5,1.739e-5,3.434e-6,3.403e-6,2.897e-6
Y,190871,982.5,300.7,296.5,75.7,13.1,5.7,0,0000
T,2014,08,31,09,03,44
B,266425,22555,154,3448,161309,6551,177,3447,982.5,300.7
G,3167728,146332,102,3448,1865711,35339,85,3447,982.5,300.7
R,1286758,71558,5193,3448,762440,31165,5269,3447,982.5,300.7
D,NBXX,9999,3.891e-5,2.928e-5,1.868e-5,4.195e-6,3.806e-6,2.855e-6
Y,190847,982.5,300.7,296.4,75.7,13.1,5.7,0,0000
T,2014,08,31,09,08,44
B,265968,24424,180,3447,160772,6682,184,3447,982.5,300.7
G,3167461,160711,122,3447,1866355,37407,74,3447,982.5,300.7
R,1285657,75882,5229,3447,760893,32515,5140,3447,982.5,300.7
D,NBXX,9999,4.463e-5,3.376e-5,2.145e-5,4.505e-6,4.445e-6,3.759e-6
Y,190886,982.5,300.7,296.4,75.5,13.1,5.7,0,0000
T,2014,08,31,09,13,44
B,265272,22700,198,3447,160693,6390,179,3448,982.5,300.7
G,3162916,148769,98,3447,1864716,33718,94,3448,982.5,300.7
R,1286032,72432,5205,3447,761431,31311,5151,3448,982.5,300.7
D,NBXX,9999,3.949e-5,3.011e-5,1.932e-5,3.608e-6,3.309e-6,3.018e-6
Y,190611,982.5,300.7,296.4,75.5,13.1,5.7,0,0000
T,2014,08,31,09,18,44
B,265223,23088,140,3447,161481,6364,163,3447,982.5,300.7
G,3164440,150856,142,3447,1861397,34149,95,3447,982.5,300.7
R,1284756,72755,5119,3447,761304,30970,5239,3447,982.5,300.7
D,NBXX,9999,4.095e-5,3.072e-5,1.955e-5,3.800e-6,3.425e-6,2.823e-6
Y,190703,982.5,300.7,296.4,75.5,13.1,5.7,0,0000
T,2014,08,31,09,23,44
B,256444,21735,147,3317,155315,6187,146,3318,982.5,300.7
G,3050437,141914,115,3317,1800172,32521,90,3318,982.5,300.7
R,1241194,68034,5087,3317,735348,30233,5036,3318,982.5,300.7
D,NBXX,9999,3.908e-5,2.959e-5,1.803e-5,3.901e-6,3.302e-6,2.932e-6
Y,191039,982.5,300.7,296.4,75.7,13.1,5.7,0,0008
T,2014,08,31,09,28,44
B,265917,22741,182,3447,161586,6210,184,3447,982.5,300.7
G,3168883,148702,109,3447,1873206,34059,85,3447,982.5,300.7
R,1288700,71775,5203,3447,762547,31500,5130,3447,982.5,300.7
D,NBXX,9999,3.949e-5,3.000e-5,1.885e-5,3.057e-6,3.397e-6,3.131e-6
Y,190972,982.5,300.7,296.4,75.7,13.1,5.7,0,0000
T,2014,08,31,09,33,45
B,262111,23086,164,3400,158916,6184,143,3401,982.5,300.6
G,3127234,151984,104,3400,1839639,33817,100,3401,982.5,300.6
R,1270163,72774,5186,3400,750110,30711,5217,3401,982.5,300.6
D,NBXX,9999,4.176e-5,3.165e-5,1.996e-5,3.440e-6,3.455e-6,2.758e-6
Y,191068,982.5,300.6,296.4,75.8,13.1,5.7,0,0008
T,2014,08,31,09,38,44
B,266783,24459,177,3447,160054,6500,161,3447,982.5,300.6
G,3167039,160704,106,3447,1857133,35493,91,3447,982.5,300.6
R,1286215,76029,5299,3447,757519,31103,5085,3447,982.5,300.6
D,NBXX,9999,4.461e-5,3.377e-5,2.151e-5,3.984e-6,3.849e-6,2.873e-6
Y,190861,982.5,300.6,296.4,76.0,13.1,5.7,0,0000
T,2014,08,31,09,43,45
B,261054,24783,158,3378,157559,6304,196,3377,982.5,300.6
G,3106948,163731,122,3378,1831348,34974,94,3377,982.5,300.6
R,1262139,77046,5073,3378,747798,31244,4949,3377,982.5,300.6
D,NBXX,9999,4.717e-5,3.569e-5,2.316e-5,3.729e-6,3.893e-6,3.454e-6
Y,191065,982.5,300.6,296.4,76.0,13.1,5.7,0,0008
T,2014,08,31,09,48,44
B,266641,25733,184,3447,161137,6468,177,3447,982.5,300.6
G,3171560,173764,86,3447,1871036,35812,97,3447,982.5,300.6
R,1291979,80009,5172,3447,763021,31893,5225,3447,982.5,300.6
D,NBXX,9999,4.846e-5,3.776e-5,2.376e-5,3.814e-6,3.938e-6,3.296e-6
Y,191134,982.5,300.6,296.4,76.0,13.0,5.7,0,0000
T,2014,08,31,09,53,45
B,267743,25017,178,3447,160389,6457,161,3448,982.5,300.6
G,3172051,171211,115,3447,1872060,35588,109,3448,982.5,300.6
R,1289080,79950,5346,3447,765544,32192,5052,3448,982.5,300.6
D,NBXX,9999,4.604e-5,3.695e-5,2.382e-5,3.777e-6,3.849e-6,3.502e-6
Y,191164,982.5,300.6,296.4,76.0,13.1,5.7,0,0000
T,2014,08,31,09,58,44
B,266278,24101,158,3447,161160,6429,178,3447,982.5,300.7
G,3175657,163012,106,3447,1866579,35453,103,3447,982.5,300.7
R,1289418,77213,5103,3447,763131,31831,5241,3447,982.5,300.7
D,NBXX,9999,4.366e-5,3.434e-5,2.217e-5,3.809e-6,3.803e-6,3.320e-6
Y,191382,982.5,300.7,296.4,76.2,13.1,5.7,0,0000
T,2014,08,31,10,03,44
B,265217,24728,187,3447,161045,6451,169,3447,982.5,300.6
G,3171815,163716,114,3447,1870338,35085,82,3447,982.5,300.6
R,1289709,78486,5071,3447,765108,31495,5099,3447,982.5,300.6
D,NBXX,9999,4.580e-5,3.463e-5,2.306e-5,3.879e-6,3.706e-6,3.235e-6
Y,191150,982.5,300.6,296.4,76.0,13.1,5.7,0,0000
T,2014,08,31,10,08,45
B,266497,24392,184,3448,161207,6603,146,3447,982.5,300.6
G,3175394,165492,110,3448,1869373,36163,112,3447,982.5,300.6
R,1292078,78514,5052,3448,761358,31414,5068,3447,982.5,300.6
D,NBXX,9999,4.451e-5,3.511e-5,2.304e-5,4.352e-6,4.023e-6,3.203e-6
Y,191310,982.5,300.6,296.4,76.0,13.1,5.7,0,0000
T,2014,08,31,10,13,44
B,265752,24521,201,3447,160997,6514,144,3447,982.4,300.6
G,3174779,163811,119,3447,1864505,35585,79,3447,982.4,300.6
R,1290162,77555,5193,3447,760266,31444,5059,3447,982.4,300.6
D,NBXX,9999,4.506e-5,3.461e-5,2.242e-5,4.074e-6,3.851e-6,3.141e-6
Y,191329,982.4,300.6,296.4,76.2,13.1,5.7,0,0000
T,2014,08,31,10,18,45
B,266762,24904,201,3447,161206,6396,177,3448,982.4,300.7
G,3171702,169214,125,3447,1872919,35321,104,3448,982.4,300.7
R,1289555,79560,5240,3447,763706,31621,5010,3448,982.4,300.7
D,NBXX,9999,4.583e-5,3.633e-5,2.367e-5,3.521e-6,3.765e-6,3.252e-6
Y,191143,982.4,300.7,296.4,76.5,13.1,5.7,0,0000
T,2014,08,31,10,23,44
B,265075,24511,169,3447,161557,6335,156,3447,982.4,300.6
G,3168549,165097,99,3447,1866482,35714,120,3447,982.4,300.6
R,1289209,78302,5138,3447,761093,31804,5140,3447,982.4,300.6
D,NBXX,9999,4.529e-5,3.510e-5,2.289e-5,3.643e-6,3.905e-6,3.352e-6
Y,190952,982.4,300.6,296.4,76.8,13.1,5.7,0,0000
T,2014,08,31,10,28,45
B,266377,23169,148,3448,161214,6434,159,3447,982.4,300.6
G,3168454,153510,138,3448,1868367,34408,109,3447,982.4,300.6
R,1287634,73570,5113,3448,758735,31272,5096,3447,982.4,300.6
D,NBXX,9999,4.088e-5,3.148e-5,2.007e-5,3.926e-6,3.491e-6,3.094e-6
Y,190891,982.4,300.6,296.4,77.0,13.1,5.7,0,0000
T,2014,08,31,10,33,44
B,266278,23818,154,3447,161243,6394,193,3447,982.3,300.6
G,3165925,156309,107,3447,1864953,35323,89,3447,982.3,300.6
R,1286033,73933,5173,3447,759944,31375,5139,3447,982.3,300.6
D,NBXX,9999,4.275e-5,3.241e-5,2.027e-5,3.663e-6,3.801e-6,3.094e-6
Y,190793,982.3,300.6,296.4,77.3,13.1,5.7,0,0000
T,2014,08,31,10,38,45
B,266118,30384,192,3447,160160,7170,203,3448,982.2,300.6
G,3169135,216838,111,3447,1867924,41529,115,3448,982.2,300.6
R,1285620,100271,5089,3447,762875,34372,5054,3448,982.2,300.6
D,NBXX,9999,6.272e-5,5.121e-5,3.664e-5,5.872e-6,5.708e-6,5.061e-6
Y,190987,982.2,300.6,296.4,77.3,13.1,5.7,0,0000
T,2014,08,31,10,43,45
B,266565,24242,170,3447,161160,6459,195,3447,982.3,300.7
G,3164457,161505,125,3447,1865714,35423,116,3447,982.3,300.7
R,1287590,76448,5056,3447,760414,31643,5022,3447,982.3,300.7
D,NBXX,9999,4.391e-5,3.404e-5,2.194e-5,3.778e-6,3.821e-6,3.412e-6
Y,190704,982.3,300.7,296.5,77.5,13.1,5.7,0,0000
T,2014,08,31,10,48,45
B,266227,23845,173,3448,161078,6471,177,3447,982.3,300.7
G,3172612,153859,109,3448,1870022,35366,121,3447,982.3,300.7
R,1288812,73264,5090,3448,761918,31666,5003,3447,982.3,300.7
D,NBXX,9999,4.284e-5,3.154e-5,1.993e-5,3.897e-6,3.782e-6,3.408e-6
Y,191142,982.3,300.7,296.5,77.5,13.1,5.7,0,0000
T,2014,08,31,10,53,45
B,266255,24968,179,3447,161179,6485,171,3447,982.3,300.7
G,3175600,163224,105,3447,1865104,36038,101,3447,982.3,300.7
R,1289418,76867,4980,3447,761421,31931,5136,3447,982.3,300.7
D,NBXX,9999,4.627e-5,3.441e-5,2.211e-5,3.932e-6,3.986e-6,3.544e-6
Y,191379,982.3,300.7,296.5,77.6,13.1,5.7,0,0000
T,2014,08,31,10,58,45
B,267512,23852,214,3447,161491,6458,150,3448,982.2,300.7
G,3175107,157233,139,3447,1870585,35004,92,3448,982.2,300.7
R,1291323,73819,5222,3447,763401,31722,5187,3448,982.2,300.7
D,NBXX,9999,4.247e-5,3.255e-5,1.998e-5,3.708e-6,3.654e-6,3.184e-6
Y,191349,982.2,300.7,296.6,77.8,13.1,5.7,0,0000
T,2014,08,31,11,03,45
B,265727,23789,191,3447,160782,6557,176,3447,982.2,300.7
G,3173577,154550,114,3447,1870011,35878,99,3447,982.2,300.7
R,1289837,73153,5191,3447,765145,31709,5034,3447,982.2,300.7
D,NBXX,9999,4.274e-5,3.174e-5,1.974e-5,4.129e-6,3.941e-6,3.326e-6
Y,191256,982.2,300.7,296.6,77.3,13.1,5.7,0,0000
T,2014,08,31,11,08,45
B,266306,24180,155,3448,161152,6542,157,3447,982.3,300.7
G,3174523,155638,110,3448,1871836,35791,90,3447,982.3,300.7
R,1290527,73857,5096,3448,762486,31669,5014,3447,982.3,300.7
D,NBXX,9999,4.398e-5,3.207e-5,2.023e-5,4.243e-6,3.918e-6,3.381e-6
Y,191258,982.3,300.7,296.6,77.8,13.1,5.7,0,0000
T,2014,08,31,11,13,45
B,266335,23863,183,3447,161712,6365,150,3447,982.3,300.7
G,3169890,152874,134,3447,1871880,35472,111,3447,982.3,300.7
R,1287119,72287,5106,3447,763150,31338,5106,3447,982.3,300.7
D,NBXX,9999,4.293e-5,3.126e-5,1.930e-5,3.620e-6,3.816e-6,3.132e-6
Y,191033,982.3,300.7,296.6,77.8,13.1,5.7,0,0000
T,2014,08,31,11,18,45
B,266287,23944,176,3447,160686,6631,147,3448,982.3,300.7
G,3170592,152988,98,3447,1870251,36308,106,3448,982.3,300.7
R,1287715,72097,5079,3447,763652,31253,5087,3448,982.3,300.7
D,NBXX,9999,4.322e-5,3.130e-5,1.920e-5,4.466e-6,4.085e-6,3.103e-6
Y,191076,982.3,300.7,296.6,77.6,13.1,5.7,0,0000
T,2014,08,31,11,23,45
B,265300,22459,199,3447,161379,6445,162,3447,982.2,300.7
G,3165974,144238,123,3447,1868155,34570,85,3447,982.2,300.7
R,1287846,70207,5036,3447,761284,31557,5003,3447,982.2,300.7
D,NBXX,9999,3.880e-5,2.864e-5,1.812e-5,3.837e-6,3.561e-6,3.384e-6
Y,190796,982.2,300.7,296.6,77.8,13.1,5.7,0,0000
T,2014,08,31,11,28,45
B,266446,22662,165,3448,161649,6222,172,3447,982.2,300.8
G,3171380,141118,96,3448,1866395,33945,109,3447,982.2,300.8
R,1288092,69383,5110,3448,762383,30926,5081,3447,982.2,300.8
D,NBXX,9999,3.921e-5,2.760e-5,1.750e-5,3.167e-6,3.353e-6,2.889e-6
Y,191068,982.2,300.8,296.6,77.9,13.1,5.7,0,0000
T,2014,08,31,11,33,45
B,265770,22418,163,3447,160606,6231,184,3447,982.3,300.8
G,3166138,143058,104,3447,1863592,34352,102,3447,982.3,300.8
R,1288748,69633,5204,3447,761729,31174,5095,3447,982.3,300.8
D,NBXX,9999,3.860e-5,2.827e-5,1.756e-5,3.199e-6,3.494e-6,2.954e-6
Y,190806,982.3,300.8,296.6,77.8,13.1,5.7,0,0000
T,2014,08,31,11,38,45
B,265614,22059,201,3447,161061,6274,182,3448,982.2,300.8
G,3168383,141834,148,3447,1867877,34641,91,3448,982.2,300.8
R,1287221,68762,5233,3447,762753,31363,5145,3448,982.2,300.8
D,NBXX,9999,3.742e-5,2.785e-5,1.701e-5,3.208e-6,3.561e-6,3.024e-6
Y,190942,982.2,300.8,296.6,77.3,13.1,5.7,0,0000
T,2014,08,31,11,43,45
B,265881,22209,145,3447,161283,6406,189,3447,982.2,300.8
G,3167223,139116,132,3447,1869399,34346,118,3447,982.2,300.8
R,1288661,67928,5134,3447,761921,31176,5059,3447,982.2,300.8
D,NBXX,9999,3.798e-5,2.701e-5,1.659e-5,3.773e-6,3.472e-6,3.032e-6
Y,190872,982.2,300.8,296.7,77.8,13.0,5.7,0,0000
T,2014,08,31,11,48,45
B,266849,22481,192,3448,161032,6565,152,3447,982.2,300.8
G,3172699,142562,103,3448,1871008,34983,74,3447,982.2,300.8
R,1288511,69348,5223,3448,761987,31346,5125,3447,982.2,300.8
D,NBXX,9999,3.853e-5,2.804e-5,1.735e-5,4.162e-6,3.681e-6,3.032e-6
Y,191147,982.2,300.8,296.7,77.9,13.1,5.7,0,0000
T,2014,08,31,11,53,45
B,266290,23429,199,3447,161144,6793,205,3447,982.2,300.8
G,3171245,148885,121,3447,1867254,36673,101,3447,982.2,300.8
R,1287884,71703,5040,3447,762109,31671,5055,3447,982.2,300.8
D,NBXX,9999,4.136e-5,3.001e-5,1.900e-5,4.680e-6,4.193e-6,3.414e-6
Y,191115,982.2,300.8,296.7,77.9,13.1,5.7,0,0000
T,2014,08,31,11,58,45
B,266263,22071,170,3447,160527,6223,149,3448,982.2,300.8
G,3166571,137398,96,3447,1868648,34202,102,3448,982.2,300.8
R,1287852,67803,5101,3447,761714,31202,5161,3448,982.2,300.8
D,NBXX,9999,3.752e-5,2.651e-5,1.648e-5,3.235e-6,3.445e-6,3.002e-6
Y,190832,982.2,300.8,296.8,78.1,13.1,5.7,0,0000
T,2014,08,31,12,03,45
B,265745,22479,201,3447,161367,6348,183,3447,982.1,300.9
G,3166304,144093,118,3447,1865451,35593,86,3447,982.1,300.9
R,1290616,70050,5251,3447,760686,31723,5114,3447,982.1,300.9
D,NBXX,9999,3.869e-5,2.860e-5,1.771e-5,3.441e-6,3.881e-6,3.227e-6
Y,190816,982.1,300.9,296.8,77.9,13.1,5.7,0,0000
T,2014,08,31,12,08,45
B,266537,24953,185,3448,160423,7029,196,3447,982.0,300.9
G,3172315,159489,111,3448,1867250,38579,97,3447,982.0,300.9
R,1287611,75381,5185,3448,761308,32743,5206,3447,982.0,300.9
D,NBXX,9999,4.606e-5,3.330e-5,2.106e-5,5.484e-6,4.791e-6,3.869e-6
Y,191124,982.0,300.9,296.8,77.9,13.1,5.7,0,0000
T,2014,08,31,12,13,45
B,266719,22135,209,3447,160624,6439,169,3447,982.0,300.9
G,3169736,139937,89,3447,1862974,34581,122,3447,982.0,300.9
R,1287334,68406,5162,3447,759356,31106,5108,3447,982.0,300.9
D,NBXX,9999,3.742e-5,2.725e-5,1.686e-5,3.674e-6,3.551e-6,2.946e-6
Y,191024,982.0,300.9,296.8,77.5,13.1,5.7,0,0000
T,2014,08,31,12,18,45
B,266454,23186,200,3447,161565,6456,191,3448,982.0,300.9
G,3173021,143474,83,3447,1868532,35568,122,3448,982.0,300.9
R,1288134,69631,5318,3447,764266,31622,5179,3448,982.0,300.9
D,NBXX,9999,4.065e-5,2.831e-5,1.743e-5,3.693e-6,3.846e-6,3.089e-6
Y,191223,982.0,300.9,296.8,77.6,13.1,5.7,0,0000
T,2014,08,31,12,23,45
B,265577,22646,177,3447,160659,6535,151,3447,982.0,300.9
G,3169679,144468,99,3447,1868255,35525,87,3447,982.0,300.9
R,1286830,69245,5354,3447,760333,31907,5156,3447,982.0,300.9
D,NBXX,9999,3.944e-5,2.867e-5,1.722e-5,4.225e-6,3.854e-6,3.272e-6
Y,191020,982.0,300.9,296.8,78.1,13.1,5.7,0,0000
T,2014,08,31,12,28,45
B,265386,22513,178,3447,161471,6565,188,3447,982.0,301.0
G,3166740,144334,109,3447,1868251,35420,96,3447,982.0,301.0
R,1286203,69979,5202,3447,761440,31521,5173,3447,982.0,301.0
D,NBXX,9999,3.895e-5,2.866e-5,1.781e-5,4.195e-6,3.825e-6,3.150e-6
Y,190843,982.0,301.0,296.9,78.4,13.1,5.7,0,0000
T,2014,08,31,12,33,45
B,267960,24454,168,3448,161565,6892,180,3447,982.0,301.0
G,3169337,157283,97,3448,1867813,37928,88,3447,982.0,301.0
R,1290751,73260,5259,3448,762929,32571,5309,3447,982.0,301.0
D,NBXX,9999,4.426e-5,3.267e-5,1.957e-5,5.077e-6,4.608e-6,3.620e-6
Y,190944,982.0,301.0,296.9,77.8,13.1,5.7,0,0000
T,2014,08,31,12,38,45
B,267366,22907,181,3447,162072,6592,161,3447,982.0,301.0
G,3172288,146791,111,3447,1866350,35540,108,3447,982.0,301.0
R,1290383,70744,5415,3447,760831,31688,5261,3447,982.0,301.0
D,NBXX,9999,3.973e-5,2.934e-5,1.795e-5,4.223e-6,3.838e-6,2.999e-6
Y,191178,982.0,301.0,296.9,77.6,13.1,5.7,0,0000
T,2014,08,31,12,43,45
B,266735,23382,196,3447,161885,6754,158,3448,981.9,301.0
G,3169971,149138,106,3447,1874134,35804,100,3448,981.9,301.0
R,1290563,72853,5325,3447,763271,32071,5243,3448,981.9,301.0
D,NBXX,9999,4.130e-5,3.011e-5,1.932e-5,4.714e-6,3.930e-6,3.305e-6
Y,191038,981.9,301.0,297.0,78.4,13.1,5.7,0,0000
T,2014,08,31,12,48,45
B,265988,23010,207,3447,161289,6435,213,3447,981.9,301.0
G,3165927,145739,110,3447,1868857,35308,91,3447,981.9,301.0
R,1288162,71594,5284,3447,761507,32179,5181,3447,981.9,301.0
D,NBXX,9999,4.013e-5,2.911e-5,1.869e-5,3.563e-6,3.794e-6,3.473e-6
Y,190793,981.9,301.0,297.0,77.6,13.1,5.7,0,0000
T,2014,08,31,12,53,45
B,266784,22860,216,3448,161066,6781,189,3447,981.8,301.1
G,3166705,145914,135,3448,1871258,35945,85,3447,981.8,301.1
R,1290846,71545,5264,3448,765142,32160,5142,3447,981.8,301.1
D,NBXX,9999,3.952e-5,2.915e-5,1.862e-5,4.624e-6,3.986e-6,3.482e-6
Y,190785,981.8,301.1,297.0,76.8,13.1,5.7,0,0000
T,2014,08,31,12,58,45
B,262157,22879,206,3377,158955,6419,218,3378,981.9,301.1
G,3112813,146537,125,3377,1835832,35880,105,3378,981.9,301.1
R,1265375,71973,5177,3377,751533,31810,5124,3378,981.9,301.1
D,NBXX,9999,4.072e-5,3.013e-5,1.971e-5,3.759e-6,4.148e-6,3.578e-6
Y,191484,981.9,301.1,297.0,77.5,13.1,5.7,0,0008
T,2014,08,31,13,03,45
B,264300,22198,215,3417,159825,6399,245,3418,981.8,301.1
G,3148016,142789,111,3417,1851305,34672,103,3418,981.8,301.1
R,1279676,71828,5281,3417,754827,31636,5284,3418,981.8,301.1
D,NBXX,9999,3.793e-5,2.844e-5,1.901e-5,3.420e-6,3.649e-6,3.141e-6
Y,191382,981.8,301.1,297.0,77.0,13.1,5.7,0,0008
T,2014,08,31,13,08,45
B,263811,21334,211,3402,160073,6338,260,3402,981.8,301.1
G,3138377,137776,133,3402,1846985,34374,104,3402,981.8,301.1
R,1275776,70507,5251,3402,755160,31326,5307,3402,981.8,301.1
D,NBXX,9999,3.535e-5,2.699e-5,1.830e-5,3.232e-6,3.583e-6,2.995e-6
Y,191638,981.8,301.1,297.1,75.7,13.1,5.7,0,0008
T,2014,08,31,13,13,45
B,266035,22006,119,3448,161289,6261,146,3447,981.8,301.1
G,3172974,142397,92,3448,1870866,34601,96,3447,981.8,301.1
R,1291783,71900,5298,3448,765649,31962,5269,3447,981.8,301.1
D,NBXX,9999,3.759e-5,2.798e-5,1.870e-5,3.583e-6,3.558e-6,3.237e-6
Y,191164,981.8,301.1,297.1,76.3,13.1,5.7,0,0000
T,2014,08,31,13,18,45
B,261954,21571,138,3371,158011,6125,132,3372,981.7,301.2
G,3115920,139088,96,3371,1835863,34591,109,3372,981.7,301.2
R,1271285,69837,5337,3371,751693,31177,5290,3372,981.7,301.2
D,NBXX,9999,3.728e-5,2.773e-5,1.796e-5,3.429e-6,3.738e-6,2.889e-6
Y,192018,981.7,301.2,297.1,76.8,13.1,5.7,0,0008
T,2014,08,31,13,23,45
B,242803,19837,146,3135,146537,5787,141,3137,981.7,301.2
G,2893028,129236,101,3135,1705201,31566,73,3137,981.7,301.2
R,1176543,65390,5049,3135,695390,29031,4819,3137,981.7,301.2
D,NBXX,9999,3.661e-5,2.777e-5,1.845e-5,3.648e-6,3.553e-6,2.978e-6
Y,191702,981.7,301.2,297.1,77.0,13.1,5.7,0,0008
T,2014,08,31,13,28,45
B,260808,21249,155,3359,156791,6238,93,3360,981.7,301.2
G,3113216,136773,98,3359,1816600,33479,95,3360,981.7,301.2
R,1263862,69553,5220,3359,741553,31402,5384,3360,981.7,301.2
D,NBXX,9999,3.664e-5,2.704e-5,1.801e-5,3.940e-6,3.399e-6,3.116e-6
Y,192539,981.7,301.2,297.1,77.1,13.1,5.7,0,0008
T,2014,08,31,13,33,45
B,267013,21778,133,3448,159247,6107,151,3447,981.6,301.2
G,3174430,141089,99,3448,1864994,34589,106,3447,981.6,301.2
R,1293273,73226,5334,3448,763059,32064,5297,3447,981.6,301.2
D,NBXX,9999,3.661e-5,2.755e-5,1.943e-5,2.993e-6,3.543e-6,3.240e-6
Y,191252,981.6,301.2,297.1,76.3,13.1,5.7,0,0000
T,2014,08,31,13,38,45
B,265893,21491,151,3447,160764,6110,138,3447,981.7,301.2
G,3168354,138315,126,3447,1858088,34509,118,3447,981.7,301.2
R,1290246,71341,5571,3447,760029,31873,5394,3447,981.7,301.2
D,NBXX,9999,3.599e-5,2.675e-5,1.812e-5,3.053e-6,3.521e-6,2.908e-6
Y,190940,981.7,301.2,297.2,76.5,13.1,5.7,0,0000
T,2014,08,31,13,43,45
B,266740,20855,161,3447,161563,6022,131,3448,981.7,301.3
G,3166634,134526,129,3447,1859276,34414,105,3448,981.7,301.3
R,1288775,70497,5351,3447,761101,32118,5546,3448,981.7,301.3
D,NBXX,9999,3.383e-5,2.562e-5,1.769e-5,2.713e-6,3.511e-6,3.116e-6
Y,190836,981.7,301.3,297.2,74.9,13.1,5.7,0,0000
T,2014,08,31,13,48,45
B,266900,20577,158,3447,161356,6195,126,3447,981.7,301.3
G,3162318,133466,125,3447,1865216,34554,97,3447,981.7,301.3
R,1288922,70175,5494,3447,761641,32326,5345,3447,981.7,301.3
D,NBXX,9999,3.298e-5,2.536e-5,1.753e-5,3.264e-6,3.577e-6,3.289e-6
Y,190575,981.7,301.3,297.2,74.1,13.1,5.7,0,0000
T,2014,08,31,13,53,45
B,266696,20786,150,3448,160917,6140,143,3447,981.7,301.3
G,3165850,133439,109,3448,1860852,33682,109,3447,981.7,301.3
R,1290474,69571,5587,3448,759835,32055,5460,3447,981.7,301.3
D,NBXX,9999,3.363e-5,2.530e-5,1.697e-5,3.083e-6,3.298e-6,2.964e-6
Y,190733,981.7,301.3,297.2,74.5,13.1,5.7,0,0000
T,2014,08,31,13,58,45
B,265491,21198,127,3447,161317,6238,136,3447,981.7,301.3
G,3160797,138595,116,3447,1861076,34259,105,3447,981.7,301.3
R,1291118,72168,5418,3447,762342,32091,5559,3447,981.7,301.3
D,NBXX,9999,3.528e-5,2.698e-5,1.860e-5,3.565e-6,3.490e-6,3.025e-6
Y,190483,981.7,301.3,297.3,75.7,13.1,5.7,0,0000
T,2014,08,31,14,03,45
B,265993,21111,123,3447,160161,6252,164,3448,981.7,301.3
G,3167829,139693,129,3447,1865045,34945,95,3448,981.7,301.3
R,1290705,72290,5600,3447,762425,32834,5529,3448,981.7,301.3
D,NBXX,9999,3.481e-5,2.722e-5,1.858e-5,3.483e-6,3.676e-6,3.372e-6
Y,190908,981.7,301.3,297.3,76.2,13.1,5.7,0,0000
T,2014,08,31,14,08,45
B,264750,20160,170,3447,161512,6077,121,3447,981.7,301.3
G,3165078,130768,95,3447,1863312,33515,130,3447,981.7,301.3
R,1290349,68953,5641,3447,763862,32163,5544,3447,981.7,301.3
D,NBXX,9999,3.217e-5,2.448e-5,1.650e-5,3.021e-6,3.242e-6,2.928e-6
Y,190742,981.7,301.3,297.2,73.6,13.1,5.7,0,0000
T,2014,08,31,14,13,45
B,265684,20307,160,3448,160383,6145,157,3447,981.6,301.3
G,3163898,130699,134,3448,1865403,34040,106,3447,981.6,301.3
R,1292134,69647,5508,3448,762267,32190,5504,3447,981.6,301.3
D,NBXX,9999,3.232e-5,2.446e-5,1.699e-5,3.080e-6,3.408e-6,3.056e-6
Y,190615,981.6,301.3,297.3,73.7,13.1,5.7,0,0000
T,2014,08,31,14,18,45
B,265709,20716,130,3447,160416,6063,147,3447,981.6,301.3
G,3162996,134181,134,3447,1864074,34281,109,3447,981.6,301.3
R,1292161,71346,5678,3447,764052,31984,5482,3447,981.6,301.3
D,NBXX,9999,3.370e-5,2.556e-5,1.793e-5,2.964e-6,3.482e-6,2.820e-6
Y,190616,981.6,301.3,297.3,74.7,13.1,5.7,0,0000
T,2014,08,31,14,23,45
B,265765,20048,170,3447,161033,6186,136,3448,981.6,301.3
G,3165394,129991,123,3447,1863601,33819,121,3448,981.6,301.3
R,1291558,69356,5548,3447,764539,32235,5576,3448,981.6,301.3
D,NBXX,9999,3.154e-5,2.422e-5,1.675e-5,3.229e-6,3.326e-6,3.000e-6
Y,190761,981.6,301.3,297.3,72.9,13.1,5.7,0,0000
T,2014,08,31,14,28,45
B,266643,20572,154,3447,161311,6086,97,3447,981.5,301.3
G,3166998,129325,103,3447,1864963,33647,95,3447,981.5,301.3
R,1290845,69293,5658,3447,765350,32094,5645,3447,981.5,301.3
D,NBXX,9999,3.316e-5,2.401e-5,1.661e-5,3.079e-6,3.287e-6,2.797e-6
Y,190858,981.5,301.3,297.3,72.8,13.1,5.7,0,0000
T,2014,08,31,14,33,45
B,265705,20783,162,3448,161319,6276,133,3447,981.5,301.4
G,3165668,134395,120,3448,1867806,34192,120,3447,981.5,301.4
R,1293175,71499,5636,3448,764098,32348,5583,3447,981.5,301.4
D,NBXX,9999,3.387e-5,2.559e-5,1.796e-5,3.572e-6,3.449e-6,2.996e-6
Y,190722,981.5,301.4,297.3,73.9,13.1,5.7,0,0000
T,2014,08,31,14,38,45
B,265665,20093,142,3447,161572,6232,125,3447,981.4,301.4
G,3160881,128606,119,3447,1862586,33561,130,3447,981.4,301.4
R,1292196,69356,5624,3447,763471,32068,5642,3447,981.4,301.4
D,NBXX,9999,3.187e-5,2.385e-5,1.664e-5,3.534e-6,3.262e-6,2.795e-6
Y,190488,981.4,301.4,297.3,71.9,13.1,5.7,0,0000
T,2014,08,31,14,43,45
B,265631,19690,133,3447,160846,6109,158,3447,981.3,301.4
G,3162849,129348,118,3447,1865180,33533,125,3447,981.3,301.4
R,1289727,69522,5514,3447,763220,32540,5637,3447,981.3,301.4
D,NBXX,9999,3.056e-5,2.406e-5,1.689e-5,3.075e-6,3.249e-6,3.190e-6
Y,190607,981.3,301.4,297.3,72.1,13.1,5.7,0,0000
T,2014,08,31,14,48,45
B,266676,20193,136,3447,161264,6108,151,3448,981.3,301.4
G,3163903,131403,158,3447,1865466,34046,99,3448,981.3,301.4
R,1291590,71370,5545,3447,764794,32465,5650,3448,981.3,301.4
D,NBXX,9999,3.187e-5,2.468e-5,1.794e-5,3.011e-6,3.397e-6,3.090e-6
Y,190671,981.3,301.4,297.4,72.8,13.1,5.7,0,0000
T,2014,08,31,14,53,45
B,266265,19585,148,3447,160274,6149,151,3447,981.2,301.4
G,3164786,126773,110,3447,1865397,33440,116,3447,981.2,301.4
R,1292788,69793,5707,3447,762833,32160,5656,3447,981.2,301.4
D,NBXX,9999,3.007e-5,2.323e-5,1.682e-5,3.126e-6,3.220e-6,2.777e-6
Y,190724,981.2,301.4,297.4,71.6,13.1,5.7,0,0000
T,2014,08,31,14,58,45
B,263855,19483,148,3395,159160,5917,150,3394,981.2,301.4
G,3127392,128003,94,3395,1834802,33475,130,3394,981.2,301.4
R,1277212,70191,5484,3395,750932,31822,5520,3394,981.2,301.4
D,NBXX,9999,3.029e-5,2.409e-5,1.775e-5,2.581e-6,3.358e-6,2.973e-6
Y,191360,981.2,301.4,297.4,72.3,13.1,5.7,0,0008
T,2014,08,31,15,03,45
B,265346,19429,147,3425,159573,6110,151,3425,981.2,301.4
G,3145877,124460,110,3425,1845712,33213,90,3425,981.2,301.4
R,1282455,68996,5595,3425,758298,31962,5666,3425,981.2,301.4
D,NBXX,9999,2.979e-5,2.275e-5,1.668e-5,3.072e-6,3.220e-6,2.822e-6
Y,190803,981.2,301.4,297.4,72.1,13.0,5.7,0,0008
T,2014,08,31,15,08,45
B,263549,19286,160,3420,159312,6057,138,3421,981.1,301.4
G,3134439,125899,151,3420,1845379,33370,91,3421,981.1,301.4
R,1281034,69878,5540,3420,757904,31657,5615,3421,981.1,301.4
D,NBXX,9999,2.975e-5,2.333e-5,1.734e-5,3.023e-6,3.289e-6,2.718e-6
Y,190386,981.1,301.4,297.4,70.8,13.1,5.7,0,0008
T,2014,08,31,15,13,45
B,261508,18587,144,3398,158567,5918,159,3398,981.1,301.4
G,3112196,121737,91,3398,1830413,32803,127,3398,981.1,301.4
R,1268968,68466,5690,3398,750901,31810,5579,3398,981.1,301.4
D,NBXX,9999,2.801e-5,2.231e-5,1.671e-5,2.716e-6,3.195e-6,2.845e-6
Y,190258,981.1,301.4,297.5,70.0,13.1,5.7,0,0008
T,2014,08,31,15,18,45
B,266565,19121,146,3448,161052,6180,166,3447,981.0,301.5
G,3160835,124813,161,3448,1867180,33584,93,3447,981.0,301.5
R,1291560,69821,5582,3448,764224,32642,5643,3447,981.0,301.5
D,NBXX,9999,2.854e-5,2.266e-5,1.697e-5,3.160e-6,3.270e-6,3.187e-6
Y,190430,981.0,301.5,297.5,70.0,13.1,5.7,0,0000
T,2014,08,31,15,23,45
B,266967,19495,156,3447,159982,6309,147,3447,980.9,301.4
G,3163052,127998,115,3447,1861636,33840,102,3447,980.9,301.4
R,1291576,71589,5671,3447,763314,32813,5641,3447,980.9,301.4
D,NBXX,9999,2.962e-5,2.364e-5,1.799e-5,3.553e-6,3.353e-6,3.225e-6
Y,190619,980.9,301.4,297.4,71.1,13.1,5.7,0,0000
T,2014,08,31,15,28,45
B,265058,19537,154,3447,161316,6069,153,3448,980.9,301.4
G,3163228,128591,113,3447,1867668,33538,128,3448,980.9,301.4
R,1292943,71075,5687,3447,763939,32740,5863,3448,980.9,301.4
D,NBXX,9999,3.016e-5,2.381e-5,1.747e-5,2.928e-6,3.247e-6,2.994e-6
Y,190630,980.9,301.4,297.4,70.5,13.1,5.7,0,0000
T,2014,08,31,15,33,45
B,262713,18784,144,3411,158471,6018,144,3411,980.8,301.4
G,3131461,123389,124,3411,1834339,33108,102,3411,980.8,301.4
R,1278669,68592,5656,3411,752810,32145,5688,3411,980.8,301.4
D,NBXX,9999,2.842e-5,2.261e-5,1.647e-5,3.000e-6,3.238e-6,2.910e-6
Y,190708,980.8,301.4,297.4,68.2,13.1,5.7,0,0008
T,2014,08,31,15,38,45
B,264627,19040,158,3410,159640,6023,154,3409,980.7,301.5
G,3135031,125859,130,3410,1839558,33577,105,3409,980.7,301.5
R,1276127,70535,5669,3410,754616,32529,5673,3409,980.7,301.5
D,NBXX,9999,2.871e-5,2.334e-5,1.775e-5,2.807e-6,3.374e-6,3.178e-6
Y,190982,980.7,301.5,297.5,69.8,13.1,5.7,0,0008
T,2014,08,31,15,43,45
B,265860,19192,144,3447,160918,6285,145,3447,980.7,301.5
G,3159026,126813,130,3447,1856851,33874,115,3447,980.7,301.5
R,1290036,70404,5818,3447,760006,32553,5817,3447,980.7,301.5
D,NBXX,9999,2.899e-5,2.334e-5,1.708e-5,3.605e-6,3.381e-6,2.849e-6
Y,190376,980.7,301.5,297.5,69.7,13.1,5.7,0,0000
T,2014,08,31,15,48,45
B,264377,19795,133,3416,158923,6021,162,3417,980.6,301.5
G,3130641,130479,96,3416,1845239,33752,103,3417,980.6,301.5
R,1275990,72150,5685,3416,757338,32523,5764,3417,980.6,301.5
D,NBXX,9999,3.115e-5,2.487e-5,1.868e-5,2.868e-6,3.451e-6,3.089e-6
Y,190377,980.6,301.5,297.5,70.3,13.1,5.7,0,0008
T,2014,08,31,15,53,45
B,265628,19865,137,3447,161763,6042,134,3447,980.6,301.5
G,3155592,130329,153,3447,1860359,34496,126,3447,980.6,301.5
R,1288167,72266,5739,3447,763990,32934,5807,3447,980.6,301.5
D,NBXX,9999,3.116e-5,2.447e-5,1.834e-5,2.940e-6,3.574e-6,3.165e-6
Y,190168,980.6,301.5,297.5,69.2,13.1,5.7,0,0000
T,2014,08,31,15,58,45
B,266025,19935,161,3448,162594,6097,140,3447,980.5,301.5
G,3162972,131881,130,3448,1867290,34685,78,3447,980.5,301.5
R,1292559,73242,5708,3448,765297,32582,5816,3447,980.5,301.5
D,NBXX,9999,3.118e-5,2.488e-5,1.883e-5,2.981e-6,3.637e-6,2.928e-6
Y,190559,980.5,301.5,297.5,69.2,13.1,5.7,0,0000
T,2014,08,31,16,03,45
B,261058,18915,166,3385,158013,6176,125,3386,980.5,301.5
G,3099602,126635,110,3385,1821427,33630,83,3386,980.5,301.5
R,1266432,70815,5625,3385,748335,32218,5732,3386,980.5,301.5
D,NBXX,9999,2.918e-5,2.406e-5,1.819e-5,3.588e-6,3.520e-6,3.055e-6
Y,190216,980.5,301.5,297.5,67.7,13.1,5.7,0,0008
T,2014,08,31,16,08,45
B,265309,19796,166,3447,160882,6123,126,3448,980.4,301.5
G,3156968,134982,113,3447,1856906,34997,129,3448,980.4,301.5
R,1289021,76047,5727,3447,761520,33411,5976,3448,980.4,301.5
D,NBXX,9999,3.098e-5,2.592e-5,2.053e-5,3.144e-6,3.736e-6,3.333e-6
Y,190251,980.4,301.5,297.5,66.6,13.1,5.7,0,0000
T,2014,08,31,16,13,45
B,262981,19107,127,3412,158681,6028,128,3413,980.3,301.5
G,3122903,130627,108,3412,1833170,34035,108,3413,980.3,301.5
R,1276078,73438,5712,3412,751851,33090,5768,3413,980.3,301.5
D,NBXX,9999,2.950e-5,2.501e-5,1.946e-5,3.140e-6,3.560e-6,3.418e-6
Y,190129,980.3,301.5,297.5,65.3,13.1,5.7,0,0008
T,2014,08,31,16,18,45
B,266265,20430,142,3448,160439,6181,138,3447,980.3,301.5
G,3155736,137235,125,3448,1861995,34926,94,3447,980.3,301.5
R,1289408,75693,5822,3448,762334,33447,5831,3447,980.3,301.5
D,NBXX,9999,3.274e-5,2.665e-5,2.033e-5,3.311e-6,3.733e-6,3.397e-6
Y,190122,980.3,301.5,297.6,67.4,13.1,5.7,0,0000
T,2014,08,31,16,23,45
B,264577,20017,146,3425,160465,6244,153,3425,980.3,301.5
G,3138707,136549,105,3425,1850628,34917,85,3425,980.3,301.5
R,1281410,75758,5817,3425,758726,33230,5870,3425,980.3,301.5
D,NBXX,9999,3.180e-5,2.668e-5,2.059e-5,3.546e-6,3.797e-6,3.310e-6
Y,190366,980.3,301.5,297.5,67.4,13.1,5.7,0,0008
T,2014,08,31,16,28,45
B,266412,20616,130,3447,160690,6300,127,3448,980.3,301.6
G,3156897,137908,119,3447,1862321,35213,114,3448,980.3,301.6
R,1290276,75605,5886,3447,763457,33321,5797,3448,980.3,301.6
D,NBXX,9999,3.338e-5,2.684e-5,2.023e-5,3.749e-6,3.808e-6,3.280e-6
Y,190247,980.3,301.6,297.5,67.4,13.1,5.7,0,0000
T,2014,08,31,16,33,45
B,265887,20133,160,3447,160772,6316,137,3447,980.3,301.6
G,3155821,133324,101,3447,1858539,35012,123,3447,980.3,301.6
R,1287789,74584,5665,3447,761921,33382,5808,3447,980.3,301.6
D,NBXX,9999,3.189e-5,2.542e-5,1.983e-5,3.698e-6,3.755e-6,3.496e-6
Y,190182,980.3,301.6,297.6,66.6,13.1,5.7,0,0000
T,2014,08,31,16,38,45
B,266322,19925,185,3448,161109,6169,158,3447,980.2,301.6
G,3162183,132387,121,3448,1864561,34639,100,3447,980.2,301.6
R,1291204,73684,5844,3448,764940,32921,5830,3447,980.2,301.6
D,NBXX,9999,3.099e-5,2.505e-5,1.903e-5,3.061e-6,3.621e-6,3.042e-6
Y,190511,980.2,301.6,297.6,66.3,13.1,5.7,0,0000
T,2014,08,31,16,43,45
B,260209,19661,137,3397,159148,5985,150,3398,980.2,301.6
G,3116020,130482,130,3397,1830427,34388,95,3398,980.2,301.6
R,1274167,73293,5681,3397,750702,32671,5775,3398,980.2,301.6
D,NBXX,9999,3.177e-5,2.505e-5,1.944e-5,3.092e-6,3.692e-6,3.193e-6
Y,190549,980.2,301.6,297.6,65.3,13.1,5.7,0,0008
T,2014,08,31,16,48,45
B,263228,20389,177,3402,158462,6206,158,3402,980.2,301.6
G,3123111,136962,124,3402,1832450,34722,120,3402,980.2,301.6
R,1277001,76234,5754,3402,752503,33416,5786,3402,980.2,301.6
D,NBXX,9999,3.316e-5,2.700e-5,2.112e-5,3.406e-6,3.770e-6,3.573e-6
Y,190702,980.2,301.6,297.6,67.4,13.1,5.7,0,0008
T,2014,08,31,16,53,45
B,266153,19868,160,3447,160518,6265,150,3448,980.1,301.6
G,3157269,134828,117,3447,1859031,34566,150,3448,980.1,301.6
R,1292264,75313,5832,3447,763086,33685,5775,3448,980.1,301.6
D,NBXX,9999,3.097e-5,2.586e-5,2.005e-5,3.472e-6,3.592e-6,3.539e-6
Y,190270,980.1,301.6,297.6,66.4,13.1,5.7,0,0000
T,2014,08,31,16,58,45
B,264376,19831,132,3447,160852,6180,141,3447,980.1,301.6
G,3160845,136329,138,3447,1861203,34743,103,3447,980.1,301.6
R,1293553,76181,5860,3447,762657,33759,6073,3447,980.1,301.6
D,NBXX,9999,3.139e-5,2.629e-5,2.031e-5,3.469e-6,3.647e-6,3.345e-6
Y,190486,980.1,301.6,297.6,65.6,13.1,5.7,0,0000
T,2014,08,31,17,03,45
B,266589,20181,151,3448,161169,6152,159,3447,980.1,301.6
G,3157099,135959,123,3448,1858165,34926,121,3447,980.1,301.6
R,1290893,76623,5796,3448,760779,33557,5851,3447,980.1,301.6
D,NBXX,9999,3.183e-5,2.622e-5,2.086e-5,3.108e-6,3.719e-6,3.455e-6
Y,190204,980.1,301.6,297.6,65.1,13.1,5.7,0,0000
T,2014,08,31,17,08,45
B,265057,19996,148,3447,161415,6214,144,3447,980.1,301.6
G,3152267,135990,109,3447,1859530,34831,111,3447,980.1,301.6
R,1289256,76649,5827,3447,763831,33642,5985,3447,980.1,301.6
D,NBXX,9999,3.168e-5,2.631e-5,2.081e-5,3.459e-6,3.712e-6,3.400e-6
Y,189967,980.1,301.6,297.6,65.6,13.1,5.7,0,0000
T,2014,08,31,17,13,45
B,263639,20174,159,3417,158960,6241,160,3418,980.1,301.6
G,3124462,137883,127,3417,1842165,35023,105,3418,980.1,301.6
R,1278269,76825,5789,3417,754555,33139,5855,3418,980.1,301.6
D,NBXX,9999,3.245e-5,2.728e-5,2.138e-5,3.538e-6,3.861e-6,3.309e-6
Y,189944,980.1,301.6,297.6,66.3,13.1,5.7,0,0008
T,2014,08,31,17,18,45
B,265352,20771,123,3447,160324,6205,161,3447,980.1,301.6
G,3158501,141930,120,3447,1854975,35593,128,3447,980.1,301.6
R,1287844,78794,5939,3447,763620,33687,5961,3447,980.1,301.6
D,NBXX,9999,3.401e-5,2.807e-5,2.211e-5,3.440e-6,3.918e-6,3.378e-6
Y,190344,980.1,301.6,297.6,66.1,13.1,5.7,0,0000
T,2014,08,31,17,23,45
B,265947,20636,129,3448,161217,6255,161,3447,980.0,301.6
G,3157546,142759,118,3448,1862264,35266,103,3447,980.0,301.6
R,1290436,78242,5922,3448,763459,33831,5754,3447,980.0,301.6
D,NBXX,9999,3.344e-5,2.835e-5,2.185e-5,3.537e-6,3.833e-6,3.607e-6
Y,190231,980.0,301.6,297.6,66.6,13.1,5.7,0,0000
T,2014,08,31,17,28,45
B,265405,20457,182,3447,160628,6461,162,3447,979.9,301.6
G,3153739,138651,133,3447,1858826,35019,121,3447,979.9,301.6
R,1290135,76889,5917,3447,763034,33759,5953,3447,979.9,301.6
D,NBXX,9999,3.283e-5,2.711e-5,2.092e-5,4.008e-6,3.753e-6,3.435e-6
Y,190056,979.9,301.6,297.6,66.4,13.0,5.7,0,0000
T,2014,08,31,17,33,45
B,265694,20507,180,3447,159765,6354,136,3448,980.0,301.6
G,3155003,137992,135,3447,1859514,35238,128,3448,980.0,301.6
R,1287141,76739,5771,3447,762393,33746,5785,3448,980.0,301.6
D,NBXX,9999,3.301e-5,2.688e-5,2.112e-5,3.754e-6,3.811e-6,3.662e-6
Y,190133,980.0,301.6,297.6,65.8,13.1,5.7,0,0000
T,2014,08,31,17,38,45
B,264844,20272,148,3447,160452,6197,143,3447,980.0,301.6
G,3157661,136897,115,3447,1859002,35100,111,3447,980.0,301.6
R,1290690,75945,5929,3447,764472,34078,5835,3447,980.0,301.6
D,NBXX,9999,3.258e-5,2.652e-5,2.037e-5,3.425e-6,3.775e-6,3.688e-6
Y,190293,980.0,301.6,297.6,64.3,13.1,5.7,0,0000
T,2014,08,31,17,43,45
B,265483,20147,160,3448,160828,6267,157,3447,980.0,301.7
G,3157242,137173,112,3448,1863420,35222,124,3447,980.0,301.7
R,1291551,75799,5929,3448,765717,33937,6014,3447,980.0,301.7
D,NBXX,9999,3.195e-5,2.660e-5,2.013e-5,3.510e-6,3.814e-6,3.471e-6
Y,190213,980.0,301.7,297.7,64.2,13.1,5.7,0,0000
T,2014,08,31,17,48,45
B,260172,19988,131,3373,156468,6100,167,3373,980.0,301.7
G,3090742,135643,120,3373,1801206,34525,112,3373,980.0,301.7
R,1263819,75526,5910,3373,740335,33398,5801,3373,980.0,301.7
D,NBXX,9999,3.276e-5,2.704e-5,2.096e-5,3.420e-6,3.825e-6,3.567e-6
Y,190347,980.0,301.7,297.7,64.5,13.1,5.7,0,0008
T,2014,08,31,17,53,45
B,263854,20152,160,3414,160190,6140,137,3414,980.0,301.7
G,3134641,136550,133,3414,1847879,35226,82,3414,980.0,301.7
R,1281353,76526,5758,3414,758365,33989,5939,3414,980.0,301.7
D,NBXX,9999,3.241e-5,2.672e-5,2.106e-5,3.295e-6,3.899e-6,3.773e-6
Y,190734,980.0,301.7,297.7,64.3,13.1,5.7,0,0008
T,2014,08,31,17,58,45
B,263258,20778,129,3433,159208,6335,161,3434,980.0,301.7
G,3127292,140468,137,3433,1841326,35341,86,3434,980.0,301.7
R,1276740,78292,5985,3433,755030,34226,5985,3434,980.0,301.7
D,NBXX,9999,3.451e-5,2.806e-5,2.210e-5,3.959e-6,3.955e-6,3.764e-6
Y,189228,980.0,301.7,297.7,65.0,13.1,5.7,0,0000
T,2014,08,31,18,03,45
B,265162,21115,153,3448,160454,6311,163,3447,980.0,301.7
G,3157005,143660,123,3448,1854481,35522,144,3447,980.0,301.7
R,1289595,79096,5953,3448,762226,34273,6033,3447,980.0,301.7
D,NBXX,9999,3.500e-5,2.862e-5,2.218e-5,3.670e-6,3.898e-6,3.665e-6
Y,190198,980.0,301.7,297.7,66.7,13.0,5.7,0,0000
T,2014,08,31,18,08,45
B,261016,20221,165,3392,156976,6318,138,3392,980.0,301.7
G,3107007,137915,121,3392,1819562,34822,97,3392,980.0,301.7
R,1271056,76705,5901,3392,747445,33366,5949,3392,980.0,301.7
D,NBXX,9999,3.327e-5,2.754e-5,2.138e-5,4.023e-6,3.867e-6,3.376e-6
Y,190277,980.0,301.7,297.7,65.8,13.0,5.7,0,0008
T,2014,08,31,18,13,45
B,265499,20433,156,3447,160623,6411,172,3448,980.0,301.7
G,3152957,136997,117,3447,1854136,35202,106,3448,980.0,301.7
R,1288627,76898,6053,3447,763810,33735,6070,3448,980.0,301.7
D,NBXX,9999,3.279e-5,2.661e-5,2.077e-5,3.900e-6,3.821e-6,3.236e-6
Y,190009,980.0,301.7,297.7,65.5,13.1,5.7,0,0000
T,2014,08,31,18,18,45
B,265059,20191,165,3447,160850,6361,158,3447,980.0,301.7
G,3146593,136232,125,3447,1857439,35096,125,3447,980.0,301.7
R,1285731,76571,6043,3447,762707,34054,5912,3447,980.0,301.7
D,NBXX,9999,3.217e-5,2.645e-5,2.077e-5,3.800e-6,3.804e-6,3.585e-6
Y,189624,980.0,301.7,297.7,64.8,13.1,5.7,0,0000
T,2014,08,31,18,23,45
B,264257,20531,163,3448,160250,6278,134,3447,980.0,301.7
G,3148535,137163,127,3448,1853873,35381,128,3447,980.0,301.7
R,1288389,76315,6125,3448,761354,34165,6026,3447,980.0,301.7
D,NBXX,9999,3.349e-5,2.671e-5,2.039e-5,3.699e-6,3.888e-6,3.492e-6
Y,189686,980.0,301.7,297.7,64.5,13.1,5.7,0,0000
T,2014,08,31,18,28,45
B,266067,20928,118,3447,160528,6141,166,3447,980.0,301.7
G,3146620,140873,126,3447,1855433,35848,96,3447,980.0,301.7
R,1288181,78042,5992,3447,761695,34144,5944,3447,980.0,301.7
D,NBXX,9999,3.433e-5,2.791e-5,2.162e-5,3.196e-6,4.050e-6,3.630e-6
Y,189625,980.0,301.7,297.7,65.1,13.0,5.7,0,0000
T,2014,08,31,18,33,45
B,263835,20485,203,3447,160311,6314,150,3448,980.0,301.8
G,3154547,139159,123,3447,1859316,34995,129,3448,980.0,301.8
R,1288704,77341,5991,3447,764421,33988,6157,3448,980.0,301.8
D,NBXX,9999,3.325e-5,2.726e-5,2.102e-5,3.628e-6,3.741e-6,3.373e-6
Y,190105,980.0,301.8,297.8,64.0,13.1,5.7,0,0000
T,2014,08,31,18,38,45
B,264710,20650,142,3447,159893,6355,160,3447,980.0,301.8
G,3151412,140900,103,3447,1856475,35723,117,3447,980.0,301.8
R,1289960,77794,5939,3447,764302,33902,6079,3447,980.0,301.8
D,NBXX,9999,3.373e-5,2.786e-5,2.135e-5,3.881e-6,3.994e-6,3.406e-6
Y,189915,980.0,301.8,297.7,64.6,13.1,5.7,0,0000
T,2014,08,31,18,43,45
B,265284,21047,160,3448,160329,6400,146,3447,980.0,301.8
G,3155273,141819,140,3448,1860854,35603,111,3447,980.0,301.8
R,1289810,78171,6039,3448,765389,33895,6048,3447,980.0,301.8
D,NBXX,9999,3.480e-5,2.808e-5,2.154e-5,3.970e-6,3.935e-6,3.359e-6
Y,190094,980.0,301.8,297.7,64.8,13.1,5.7,0,0000
T,2014,08,31,18,48,45
B,264881,21318,142,3447,160367,6565,156,3447,980.0,301.8
G,3153062,143394,128,3447,1859274,36023,123,3447,980.0,301.8
R,1293143,79163,6014,3447,761588,34177,5986,3447,980.0,301.8
D,NBXX,9999,3.576e-5,2.860e-5,2.211e-5,4.529e-6,4.071e-6,3.557e-6
Y,190015,980.0,301.8,297.7,65.1,13.1,5.7,0,0000
T,2014,08,31,18,53,45
B,264642,20417,159,3447,161267,6297,135,3448,980.0,301.8
G,3150177,138714,137,3447,1856473,35546,94,3448,980.0,301.8
R,1291809,77296,5970,3447,761754,34494,6063,3448,980.0,301.8
D,NBXX,9999,3.306e-5,2.718e-5,2.098e-5,3.730e-6,3.936e-6,3.736e-6
Y,189841,980.0,301.8,297.7,64.0,13.1,5.7,0,0000
T,2014,08,31,18,58,45
B,264070,20260,141,3425,159175,6345,132,3425,980.0,301.7
G,3131595,138321,112,3425,1845055,35458,106,3425,980.0,301.7
R,1284673,76614,6104,3425,758968,34205,6120,3425,980.0,301.7
D,NBXX,9999,3.278e-5,2.732e-5,2.064e-5,3.999e-6,3.982e-6,3.496e-6
Y,189933,980.0,301.7,297.7,64.2,13.1,5.7,0,0008
T,2014,08,31,19,03,45
B,263063,20559,161,3416,158564,6232,168,3417,980.1,301.7
G,3122202,138197,134,3416,1839550,35553,98,3417,980.1,301.7
R,1282354,76866,6178,3416,755195,33969,5997,3417,980.1,301.7
D,NBXX,9999,3.374e-5,2.741e-5,2.090e-5,3.514e-6,4.037e-6,3.402e-6
Y,189862,980.1,301.7,297.7,63.8,13.1,5.7,0,0008
T,2014,08,31,19,08,45
B,264682,21088,125,3448,160863,6449,139,3447,980.0,301.7
G,3147600,140120,125,3448,1856050,35947,145,3447,980.0,301.7
R,1289107,77342,6046,3448,762826,34253,6110,3447,980.0,301.7
D,NBXX,9999,3.522e-5,2.765e-5,2.100e-5,4.313e-6,4.063e-6,3.536e-6
Y,189630,980.0,301.7,297.7,63.8,13.1,5.7,0,0000
T,2014,08,31,19,13,45
B,263465,21229,161,3425,160156,6390,166,3425,980.0,301.7
G,3137286,144390,146,3425,1846838,36404,95,3425,980.0,301.7
R,1284689,79395,5915,3425,759953,34569,6176,3425,980.0,301.7
D,NBXX,9999,3.573e-5,2.915e-5,2.245e-5,3.987e-6,4.251e-6,3.815e-6
Y,190280,980.0,301.7,297.7,65.0,13.1,5.7,0,0008
T,2014,08,31,19,18,45
B,263987,20966,186,3447,160924,6451,141,3448,980.0,301.7
G,3150948,140320,124,3447,1853649,35949,89,3448,980.0,301.7
R,1288092,78458,6206,3447,761031,33980,6165,3448,980.0,301.7
D,NBXX,9999,3.479e-5,2.768e-5,2.157e-5,4.133e-6,4.066e-6,3.214e-6
Y,189887,980.0,301.7,297.7,64.0,13.1,5.7,0,0000
T,2014,08,31,19,23,45
B,262394,20706,174,3419,158675,6311,154,3420,980.0,301.8
G,3125685,142938,144,3419,1843427,35930,140,3420,980.0,301.8
R,1280163,79197,6211,3419,755838,34283,6082,3420,980.0,301.8
D,NBXX,9999,3.436e-5,2.884e-5,2.233e-5,3.808e-6,4.124e-6,3.533e-6
Y,189908,980.0,301.8,297.7,65.1,13.1,5.7,0,0008
T,2014,08,31,19,28,45
B,266649,21117,164,3448,160583,6455,156,3447,980.1,301.8
G,3154031,144193,127,3448,1859505,36030,125,3447,980.1,301.8
R,1290380,79306,6213,3448,763678,34138,6127,3447,980.1,301.8
D,NBXX,9999,3.464e-5,2.884e-5,2.204e-5,3.994e-6,4.073e-6,3.322e-6
Y,190018,980.1,301.8,297.7,64.8,13.1,5.7,0,0000
T,2014,08,31,19,33,45
B,263496,21986,186,3425,160323,6322,161,3425,980.1,301.8
G,3136906,146789,138,3425,1849448,36578,124,3425,980.1,301.8
R,1283860,80359,6091,3425,760051,34623,6052,3425,980.1,301.8
D,NBXX,9999,3.799e-5,2.990e-5,2.303e-5,3.703e-6,4.299e-6,3.820e-6
Y,190257,980.1,301.8,297.7,65.3,13.1,5.7,0,0008
T,2014,08,31,19,38,45
B,265803,24225,149,3447,160628,6825,160,3448,980.2,301.8
G,3162064,168182,119,3447,1856581,39346,127,3448,980.2,301.8
R,1290635,86981,6070,3447,761718,35491,5983,3448,980.2,301.8
D,NBXX,9999,4.440e-5,3.622e-5,2.695e-5,5.214e-6,5.075e-6,4.346e-6
Y,190560,980.2,301.8,297.7,66.3,13.1,5.7,0,0000
T,2014,08,31,19,43,45
B,265513,23028,146,3447,161025,6565,153,3447,980.2,301.8
G,3166030,157692,139,3447,1860257,38199,108,3447,980.2,301.8
R,1294565,84092,6127,3447,764143,34971,6184,3447,980.2,301.8
D,NBXX,9999,4.084e-5,3.288e-5,2.486e-5,4.480e-6,4.705e-6,3.809e-6
Y,190800,980.2,301.8,297.7,67.2,13.1,5.7,0,0000
T,2014,08,31,19,48,45
B,264803,22624,140,3448,160219,6689,198,3447,980.2,301.8
G,3155923,155102,111,3448,1857874,37518,95,3447,980.2,301.8
R,1290916,83579,6089,3448,762924,35271,5930,3447,980.2,301.8
D,NBXX,9999,3.965e-5,3.224e-5,2.487e-5,4.779e-6,4.548e-6,4.242e-6
Y,190133,980.2,301.8,297.7,66.7,13.1,5.7,0,0000
T,2014,08,31,19,53,45
B,261519,25713,188,3394,158105,7064,116,3395,980.2,301.8
G,3114228,175484,112,3394,1833093,40559,120,3395,980.2,301.8
R,1275039,88558,6015,3394,752066,35486,6000,3395,980.2,301.8
D,NBXX,9999,5.025e-5,3.934e-5,2.851e-5,6.300e-6,5.652e-6,4.531e-6
Y,190608,980.2,301.8,297.7,67.2,13.1,5.7,0,0008
T,2014,08,31,19,58,45
B,266684,21452,169,3447,160663,6419,149,3448,980.3,301.7
G,3161051,143551,106,3447,1863056,36574,115,3448,980.3,301.7
R,1292170,78968,6149,3447,764563,34511,5943,3448,980.3,301.7
D,NBXX,9999,3.566e-5,2.855e-5,2.195e-5,3.878e-6,4.222e-6,3.701e-6
Y,190498,980.3,301.7,297.7,66.4,13.1,5.7,0,0000
T,2014,08,31,20,03,45
B,265711,21192,125,3447,160602,6393,184,3447,980.3,301.7
G,3162238,142754,110,3447,1861041,35901,141,3447,980.3,301.7
R,1291508,78299,6225,3447,764522,34311,6062,3447,980.3,301.7
D,NBXX,9999,3.513e-5,2.827e-5,2.142e-5,3.903e-6,4.000e-6,3.450e-6
Y,190570,980.3,301.7,297.7,66.4,13.1,5.7,0,0000
T,2014,08,31,20,08,45
B,266107,21193,162,3448,161456,6546,149,3447,980.3,301.7
G,3157897,142520,110,3448,1860819,36012,132,3447,980.3,301.7
R,1294384,78269,6107,3448,764672,34038,6168,3447,980.3,301.7
D,NBXX,9999,3.503e-5,2.826e-5,2.132e-5,4.342e-6,4.057e-6,3.269e-6
Y,190252,980.3,301.7,297.7,66.3,13.1,5.7,0,0000
T,2014,08,31,20,13,45
B,263272,21379,146,3419,158875,6460,167,3420,980.4,301.7
G,3127529,144323,124,3419,1838686,36025,125,3420,980.4,301.7
R,1277289,78733,6154,3419,755048,34289,5963,3420,980.4,301.7
D,NBXX,9999,3.629e-5,2.926e-5,2.225e-5,4.261e-6,4.160e-6,3.691e-6
Y,190020,980.4,301.7,297.7,66.7,13.1,5.7,0,0008
T,2014,08,31,20,18,45
B,263865,21917,178,3447,159556,6402,152,3448,980.4,301.7
G,3151287,148142,130,3447,1855558,36753,136,3448,980.4,301.7
R,1290532,80557,6042,3447,761922,34796,6162,3448,980.4,301.7
D,NBXX,9999,3.774e-5,3.011e-5,2.290e-5,3.980e-6,4.297e-6,3.812e-6
Y,189908,980.4,301.7,297.6,67.7,13.1,5.7,0,0000
T,2014,08,31,20,23,45
B,264399,22756,149,3447,160795,6565,162,3447,980.4,301.7
G,3148828,153280,97,3447,1856989,37391,95,3447,980.4,301.7
R,1289716,81408,6009,3447,761966,35213,5965,3447,980.4,301.7
D,NBXX,9999,4.026e-5,3.178e-5,2.361e-5,4.517e-6,4.537e-6,4.246e-6
Y,189759,980.4,301.7,297.6,67.7,13.1,5.7,0,0000
T,2014,08,31,20,28,45
B,265398,22674,196,3448,160175,6595,159,3447,980.4,301.7
G,3151315,152608,117,3448,1859357,37618,131,3447,980.4,301.7
R,1288236,81331,6121,3448,763636,34950,6128,3447,980.4,301.7
D,NBXX,9999,3.959e-5,3.152e-5,2.342e-5,4.387e-6,4.581e-6,3.907e-6
Y,189854,980.4,301.7,297.6,68.0,13.1,5.7,0,0000
T,2014,08,31,20,33,45
B,264828,23254,147,3447,160583,6696,167,3447,980.5,301.7
G,3155242,159857,107,3447,1857495,38549,131,3447,980.5,301.7
R,1289371,84063,6025,3447,762534,35290,6161,3447,980.5,301.7
D,NBXX,9999,4.164e-5,3.373e-5,2.511e-5,4.864e-6,4.858e-6,4.145e-6
Y,190147,980.5,301.7,297.6,70.6,13.1,5.7,0,0000
T,2014,08,31,20,38,45
B,265501,24165,177,3447,160171,6798,128,3448,980.5,301.7
G,3157950,160873,136,3447,1856931,39003,116,3448,980.5,301.7
R,1290717,84481,6160,3447,762496,35299,6157,3448,980.5,301.7
D,NBXX,9999,4.428e-5,3.400e-5,2.523e-5,5.154e-6,4.981e-6,4.039e-6
Y,190311,980.5,301.7,297.6,71.6,13.1,5.7,0,0000
T,2014,08,31,20,43,45
B,264702,23856,166,3447,160358,6703,117,3447,980.5,301.7
G,3149887,159610,129,3447,1855604,38331,115,3447,980.5,301.7
R,1288890,82967,6087,3447,762479,35291,5981,3447,980.5,301.7
D,NBXX,9999,4.363e-5,3.373e-5,2.453e-5,5.006e-6,4.808e-6,4.235e-6
Y,189823,980.5,301.7,297.6,71.0,13.1,5.7,0,0000
T,2014,08,31,20,48,45
B,266001,23052,180,3448,160945,6639,132,3447,980.6,301.7
G,3161715,154284,110,3448,1859148,37239,109,3447,980.6,301.7
R,1294347,81816,6100,3448,764485,35109,6169,3447,980.6,301.7
D,NBXX,9999,4.072e-5,3.189e-5,2.350e-5,4.617e-6,4.435e-6,3.930e-6
Y,190483,980.6,301.7,297.6,71.1,13.1,5.7,0,0000
T,2014,08,31,20,53,45
B,265941,22812,156,3447,161433,6724,181,3447,980.7,301.7
G,3165839,155482,97,3447,1861749,37425,125,3447,980.7,301.7
R,1295864,82130,6175,3447,765434,35205,6080,3447,980.7,301.7
D,NBXX,9999,3.991e-5,3.220e-5,2.366e-5,4.787e-6,4.473e-6,3.979e-6
Y,190788,980.7,301.7,297.5,72.8,13.1,5.7,0,0000
T,2014,08,31,20,58,45
B,267018,22982,128,3447,161180,6423,139,3448,980.7,301.7
G,3166197,155127,124,3447,1861826,37151,116,3448,980.7,301.7
R,1296292,81741,6105,3447,765213,34992,6008,3448,980.7,301.7
D,NBXX,9999,4.039e-5,3.208e-5,2.351e-5,4.033e-6,4.377e-6,3.940e-6
Y,190810,980.7,301.7,297.5,72.6,13.1,5.7,0,0000
T,2014,08,31,21,03,45
B,265984,22599,173,3447,161097,6462,143,3447,980.7,301.7
G,3167116,152566,121,3447,1864411,37271,140,3447,980.7,301.7
R,1293259,81373,6151,3447,765038,34604,6100,3447,980.7,301.7
D,NBXX,9999,3.932e-5,3.126e-5,2.328e-5,4.057e-6,4.407e-6,3.639e-6
Y,190865,980.7,301.7,297.5,72.1,13.1,5.7,0,0000
T,2014,08,31,21,08,45
B,265411,22632,143,3448,160155,6586,150,3447,980.7,301.7
G,3163769,154052,141,3448,1860164,37448,116,3447,980.7,301.7
R,1293417,81466,6051,3448,762742,35081,6025,3447,980.7,301.7
D,NBXX,9999,3.965e-5,3.177e-5,2.345e-5,4.565e-6,4.479e-6,4.060e-6
Y,190607,980.7,301.7,297.5,72.9,13.1,5.7,0,0000
T,2014,08,31,21,13,45
B,265517,23092,151,3447,159944,6494,146,3447,980.7,301.6
G,3153039,156855,105,3447,1855595,37485,103,3447,980.7,301.6
R,1288679,83716,6037,3447,761611,35345,6091,3447,980.7,301.6
D,NBXX,9999,4.102e-5,3.283e-5,2.496e-5,4.255e-6,4.545e-6,4.227e-6
Y,190014,980.7,301.6,297.5,73.1,13.1,5.7,0,0000
T,2014,08,31,21,18,45
B,264712,23189,156,3447,159637,6710,141,3447,980.7,301.7
G,3153120,156281,129,3447,1854181,38154,111,3447,980.7,301.7
R,1288557,82668,6152,3447,763362,35276,6076,3447,980.7,301.7
D,NBXX,9999,4.153e-5,3.264e-5,2.424e-5,4.977e-6,4.742e-6,4.115e-6
Y,190019,980.7,301.7,297.5,72.4,13.1,5.7,0,0000
T,2014,08,31,21,23,45
B,264431,23197,145,3447,160839,6685,160,3448,980.8,301.7
G,3157667,154311,114,3447,1854923,37556,139,3448,980.8,301.7
R,1290234,81123,6015,3447,760575,35336,6178,3448,980.8,301.7
D,NBXX,9999,4.160e-5,3.195e-5,2.327e-5,4.886e-6,4.530e-6,4.155e-6
Y,190294,980.8,301.7,297.5,71.5,13.0,5.7,0,0000
T,2014,08,31,21,28,45
B,265732,23220,160,3447,160268,6613,174,3447,980.8,301.7
G,3153671,158370,168,3447,1854602,37787,110,3447,980.8,301.7
R,1288843,82585,6086,3447,761212,35355,5946,3447,980.8,301.7
D,NBXX,9999,4.122e-5,3.327e-5,2.432e-5,4.473e-6,4.611e-6,4.300e-6
Y,190052,980.8,301.7,297.5,71.3,13.1,5.7,0,0000
T,2014,08,31,21,33,45
B,266159,23747,159,3448,161451,6584,150,3447,980.8,301.7
G,3156135,159556,137,3448,1863002,37956,145,3447,980.8,301.7
R,1289598,82826,5972,3448,764099,35661,6090,3447,980.8,301.7
D,NBXX,9999,4.281e-5,3.360e-5,2.442e-5,4.448e-6,4.657e-6,4.465e-6
Y,190146,980.8,301.7,297.5,71.0,13.1,5.7,0,0000
T,2014,08,31,21,38,45
B,265844,23508,164,3447,160138,6748,116,3447,980.8,301.7
G,3159197,160091,136,3447,1854076,38759,132,3447,980.8,301.7
R,1291906,82852,6231,3447,761673,35322,6046,3447,980.8,301.7
D,NBXX,9999,4.227e-5,3.373e-5,2.421e-5,5.070e-6,4.898e-6,4.074e-6
Y,190386,980.8,301.7,297.5,71.6,13.1,5.7,0,0000
T,2014,08,31,21,43,45
B,264171,23544,169,3447,160892,6788,140,3448,980.8,301.6
G,3153164,160573,114,3447,1860633,38372,99,3448,980.8,301.6
R,1288670,83434,5980,3447,763581,35245,5933,3448,980.8,301.6
D,NBXX,9999,4.272e-5,3.399e-5,2.494e-5,5.208e-6,4.816e-6,4.315e-6
Y,190021,980.8,301.6,297.5,71.8,13.1,5.7,0,0000
T,2014,08,31,21,48,45
B,264049,23495,180,3447,160584,6582,149,3447,980.9,301.7
G,3152013,157364,144,3447,1857410,38032,118,3447,980.9,301.7
R,1288421,81480,5999,3447,760463,35402,6071,3447,980.9,301.7
D,NBXX,9999,4.254e-5,3.296e-5,2.363e-5,4.517e-6,4.687e-6,4.307e-6
Y,189952,980.9,301.7,297.5,70.8,13.1,5.7,0,0000
T,2014,08,31,21,53,45
B,264762,23318,152,3448,159034,6837,161,3447,980.9,301.7
G,3150495,156478,124,3448,1855767,37852,120,3447,980.9,301.7
R,1288439,81339,6099,3448,762550,35248,6026,3447,980.9,301.7
D,NBXX,9999,4.186e-5,3.271e-5,2.350e-5,5.312e-6,4.646e-6,4.177e-6
Y,189805,980.9,301.7,297.5,71.0,13.1,5.7,0,0000
T,2014,08,31,21,58,45
B,263731,24051,171,3447,159181,6564,118,3447,981.0,301.7
G,3151013,158677,133,3447,1853690,38058,104,3447,981.0,301.7
R,1288700,82764,5971,3447,759343,35098,6064,3447,981.0,301.7
D,NBXX,9999,4.448e-5,3.340e-5,2.444e-5,4.627e-6,4.708e-6,4.142e-6
Y,189891,981.0,301.7,297.5,71.3,13.1,5.7,0,0000
T,2014,08,31,22,03,45
B,265068,23548,200,3447,160439,6708,140,3448,981.0,301.6
G,3150656,157223,146,3447,1857961,38059,124,3448,981.0,301.6
R,1290493,81827,6011,3447,761121,35572,6297,3448,981.0,301.6
D,NBXX,9999,4.239e-5,3.294e-5,2.361e-5,4.785e-6,4.694e-6,4.215e-6
Y,189870,981.0,301.6,297.4,70.8,13.1,5.7,0,0000
T,2014,08,31,22,08,45
B,265869,23442,157,3447,160394,6399,138,3447,981.0,301.6
G,3148600,154378,118,3447,1856665,37605,125,3447,981.0,301.6
R,1287671,80188,6242,3447,760776,34792,6132,3447,981.0,301.6
D,NBXX,9999,4.200e-5,3.209e-5,2.264e-5,3.946e-6,4.573e-6,3.721e-6
Y,189745,981.0,301.6,297.4,70.5,13.1,5.7,0,0000
T,2014,08,31,22,13,45
B,264802,23217,154,3448,160920,6740,128,3447,981.0,301.6
G,3151111,153385,146,3448,1855720,37555,84,3447,981.0,301.6
R,1286948,80669,6136,3448,761885,34713,5970,3447,981.0,301.6
D,NBXX,9999,4.164e-5,3.174e-5,2.315e-5,5.121e-6,4.556e-6,3.876e-6
Y,189842,981.0,301.6,297.4,70.5,13.1,5.7,0,0000
T,2014,08,31,22,18,45
B,264506,22856,156,3447,160466,6715,142,3447,981.0,301.6
G,3150994,154000,141,3447,1854762,37770,134,3447,981.0,301.6
R,1286491,80024,6065,3447,761012,34723,6036,3447,981.0,301.6
D,NBXX,9999,4.055e-5,3.192e-5,2.277e-5,5.004e-6,4.604e-6,3.886e-6
Y,189890,981.0,301.6,297.4,70.8,13.1,5.7,0,0000
T,2014,08,31,22,23,45
B,264733,23298,141,3447,160715,6630,165,3448,981.1,301.6
G,3149816,155444,148,3447,1857563,37895,126,3448,981.1,301.6
R,1286838,80773,5994,3447,761151,34840,6029,3448,981.1,301.6
D,NBXX,9999,4.183e-5,3.239e-5,2.328e-5,4.691e-6,4.644e-6,4.005e-6
Y,189819,981.1,301.6,297.4,71.5,13.1,5.7,0,0000
T,2014,08,31,22,28,45
B,264363,23103,192,3447,160350,6654,164,3447,981.1,301.6
G,3151837,153783,131,3447,1857869,37543,122,3447,981.1,301.6
R,1287211,79734,6079,3447,762762,34908,5965,3447,981.1,301.6
D,NBXX,9999,4.115e-5,3.185e-5,2.261e-5,4.619e-6,4.538e-6,4.033e-6
Y,189941,981.1,301.6,297.4,71.3,13.1,5.7,0,0000
T,2014,08,31,22,33,45
B,265014,23041,173,3448,159929,6551,162,3447,981.1,301.5
G,3152223,151722,130,3448,1851894,37473,106,3447,981.1,301.5
R,1286676,79361,5932,3448,761186,34623,6163,3447,981.1,301.5
D,NBXX,9999,4.083e-5,3.120e-5,2.236e-5,4.322e-6,4.524e-6,3.831e-6
Y,189909,981.1,301.5,297.4,71.0,13.1,5.7,0,0000
T,2014,08,31,22,38,45
B,265131,22508,157,3447,160561,6550,157,3447,981.1,301.5
G,3144544,150433,142,3447,1857613,36848,116,3447,981.1,301.5
R,1290197,79012,5990,3447,760840,34637,6060,3447,981.1,301.5
D,NBXX,9999,3.924e-5,3.090e-5,2.207e-5,4.380e-6,4.345e-6,3.832e-6
Y,189500,981.1,301.5,297.4,70.8,13.1,5.7,0,0000
T,2014,08,31,22,43,45
B,265469,22589,166,3447,160055,6541,131,3448,981.1,301.5
G,3151907,150537,129,3447,1853467,37565,106,3448,981.1,301.5
R,1289573,79214,6011,3447,761596,34404,6120,3448,981.1,301.5
D,NBXX,9999,3.946e-5,3.084e-5,2.216e-5,4.383e-6,4.547e-6,3.633e-6
Y,189945,981.1,301.5,297.4,70.6,13.1,5.7,0,0000
T,2014,08,31,22,48,45
B,265355,23010,153,3447,160838,6651,153,3447,981.0,301.5
G,3150422,151667,133,3447,1853632,37165,116,3447,981.0,301.5
R,1286046,78466,6022,3447,762819,34465,5882,3447,981.0,301.5
D,NBXX,9999,4.075e-5,3.121e-5,2.197e-5,4.702e-6,4.426e-6,3.872e-6
Y,189855,981.0,301.5,297.4,70.8,13.1,5.7,0,0000
T,2014,08,31,22,53,45
B,265734,22787,158,3448,160101,6602,152,3447,981.0,301.5
G,3152033,151385,136,3448,1857055,37435,115,3447,981.0,301.5
R,1288031,78735,6003,3448,761063,34610,6033,3447,981.0,301.5
D,NBXX,9999,3.995e-5,3.109e-5,2.197e-5,4.516e-6,4.507e-6,3.852e-6
Y,189898,981.0,301.5,297.4,71.3,13.1,5.7,0,0000
T,2014,08,31,22,58,45
B,264681,22640,152,3447,160894,6433,139,3447,980.9,301.5
G,3150869,149408,84,3447,1855686,37267,104,3447,980.9,301.5
R,1285854,78577,5968,3447,761642,34513,6011,3447,980.9,301.5
D,NBXX,9999,3.984e-5,3.051e-5,2.199e-5,4.135e-6,4.478e-6,3.850e-6
Y,189883,980.9,301.5,297.3,71.0,13.1,5.7,0,0000
T,2014,08,31,23,03,45
B,265754,22778,148,3447,160619,6488,141,3448,980.9,301.5
G,3150512,152015,118,3447,1855013,37262,110,3448,980.9,301.5
R,1288974,79691,5912,3447,762119,34627,5899,3448,980.9,301.5
D,NBXX,9999,3.999e-5,3.132e-5,2.270e-5,4.229e-6,4.460e-6,4.004e-6
Y,189861,980.9,301.5,297.3,71.1,13.1,5.7,0,0000
T,2014,08,31,23,08,45
B,265192,24255,167,3447,160826,6803,132,3447,980.9,301.5
G,3150475,160962,148,3447,1856634,38508,113,3447,980.9,301.5
R,1287362,83084,5813,3447,761596,35324,5963,3447,980.9,301.5
D,NBXX,9999,4.464e-5,3.411e-5,2.486e-5,5.206e-6,4.842e-6,4.480e-6
Y,189859,980.9,301.5,297.3,71.6,13.1,5.7,0,0000
T,2014,08,31,23,13,45
B,264700,23604,135,3448,160830,6641,164,3447,980.9,301.5
G,3151929,158301,112,3448,1860222,38187,106,3447,980.9,301.5
R,1290667,81377,5999,3448,762255,34570,5851,3447,980.9,301.5
D,NBXX,9999,4.277e-5,3.327e-5,2.365e-5,4.750e-6,4.755e-6,3.934e-6
Y,189891,980.9,301.5,297.3,71.9,13.1,5.7,0,0000
T,2014,08,31,23,18,45
B,265460,23835,146,3447,160366,6725,141,3447,980.9,301.5
G,3147876,158407,115,3447,1857520,38189,107,3447,980.9,301.5
R,1287927,81189,6085,3447,762045,34646,5948,3447,980.9,301.5
D,NBXX,9999,4.332e-5,3.337e-5,2.349e-5,4.989e-6,4.766e-6,3.873e-6
Y,189701,980.9,301.5,297.3,71.6,13.1,5.7,0,0000
T,2014,08,31,23,23,45
B,264899,24213,161,3447,161174,7072,131,3447,980.9,301.5
G,3150814,162002,124,3447,1860549,38886,128,3447,980.9,301.5
R,1290064,82654,5859,3447,760974,34914,6085,3447,980.9,301.5
D,NBXX,9999,4.462e-5,3.444e-5,2.439e-5,6.079e-6,4.962e-6,4.080e-6
Y,189879,980.9,301.5,297.3,72.3,13.1,5.7,0,0000
T,2014,08,31,23,28,45
B,265099,24142,144,3447,161407,6745,150,3448,980.9,301.5
G,3147864,164663,117,3447,1863090,38984,108,3448,980.9,301.5
R,1286904,83066,6202,3447,762679,35197,6070,3448,980.9,301.5
D,NBXX,9999,4.434e-5,3.533e-5,2.451e-5,5.046e-6,5.011e-6,4.046e-6
Y,189701,980.9,301.5,297.3,73.1,13.0,5.7,0,0000
T,2014,08,31,23,33,45
B,265851,24678,120,3447,159510,6714,153,3447,980.9,301.5
G,3152492,165201,115,3447,1858207,39365,84,3447,980.9,301.5
R,1290368,83215,5986,3447,763390,35019,6013,3447,980.9,301.5
D,NBXX,9999,4.584e-5,3.543e-5,2.468e-5,4.976e-6,5.125e-6,4.102e-6
Y,189981,980.9,301.5,297.3,72.4,12.9,5.7,0,0000
T,2014,08,31,23,38,45
B,265922,25022,163,3448,161034,6750,133,3447,980.9,301.5
G,3152646,166214,111,3448,1857215,39332,96,3447,980.9,301.5
R,1288386,84022,5956,3448,761368,35399,5706,3447,980.9,301.5
D,NBXX,9999,4.680e-5,3.574e-5,2.548e-5,5.006e-6,5.115e-6,4.602e-6
Y,189935,980.9,301.5,297.3,72.6,13.1,5.7,0,0000
T,2014,08,31,23,43,45
B,264509,24578,149,3447,160997,6806,156,3447,980.9,301.5
G,3149974,166407,104,3447,1859071,39486,108,3447,980.9,301.5
R,1289212,83584,6000,3447,762543,34976,5841,3447,980.9,301.5
D,NBXX,9999,4.580e-5,3.585e-5,2.506e-5,5.245e-6,5.168e-6,4.200e-6
Y,189828,980.9,301.5,297.2,73.2,13.1,5.7,0,0000
T,2014,08,31,23,48,45
B,265669,24958,146,3447,161173,6746,145,3448,980.8,301.5
G,3151904,165917,155,3447,1858619,39158,122,3448,980.8,301.5
R,1289257,83484,5905,3447,762705,35461,6023,3448,980.8,301.5
D,NBXX,9999,4.669e-5,3.566e-5,2.494e-5,5.018e-6,5.044e-6,4.431e-6
Y,189945,980.8,301.5,297.3,73.2,13.1,5.7,0,0000
T,2014,08,31,23,53,45
B,264331,24626,162,3447,160580,7011,116,3447,980.8,301.5
G,3152506,163583,112,3447,1858350,38914,129,3447,980.8,301.5
R,1288402,82843,6015,3447,760254,35093,5862,3447,980.8,301.5
D,NBXX,9999,4.609e-5,3.494e-5,2.461e-5,5.986e-6,4.982e-6,4.254e-6
Y,189982,980.8,301.5,297.3,72.9,13.0,5.7,0,0000
T,2014,08,31,23,58,45
B,264753,24019,154,3448,160060,6652,154,3447,980.8,301.5
G,3151203,160140,117,3448,1857479,38472,101,3447,980.8,301.5
R,1289066,82350,6104,3448,760811,35106,5908,3447,980.8,301.5
D,NBXX,9999,4.400e-5,3.389e-5,2.418e-5,4.748e-6,4.860e-6,4.164e-6
Y,189847,980.8,301.5,297.3,72.9,13.1,5.7,0,0000
