T,2014,09,15,11,37,33
B,55935,7432,23,689,33628,1564,16,690,981.6,297.4
G,656171,49904,32,689,388249,9016,13,690,981.6,297.4
R,261231,20012,597,689,154577,6117,524,690,981.6,297.4
D,NBXX,9999,7.841e-5,5.860e-5,3.878e-5,7.291e-6,6.255e-6,5.707e-6
Y,197862,981.6,297.4,293.6,59.3,13.2,5.7,0,0000
T,2014,09,15,11,38,33
B,55789,7946,14,690,33615,1720,11,689,977.4,297.7
G,657638,55855,8,690,386496,9711,14,689,977.4,297.7
R,262003,21885,491,690,154313,6425,548,689,977.4,297.7
D,NBXX,9999,8.656e-5,6.749e-5,4.457e-5,9.999e-6,7.389e-6,6.945e-6
Y,198018,977.4,297.7,293.8,58.3,13.3,5.7,0,0000
T,2014,09,15,11,39,33
B,55903,9558,13,689,33855,1795,26,690,977.4,297.9
G,656809,69689,18,689,388202,11355,7,690,977.4,297.9
R,261124,27081,569,689,153763,6794,593,690,977.4,297.9
D,NBXX,9999,1.095e-4,8.838e-5,6.012e-5,1.073e-5,9.826e-6,7.632e-6
Y,198055,977.4,297.9,293.8,55.7,13.3,5.7,0,0000
T,2014,09,15,11,40,33
B,55291,9762,24,690,33363,1840,13,689,977.4,297.9
G,656795,71907,13,690,387949,11387,14,689,977.4,297.9
R,261006,27622,525,690,153972,6983,560,689,977.4,297.9
D,NBXX,9999,1.141e-4,9.171e-5,6.205e-5,1.178e-5,9.921e-6,8.538e-6
Y,197763,977.4,297.9,293.9,53.4,13.3,5.7,0,0000
T,2014,09,15,11,41,33
B,55270,9802,13,689,34187,1942,11,690,977.4,298.0
G,656425,72887,10,689,388793,11349,3,690,977.4,298.0
R,260647,27984,518,689,154906,6902,555,690,977.4,298.0
D,NBXX,9999,1.150e-4,9.327e-5,6.331e-5,1.345e-5,9.848e-6,8.303e-6
Y,197939,977.4,298.0,293.9,51.8,13.3,5.7,0,0000
T,2014,09,15,11,42,33
B,55430,10304,24,690,33645,1811,19,689,977.4,298.0
G,658227,73167,17,690,387310,11496,10,689,977.4,298.0
R,262539,28296,608,690,155314,7090,565,689,977.4,298.0
D,NBXX,9999,1.216e-4,9.337e-5,6.332e-5,1.120e-5,1.004e-5,8.452e-6
Y,198196,977.4,298.0,293.9,50.5,13.3,5.7,0,0000
T,2014,09,15,11,43,33
B,55702,9903,31,689,33666,1843,17,690,977.4,298.1
G,655831,73130,9,689,387071,11327,13,690,977.4,298.1
R,261023,28273,568,689,154515,7241,577,690,977.4,298.1
D,NBXX,9999,1.149e-4,9.372e-5,6.382e-5,1.138e-5,9.815e-6,9.052e-6
Y,197759,977.4,298.1,293.9,49.4,13.3,5.7,0,0000
T,2014,09,15,11,44,33
B,55948,9820,12,690,33545,1856,14,689,977.4,298.1
G,657243,73939,8,690,387238,11576,8,689,977.4,298.1
R,260255,28001,620,690,154721,7298,564,689,977.4,298.1
D,NBXX,9999,1.135e-4,9.471e-5,6.310e-5,1.190e-5,1.021e-5,9.199e-6
Y,197898,977.4,298.1,294.0,48.4,13.3,5.7,0,0000
T,2014,09,15,11,45,33
B,55222,9851,27,689,33337,1878,22,689,977.4,298.2
G,655770,73369,20,689,385947,11543,11,689,977.4,298.2
R,261694,28349,534,689,154147,7215,620,689,977.4,298.2
D,NBXX,9999,1.154e-4,9.408e-5,6.381e-5,1.215e-5,1.015e-5,8.924e-6
Y,197741,977.4,298.2,294.0,47.6,13.3,5.7,0,0000
T,2014,09,15,11,46,33
B,55753,10024,9,689,33354,1853,35,690,977.4,298.2
G,654228,74374,17,689,387319,11612,15,690,977.4,298.2
R,260853,28132,573,689,154750,7189,542,690,977.4,298.2
D,NBXX,9999,1.166e-4,9.585e-5,6.355e-5,1.157e-5,1.026e-5,9.011e-6
Y,197274,977.4,298.2,294.0,47.0,13.3,5.7,0,0000
T,2014,09,15,11,47,33
B,55257,9979,11,690,33294,1852,7,689,977.4,298.3
G,655299,73426,7,690,387517,11418,14,689,977.4,298.3
R,261823,28698,646,690,154497,7224,556,689,977.4,298.3
D,NBXX,9999,1.177e-4,9.429e-5,6.466e-5,1.233e-5,1.003e-5,8.803e-6
Y,197310,977.4,298.3,294.0,46.5,13.3,5.7,0,0000
T,2014,09,15,11,48,33
B,55746,9852,29,689,33398,1825,17,690,977.5,298.3
G,655368,73096,20,689,387285,11530,12,690,977.5,298.3
R,261023,28503,591,689,154920,7178,578,690,977.5,298.3
D,NBXX,9999,1.141e-4,9.376e-5,6.444e-5,1.113e-5,1.012e-5,8.777e-6
Y,197619,977.5,298.3,294.0,46.0,13.3,5.7,0,0000
T,2014,09,15,11,49,33
B,55468,10114,24,690,34160,1869,14,689,977.5,298.4
G,656640,73283,18,690,387666,11369,18,689,977.5,298.4
R,260646,28186,583,690,154457,7232,600,689,977.5,298.4
D,NBXX,9999,1.188e-4,9.382e-5,6.354e-5,1.212e-5,9.896e-6,8.974e-6
Y,197716,977.5,298.4,294.1,45.7,13.3,5.7,0,0000
T,2014,09,15,11,50,33
B,55130,10046,10,689,33821,1828,16,690,977.5,298.4
G,654351,73445,13,689,386434,11350,11,690,977.5,298.4
R,261378,27963,571,689,154023,7304,569,690,977.5,298.4
D,NBXX,9999,1.189e-4,9.447e-5,6.279e-5,1.181e-5,9.898e-6,9.235e-6
Y,197311,977.5,298.4,294.1,45.2,13.3,5.7,0,0000
T,2014,09,15,11,51,33
B,55440,9974,12,690,33310,1855,14,689,977.5,298.4
G,655861,73339,18,690,386870,11560,16,689,977.5,298.4
R,261841,28236,597,690,154055,7134,604,689,977.5,298.4
D,NBXX,9999,1.170e-4,9.404e-5,6.326e-5,1.213e-5,1.020e-5,8.533e-6
Y,197480,977.5,298.4,294.1,44.8,13.3,5.7,0,0000
T,2014,09,15,11,52,33
B,55284,9834,25,689,33479,1855,12,690,977.5,298.5
G,655324,72968,20,689,386542,11235,20,690,977.5,298.5
R,261477,28161,567,689,154080,7331,592,690,977.5,298.5
D,NBXX,9999,1.152e-4,9.356e-5,6.329e-5,1.194e-5,9.672e-6,9.244e-6
Y,197606,977.5,298.5,294.1,44.5,13.3,5.7,0,0000
T,2014,09,15,11,53,33
B,55979,9816,17,690,33284,1784,12,689,977.5,298.5
G,655858,71348,17,690,385452,11321,18,689,977.5,298.5
R,262284,27708,623,690,153575,7130,624,689,977.5,298.5
D,NBXX,9999,1.133e-4,9.104e-5,6.137e-5,1.079e-5,9.845e-6,8.330e-6
Y,197479,977.5,298.5,294.2,44.4,13.3,5.7,0,0000
T,2014,09,15,11,54,33
B,55443,9624,20,689,33691,1775,12,690,977.5,298.6
G,655353,70529,12,689,387668,11092,9,690,977.5,298.6
R,261734,27373,638,689,154391,7171,597,690,977.5,298.6
D,NBXX,9999,1.118e-4,8.991e-5,6.057e-5,1.078e-5,9.489e-6,8.476e-6
Y,197614,977.5,298.6,294.2,44.0,13.3,5.7,0,0000
T,2014,09,15,11,55,33
B,55737,9506,28,689,33232,1821,15,689,977.5,298.6
G,654327,69827,16,689,385283,11235,11,689,977.5,298.6
R,261061,27037,665,689,153530,7163,577,689,977.5,298.6
D,NBXX,9999,1.091e-4,8.901e-5,5.973e-5,1.117e-5,9.745e-6,8.500e-6
Y,197304,977.5,298.6,294.2,43.7,13.3,5.7,0,0000
T,2014,09,15,11,56,33
B,55272,9602,26,690,33199,1829,17,689,977.5,298.6
G,657078,70826,20,690,385697,11247,19,689,977.5,298.6
R,261221,27641,586,690,154982,7073,544,689,977.5,298.6
D,NBXX,9999,1.117e-4,9.005e-5,6.189e-5,1.154e-5,9.695e-6,8.639e-6
Y,197848,977.5,298.6,294.2,43.5,13.3,5.7,0,0000
T,2014,09,15,11,57,33
B,55186,9326,23,689,33786,1765,20,690,977.5,298.7
G,654909,70536,18,689,385501,11045,21,690,977.5,298.7
R,261654,27381,647,689,154540,7122,621,690,977.5,298.7
D,NBXX,9999,1.079e-4,8.996e-5,6.050e-5,1.058e-5,9.398e-6,8.218e-6
Y,197480,977.5,298.7,294.2,43.2,13.3,5.7,0,0000
T,2014,09,15,11,58,33
B,55056,9584,29,690,33587,1758,19,689,977.5,298.7
G,656354,68978,14,690,387714,11158,18,689,977.5,298.7
R,261788,27036,589,690,154054,7244,616,689,977.5,298.7
D,NBXX,9999,1.119e-4,8.740e-5,5.963e-5,1.052e-5,9.592e-6,8.856e-6
Y,197629,977.5,298.7,294.3,43.1,13.2,5.7,0,0000
T,2014,09,15,11,59,33
B,54772,9520,19,689,33738,1762,22,690,977.5,298.8
G,657919,70048,24,689,387781,11107,20,690,977.5,298.8
R,261942,27186,624,689,154817,7144,608,690,977.5,298.8
D,NBXX,9999,1.118e-4,8.874e-5,5.995e-5,1.076e-5,9.406e-6,8.391e-6
Y,198391,977.5,298.8,294.3,42.9,13.3,5.7,0,0000
T,2014,09,15,12,00,33
B,55747,9741,16,690,33639,1824,5,689,977.5,298.8
G,655190,69996,13,690,385752,11252,11,689,977.5,298.8
R,262736,26979,639,690,153927,7170,611,689,977.5,298.8
D,NBXX,9999,1.129e-4,8.913e-5,5.902e-5,1.163e-5,9.778e-6,8.411e-6
Y,197278,977.5,298.8,294.3,42.6,13.3,5.7,0,0000
T,2014,09,15,12,01,33
B,55273,9513,26,689,33546,1786,36,690,977.5,298.8
G,655590,69196,16,689,386051,11180,18,690,977.5,298.8
R,261428,27038,657,689,153900,6940,591,690,977.5,298.8
D,NBXX,9999,1.101e-4,8.784e-5,5.960e-5,1.052e-5,9.593e-6,7.752e-6
Y,197686,977.5,298.8,294.3,42.4,13.3,5.7,0,0000
T,2014,09,15,12,02,33
B,55398,9521,25,690,33703,1788,28,689,977.5,298.8
G,656236,69035,9,690,386100,11041,14,689,977.5,298.8
R,261235,26569,621,690,152616,7109,666,689,977.5,298.8
D,NBXX,9999,1.101e-4,8.752e-5,5.810e-5,1.072e-5,9.435e-6,8.195e-6
Y,197594,977.5,298.8,294.3,42.2,13.3,5.7,0,0000
T,2014,09,15,12,03,33
B,56142,9673,20,689,33767,1800,20,690,977.5,298.9
G,655169,68192,16,689,387040,10934,22,690,977.5,298.9
R,262271,26667,668,689,154570,7055,624,690,977.5,298.9
D,NBXX,9999,1.106e-4,8.639e-5,5.808e-5,1.070e-5,9.226e-6,7.892e-6
Y,197559,977.5,298.9,294.4,41.9,13.3,5.7,0,0000
T,2014,09,15,12,04,33
B,55647,9256,32,689,33569,1688,6,689,977.5,298.9
G,656174,68356,12,689,388443,10892,16,689,977.5,298.9
R,260715,26468,594,689,153881,7020,621,689,977.5,298.9
D,NBXX,9999,1.058e-4,8.650e-5,5.819e-5,9.365e-6,9.179e-6,8.184e-6
Y,197863,977.5,298.9,294.4,41.8,13.3,5.7,0,0000
T,2014,09,15,12,05,33
B,55337,9430,31,690,33545,1754,27,689,977.4,298.9
G,655264,68479,25,690,386118,11211,7,689,977.4,298.9
R,261764,26897,620,690,154497,7335,628,689,977.4,298.9
D,NBXX,9999,1.088e-4,8.682e-5,5.907e-5,1.018e-5,9.700e-6,8.982e-6
Y,197300,977.4,298.9,294.4,41.6,13.3,5.7,0,0000
T,2014,09,15,12,06,33
B,55852,9656,13,689,33887,1818,18,690,977.4,298.9
G,655566,70373,22,689,386313,11326,13,690,977.4,298.9
R,262149,27105,662,689,154399,7279,600,690,977.4,298.9
D,NBXX,9999,1.113e-4,8.962e-5,5.954e-5,1.126e-5,9.811e-6,8.680e-6
Y,197679,977.4,298.9,294.4,41.4,13.3,5.7,0,0000
T,2014,09,15,12,07,33
B,55511,9452,17,690,33743,1856,16,689,977.4,299.0
G,657663,70418,12,690,385071,11270,13,689,977.4,299.0
R,261119,27403,663,690,153687,7114,654,689,977.4,299.0
D,NBXX,9999,1.091e-4,8.936e-5,6.056e-5,1.203e-5,9.739e-6,8.112e-6
Y,198025,977.4,299.0,294.4,41.3,13.3,5.7,0,0000
T,2014,09,15,12,08,33
B,55468,9942,35,689,33817,1811,13,690,977.4,299.0
G,656296,70521,17,689,386930,11312,16,690,977.4,299.0
R,260532,26988,671,689,154197,7127,630,690,977.4,299.0
D,NBXX,9999,1.162e-4,8.973e-5,5.953e-5,1.106e-5,9.775e-6,8.190e-6
Y,197900,977.4,299.0,294.4,41.1,13.3,5.7,0,0000
T,2014,09,15,12,09,33
B,55318,9894,32,690,33190,1806,16,689,977.4,299.0
G,656799,69865,15,690,386024,11513,11,689,977.4,299.0
R,262081,26838,637,690,153496,7280,676,689,977.4,299.0
D,NBXX,9999,1.159e-4,8.867e-5,5.857e-5,1.114e-5,1.012e-5,8.566e-6
Y,197764,977.4,299.0,294.5,40.9,13.3,5.7,0,0000
T,2014,09,15,12,10,33
B,55180,9567,22,689,33713,1806,19,690,977.4,299.0
G,654638,69863,16,689,385938,11336,20,690,977.4,299.0
R,261927,27195,630,689,154789,7173,650,690,977.4,299.0
D,NBXX,9999,1.115e-4,8.900e-5,5.982e-5,1.124e-5,9.848e-6,8.312e-6
Y,197398,977.4,299.0,294.5,40.8,13.3,5.7,0,0000
T,2014,09,15,12,11,33
B,54800,9877,21,690,33505,1814,21,689,977.4,299.1
G,656354,71681,14,690,383898,11757,11,689,977.4,299.1
R,261646,27623,604,690,153838,7259,639,689,977.4,299.1
D,NBXX,9999,1.171e-4,9.150e-5,6.135e-5,1.160e-5,1.052e-5,8.791e-6
Y,197629,977.4,299.1,294.5,40.8,13.3,5.7,0,0000
T,2014,09,15,12,12,33
B,55354,9838,27,689,33764,1761,13,690,977.4,299.1
G,653876,71176,18,689,386203,11499,9,690,977.4,299.1
R,262087,27771,675,689,155441,7214,642,690,977.4,299.1
D,NBXX,9999,1.151e-4,9.115e-5,6.141e-5,1.052e-5,1.014e-5,8.309e-6
Y,197167,977.4,299.1,294.5,40.6,13.3,5.7,0,0000
T,2014,09,15,12,13,33
B,55431,9581,10,690,33736,1744,17,689,977.4,299.1
G,655609,70951,14,690,385996,11486,15,689,977.4,299.1
R,261025,27006,653,690,153312,7420,691,689,977.4,299.1
D,NBXX,9999,1.113e-4,9.052e-5,5.932e-5,1.053e-5,1.012e-5,8.966e-6
Y,197404,977.4,299.1,294.5,40.6,13.3,5.7,0,0000
T,2014,09,15,12,14,33
B,55527,9759,33,689,33427,1898,20,689,977.4,299.1
G,653335,70071,13,689,387225,11645,23,689,977.4,299.1
R,260297,27305,685,689,154331,7162,694,689,977.4,299.1
D,NBXX,9999,1.133e-4,8.955e-5,6.032e-5,1.226e-5,1.038e-5,8.079e-6
Y,197003,977.4,299.1,294.5,40.5,13.3,5.7,0,0000
T,2014,09,15,12,15,33
B,55073,9677,14,689,33467,1850,21,690,977.4,299.2
G,656122,70229,15,689,387707,11341,15,690,977.4,299.2
R,261059,27225,662,689,155293,7264,628,690,977.4,299.2
D,NBXX,9999,1.135e-4,8.935e-5,6.016e-5,1.205e-5,9.841e-6,8.623e-6
Y,197847,977.4,299.2,294.6,40.5,13.3,5.7,0,0000
T,2014,09,15,12,16,33
B,55428,9901,8,690,33626,1986,19,689,977.4,299.2
G,655084,71792,10,690,384905,11689,16,689,977.4,299.2
R,261093,27497,701,690,153486,7301,656,689,977.4,299.2
D,NBXX,9999,1.160e-4,9.188e-5,6.074e-5,1.409e-5,1.045e-5,8.555e-6
Y,197245,977.4,299.2,294.6,40.3,13.3,5.7,0,0000
T,2014,09,15,12,17,33
B,54897,10202,18,689,33528,1894,15,690,977.4,299.2
G,655632,72918,10,689,385691,11853,7,690,977.4,299.2
R,261730,28190,693,689,154622,7351,675,690,977.4,299.2
D,NBXX,9999,1.218e-4,9.350e-5,6.261e-5,1.282e-5,1.064e-5,8.568e-6
Y,197699,977.4,299.2,294.6,40.1,13.3,5.7,0,0000
T,2014,09,15,12,18,33
B,55291,10137,18,690,33555,1946,21,689,977.4,299.2
G,656015,75373,16,690,384258,12299,23,689,977.4,299.2
R,261729,29282,652,690,154149,7605,724,689,977.4,299.2
D,NBXX,9999,1.197e-4,9.709e-5,6.588e-5,1.337e-5,1.132e-5,9.367e-6
Y,197527,977.4,299.2,294.6,40.1,13.3,5.7,0,0000
T,2014,09,15,12,19,33
B,55109,10721,9,689,33800,1970,16,690,977.4,299.2
G,657117,79696,26,689,386683,12465,16,690,977.4,299.2
R,260779,30629,713,689,155546,7892,665,690,977.4,299.2
D,NBXX,9999,1.290e-4,1.033e-4,7.028e-5,1.397e-5,1.148e-5,1.023e-5
Y,198148,977.4,299.2,294.6,40.0,13.3,5.7,0,0000
T,2014,09,15,12,20,33
B,55413,10750,19,690,33241,1890,12,689,977.4,299.3
G,656577,77541,18,690,385563,12468,18,689,977.4,299.3
R,261846,30285,661,690,155019,7765,721,689,977.4,299.3
D,NBXX,9999,1.285e-4,1.002e-4,6.886e-5,1.262e-5,1.156e-5,9.822e-6
Y,197697,977.4,299.3,294.6,40.0,13.3,5.7,0,0000
T,2014,09,15,12,21,33
B,55454,10503,40,689,33557,1935,25,690,977.4,299.3
G,655096,76629,13,689,387160,12386,5,690,977.4,299.3
R,261546,29211,688,689,154883,7571,668,690,977.4,299.3
D,NBXX,9999,1.242e-4,9.918e-5,6.580e-5,1.260e-5,1.146e-5,9.287e-6
Y,197537,977.4,299.3,294.6,39.8,13.3,5.7,0,0000
T,2014,09,15,12,22,33
B,55305,10369,22,690,33240,1942,20,689,977.4,299.3
G,657182,75899,5,690,384423,12190,10,689,977.4,299.3
R,261643,29287,658,690,153939,7428,650,689,977.4,299.3
D,NBXX,9999,1.230e-4,9.772e-5,6.616e-5,1.325e-5,1.116e-5,9.075e-6
Y,197880,977.4,299.3,294.7,39.8,13.3,5.7,0,0000
T,2014,09,15,12,23,33
B,55244,10410,27,689,33402,2067,31,690,977.4,299.3
G,655438,77157,11,689,386101,12315,17,690,977.4,299.3
R,260911,30018,715,689,154805,7614,756,690,977.4,299.3
D,NBXX,9999,1.235e-4,9.990e-5,6.806e-5,1.476e-5,1.132e-5,9.057e-6
Y,197640,977.4,299.3,294.7,39.6,13.3,5.7,0,0000
T,2014,09,15,12,24,33
B,55118,10472,20,689,33386,1997,18,689,977.4,299.3
G,654687,77125,14,689,385347,12157,16,689,977.4,299.3
R,261100,29362,724,689,155363,7604,691,689,977.4,299.3
D,NBXX,9999,1.251e-4,9.998e-5,6.620e-5,1.418e-5,1.113e-5,9.241e-6
Y,197413,977.4,299.3,294.7,39.6,13.3,5.7,0,0000
T,2014,09,15,12,25,33
B,55197,10796,12,690,33215,1889,26,689,977.3,299.4
G,653734,78861,24,690,385826,12531,20,689,977.3,299.4
R,261696,30575,711,690,153400,7870,715,689,977.3,299.4
D,NBXX,9999,1.297e-4,1.027e-4,6.964e-5,1.260e-5,1.172e-5,9.997e-6
Y,196837,977.3,299.4,294.7,39.5,13.3,5.7,0,0000
T,2014,09,15,12,26,33
B,55126,10770,16,689,33202,1980,18,690,977.3,299.4
G,654790,79891,12,689,385963,12402,20,690,977.3,299.4
R,260600,30531,650,689,153535,7623,681,690,977.3,299.4
D,NBXX,9999,1.296e-4,1.041e-4,7.020e-5,1.397e-5,1.146e-5,9.599e-6
Y,197444,977.3,299.4,294.7,39.5,13.3,5.7,0,0000
T,2014,09,15,12,27,33
B,55380,10923,23,690,33812,1880,14,689,977.3,299.4
G,655696,79114,13,690,387390,12611,12,689,977.3,299.4
R,262185,30652,708,690,154586,7672,666,689,977.3,299.4
D,NBXX,9999,1.311e-4,1.028e-4,6.988e-5,1.240e-5,1.182e-5,9.545e-6
Y,197430,977.3,299.4,294.7,39.3,13.3,5.7,0,0000
T,2014,09,15,12,28,33
B,55324,10835,18,689,33484,2014,26,690,977.3,299.4
G,654193,81370,15,689,386879,12678,12,690,977.3,299.4
R,260417,30843,695,689,155389,7722,706,690,977.3,299.4
D,NBXX,9999,1.298e-4,1.064e-4,7.098e-5,1.419e-5,1.191e-5,9.666e-6
Y,197263,977.3,299.4,294.7,39.3,13.3,5.7,0,0000
T,2014,09,15,12,29,33
B,55489,11094,25,690,33115,1970,26,689,977.3,299.5
G,657065,81638,24,690,385851,12375,9,689,977.3,299.5
R,261889,31121,673,690,154388,7684,697,689,977.3,299.5
D,NBXX,9999,1.330e-4,1.063e-4,7.141e-5,1.343e-5,1.141e-5,9.616e-6
Y,197844,977.3,299.5,294.8,39.6,13.3,5.7,0,0000
T,2014,09,15,12,30,33
B,55290,10984,12,689,33041,1983,27,690,977.3,299.5
G,654423,81470,15,689,386014,12743,6,690,977.3,299.5
R,261680,31394,682,689,153857,7988,705,690,977.3,299.5
D,NBXX,9999,1.322e-4,1.066e-4,7.226e-5,1.384e-5,1.201e-5,1.042e-5
Y,197333,977.3,299.5,294.8,40.8,13.3,5.7,0,0000
T,2014,09,15,12,31,33
B,55346,11158,18,690,33451,1986,27,689,977.3,299.5
G,655617,81533,7,690,384851,12719,8,689,977.3,299.5
R,261127,30966,678,690,153745,7901,725,689,977.3,299.5
D,NBXX,9999,1.345e-4,1.064e-4,7.109e-5,1.384e-5,1.200e-5,1.021e-5
Y,197407,977.3,299.5,294.8,41.4,13.3,5.7,0,0000
T,2014,09,15,12,32,33
B,55050,11033,25,689,33237,2007,21,690,977.3,299.5
G,654082,81164,14,689,385172,12615,20,690,977.3,299.5
R,260558,30963,697,689,154426,7982,699,690,977.3,299.5
D,NBXX,9999,1.335e-4,1.061e-4,7.131e-5,1.420e-5,1.180e-5,1.046e-5
Y,197230,977.3,299.5,294.8,41.3,13.3,5.7,0,0000
T,2014,09,15,12,33,33
B,54840,11288,15,689,33062,2006,25,689,977.3,299.5
G,654286,82134,26,689,384809,12899,6,689,977.3,299.5
R,260248,31281,679,689,153594,8221,738,689,977.3,299.5
D,NBXX,9999,1.380e-4,1.076e-4,7.231e-5,1.444e-5,1.226e-5,1.117e-5
Y,197291,977.3,299.5,294.8,41.1,13.3,5.7,0,0000
T,2014,09,15,12,34,33
B,54801,11221,14,690,33499,1971,15,689,977.3,299.5
G,654805,82616,22,690,387316,13079,14,689,977.3,299.5
R,259830,31956,669,690,154541,7997,701,689,977.3,299.5
D,NBXX,9999,1.373e-4,1.082e-4,7.467e-5,1.417e-5,1.253e-5,1.071e-5
Y,197161,977.3,299.5,294.8,40.8,13.3,5.7,0,0000
T,2014,09,15,12,35,33
B,55245,11276,24,689,33359,2042,31,690,977.5,299.6
G,653508,82011,15,689,385987,12837,18,690,977.5,299.6
R,259833,31435,713,689,154596,7799,709,690,977.5,299.6
D,NBXX,9999,1.364e-4,1.075e-4,7.291e-5,1.446e-5,1.216e-5,9.868e-6
Y,197056,977.5,299.6,294.8,40.5,13.3,5.7,0,0000
T,2014,09,15,12,36,33
B,54779,8879,19,690,32990,1746,12,689,985.4,299.4
G,656099,62835,15,690,385207,10565,10,689,985.4,299.4
R,261013,24475,658,690,154872,7320,689,689,985.4,299.4
D,NBXX,9999,1.023e-4,7.815e-5,5.160e-5,1.069e-5,8.691e-6,8.640e-6
Y,197552,985.4,299.4,294.7,47.6,13.3,5.7,0,0000
T,2014,09,15,12,37,33
B,54863,8367,23,689,33798,1747,30,690,985.7,299.2
G,655747,58702,20,689,387001,10321,19,690,985.7,299.2
R,261565,22951,753,689,154494,6922,694,690,985.7,299.2
D,NBXX,9999,9.418e-5,7.196e-5,4.650e-5,1.020e-5,8.262e-6,6.991e-6
Y,197734,985.7,299.2,294.6,53.4,13.3,5.7,0,0000
T,2014,09,15,12,38,33
B,54803,8538,13,690,33278,1659,15,689,985.7,299.1
G,655136,59763,13,690,384924,10376,10,689,985.7,299.1
R,262605,23307,745,690,154491,6912,745,689,985.7,299.1
D,NBXX,9999,9.727e-5,7.367e-5,4.717e-5,9.429e-6,8.433e-6,6.801e-6
Y,197261,985.7,299.1,294.6,54.4,13.3,5.7,0,0000
T,2014,09,15,12,39,33
B,55129,8563,26,689,33189,1637,21,690,985.7,299.1
G,655645,60036,14,689,386261,10299,8,690,985.7,299.1
R,260890,23416,707,689,154108,6833,704,690,985.7,299.1
D,NBXX,9999,9.658e-5,7.401e-5,4.821e-5,8.567e-6,8.261e-6,6.889e-6
Y,197703,985.7,299.1,294.6,55.4,13.3,5.7,0,0000
T,2014,09,15,12,40,33
B,54954,8489,37,690,33833,1658,21,689,985.7,299.1
G,655107,60629,15,690,387167,10484,26,689,985.7,299.1
R,261835,23970,695,690,155616,6959,695,689,985.7,299.1
D,NBXX,9999,9.570e-5,7.495e-5,4.971e-5,8.834e-6,8.565e-6,7.340e-6
Y,197252,985.7,299.1,294.6,55.9,13.3,5.7,0,0000
T,2014,09,15,12,41,33
B,55021,8272,27,689,33424,1746,29,690,985.6,299.1
G,654255,59676,15,689,385666,10230,9,690,985.6,299.1
R,260865,22967,712,689,154186,6888,705,690,985.6,299.1
D,NBXX,9999,9.237e-5,7.366e-5,4.683e-5,1.006e-5,8.187e-6,7.036e-6
Y,197282,985.6,299.1,294.7,55.7,13.3,5.7,0,0000
T,2014,09,15,12,42,33
B,55061,8438,27,690,33154,1748,27,689,985.6,299.1
G,656711,60787,12,690,387391,10333,15,689,985.6,299.1
R,262073,23756,717,690,153671,6943,748,689,985.6,299.1
D,NBXX,9999,9.477e-5,7.498e-5,4.874e-5,1.018e-5,8.324e-6,7.014e-6
Y,197737,985.6,299.1,294.7,55.9,13.3,5.7,0,0000
T,2014,09,15,12,43,33
B,55235,8531,22,689,33911,1689,13,689,985.6,299.1
G,655108,60785,18,689,385286,10370,4,689,985.6,299.1
R,261010,23804,750,689,155539,6890,744,689,985.6,299.1
D,NBXX,9999,9.606e-5,7.521e-5,4.906e-5,9.528e-6,8.403e-6,6.789e-6
Y,197540,985.6,299.1,294.7,56.2,13.3,5.7,0,0000
T,2014,09,15,12,44,33
B,54765,8471,29,689,33453,1814,35,690,985.6,299.1
G,656348,60596,19,689,385233,10468,5,690,985.6,299.1
R,261252,23610,692,689,154293,6860,725,690,985.6,299.1
D,NBXX,9999,9.576e-5,7.475e-5,4.868e-5,1.105e-5,8.495e-6,6.928e-6
Y,197916,985.6,299.1,294.7,56.4,13.3,5.7,0,0000
T,2014,09,15,12,45,33
B,55085,8701,24,690,33675,1783,30,689,985.6,299.1
G,654561,60664,11,690,388066,10488,13,689,985.6,299.1
R,261509,24174,657,690,155830,7116,742,689,985.6,299.1
D,NBXX,9999,9.860e-5,7.510e-5,5.038e-5,1.069e-5,8.614e-6,7.805e-6
Y,197087,985.6,299.1,294.7,56.5,13.3,5.7,0,0000
T,2014,09,15,12,46,33
B,55109,8630,22,689,33242,1741,11,690,985.5,299.1
G,655086,61244,14,689,387190,10577,17,690,985.5,299.1
R,261831,24102,755,689,153870,7140,737,690,985.5,299.1
D,NBXX,9999,9.784e-5,7.589e-5,4.976e-5,1.034e-5,8.677e-6,7.476e-6
Y,197533,985.5,299.1,294.7,56.9,13.3,5.7,0,0000
T,2014,09,15,12,47,33
B,55169,8383,22,690,33450,1767,13,689,985.5,299.1
G,654904,60559,26,690,387019,10428,12,689,985.5,299.1
R,262424,23555,756,690,154708,7152,758,689,985.5,299.1
D,NBXX,9999,9.403e-5,7.487e-5,4.788e-5,1.074e-5,8.491e-6,7.453e-6
Y,197191,985.5,299.1,294.7,56.9,13.3,5.7,0,0000
T,2014,09,15,12,48,33
B,54959,8577,24,689,33516,1729,27,690,985.5,299.1
G,655450,61162,21,689,389257,10473,7,690,985.5,299.1
R,261596,23647,687,689,156040,6978,718,690,985.5,299.1
D,NBXX,9999,9.711e-5,7.572e-5,4.875e-5,9.932e-6,8.517e-6,7.306e-6
Y,197644,985.5,299.1,294.7,57.0,13.3,5.7,0,0000
T,2014,09,15,12,49,33
B,55510,8613,21,690,33691,1733,25,689,985.5,299.1
G,656569,61419,15,690,386266,10405,17,689,985.5,299.1
R,262579,24162,714,690,154869,7091,716,689,985.5,299.1
D,NBXX,9999,9.646e-5,7.594e-5,4.996e-5,9.902e-6,8.427e-6,7.553e-6
Y,197694,985.5,299.1,294.7,57.3,13.3,5.7,0,0000
T,2014,09,15,12,50,33
B,55685,8595,34,689,33197,1787,25,690,985.5,299.1
G,653771,60880,18,689,385396,10278,10,690,985.5,299.1
R,263365,24143,723,689,153735,6955,735,690,985.5,299.1
D,NBXX,9999,9.559e-5,7.553e-5,4.961e-5,1.032e-5,8.264e-6,6.943e-6
Y,197135,985.5,299.1,294.7,57.3,13.3,5.7,0,0000
T,2014,09,15,12,51,33
B,54812,8466,23,690,33565,1677,20,689,985.5,299.1
G,656240,60861,7,690,387735,10568,9,689,985.5,299.1
R,262079,24031,780,690,155597,7173,750,689,985.5,299.1
D,NBXX,9999,9.593e-5,7.518e-5,4.935e-5,9.435e-6,8.708e-6,7.482e-6
Y,197595,985.5,299.1,294.7,57.5,13.3,5.7,0,0000
T,2014,09,15,12,52,33
B,55222,8671,23,689,33314,1662,20,690,985.5,299.1
G,656589,60799,13,689,385740,10255,16,690,985.5,299.1
R,261464,24146,729,689,154837,7134,735,690,985.5,299.1
D,NBXX,9999,9.802e-5,7.501e-5,5.009e-5,8.964e-6,8.161e-6,7.579e-6
Y,197988,985.5,299.1,294.7,57.5,13.3,5.7,0,0000
T,2014,09,15,12,53,33
B,55517,8666,29,689,33259,1652,16,689,985.5,299.1
G,655124,61064,13,689,387594,10390,13,689,985.5,299.1
R,261799,24187,798,689,155175,6974,761,689,985.5,299.1
D,NBXX,9999,9.724e-5,7.562e-5,4.980e-5,8.692e-6,8.426e-6,6.768e-6
Y,197545,985.5,299.1,294.7,57.5,13.1,5.7,0,0000
T,2014,09,15,12,54,33
B,55026,8683,24,690,33776,1750,33,689,985.5,299.1
G,655168,60333,8,690,386770,10383,9,689,985.5,299.1
R,261050,23788,751,690,155090,7101,783,689,985.5,299.1
D,NBXX,9999,9.842e-5,7.453e-5,4.886e-5,1.018e-5,8.453e-6,7.313e-6
Y,197271,985.5,299.1,294.8,57.5,13.3,5.7,0,0000
T,2014,09,15,12,55,33
B,55264,8478,19,689,33297,1710,19,690,985.5,299.1
G,655132,60824,19,689,386685,10497,11,690,985.5,299.1
R,262682,23999,761,689,154941,6988,707,690,985.5,299.1
D,NBXX,9999,9.517e-5,7.525e-5,4.932e-5,9.737e-6,8.557e-6,7.049e-6
Y,197547,985.5,299.1,294.8,57.7,13.3,5.7,0,0000
T,2014,09,15,12,56,33
B,55129,8419,27,690,33597,1712,21,689,985.5,299.1
G,656654,60201,21,690,385998,10412,16,689,985.5,299.1
R,261919,23580,793,690,154568,6961,739,689,985.5,299.1
D,NBXX,9999,9.443e-5,7.409e-5,4.802e-5,9.728e-6,8.426e-6,6.843e-6
Y,197720,985.5,299.1,294.8,57.8,13.3,5.7,0,0000
T,2014,09,15,12,57,33
B,55635,8499,25,689,33501,1663,17,690,985.5,299.1
G,654804,61086,26,689,386889,10171,14,690,985.5,299.1
R,262879,23794,690,689,154170,6997,713,690,985.5,299.1
D,NBXX,9999,9.458e-5,7.568e-5,4.887e-5,8.819e-6,8.057e-6,7.291e-6
Y,197448,985.5,299.1,294.8,58.0,13.3,5.7,0,0000
T,2014,09,15,12,58,33
B,54977,8707,28,690,32911,1715,9,689,985.5,299.1
G,656344,60877,13,690,386442,10250,9,689,985.5,299.1
R,262546,23562,740,690,154793,7094,785,689,985.5,299.1
D,NBXX,9999,9.922e-5,7.518e-5,4.783e-5,1.002e-5,8.216e-6,7.231e-6
Y,197626,985.5,299.1,294.8,58.1,13.2,5.7,0,0000
T,2014,09,15,12,59,33
B,55139,8577,24,689,33599,1692,26,690,985.5,299.1
G,655440,60546,13,689,388452,10303,23,690,985.5,299.1
R,262029,23620,759,689,155495,6992,748,690,985.5,299.1
D,NBXX,9999,9.671e-5,7.478e-5,4.820e-5,9.323e-6,8.248e-6,6.964e-6
Y,197641,985.5,299.1,294.8,58.1,13.3,5.7,0,0000
T,2014,09,15,13,00,33
B,55302,8480,19,690,33558,1599,23,689,985.5,299.1
G,655641,59997,6,690,387369,10219,10,689,985.5,299.1
R,261471,23610,729,690,154640,7071,696,689,985.5,299.1
D,NBXX,9999,9.504e-5,7.396e-5,4.859e-5,8.088e-6,8.196e-6,7.579e-6
Y,197414,985.5,299.1,294.8,58.1,13.3,5.7,0,0000
T,2014,09,15,13,01,33
B,55169,8468,14,689,33556,1682,21,690,985.5,299.1
G,656052,59664,23,689,387222,10346,20,690,985.5,299.1
R,262034,23351,772,689,154498,7064,728,690,985.5,299.1
D,NBXX,9999,9.528e-5,7.336e-5,4.741e-5,9.418e-6,8.286e-6,7.206e-6
Y,197826,985.5,299.1,294.8,58.1,13.3,5.7,0,0000
T,2014,09,15,13,02,33
B,54739,8128,17,689,33526,1656,25,689,985.5,299.1
G,655579,58550,13,689,387268,10130,20,689,985.5,299.1
R,261905,23575,748,689,154937,7024,752,689,985.5,299.1
D,NBXX,9999,9.109e-5,7.176e-5,4.812e-5,9.137e-6,8.012e-6,7.120e-6
Y,197683,985.5,299.1,294.8,58.1,13.3,5.7,0,0000
T,2014,09,15,13,03,33
B,54686,8455,17,690,33884,1656,11,689,985.5,299.1
G,657579,58851,28,690,389169,10363,21,689,985.5,299.1
R,261809,23336,830,690,154644,7001,745,689,985.5,299.1
D,NBXX,9999,9.630e-5,7.192e-5,4.716e-5,9.437e-6,8.310e-6,6.819e-6
Y,198000,985.5,299.1,294.8,58.3,13.3,5.7,0,0000
T,2014,09,15,13,04,33
B,55165,8404,18,689,33414,1688,14,690,985.5,299.1
G,656509,58917,25,689,386992,10065,19,690,985.5,299.1
R,261775,23584,787,689,154523,7095,789,690,985.5,299.1
D,NBXX,9999,9.440e-5,7.217e-5,4.792e-5,9.559e-6,7.851e-6,7.049e-6
Y,197964,985.5,299.1,294.8,58.6,13.3,5.7,0,0000
T,2014,09,15,13,05,33
B,55307,8326,9,690,33158,1670,22,689,985.5,299.1
G,655690,58119,17,690,385047,10082,15,689,985.5,299.1
R,262938,23064,748,690,155050,7062,770,689,985.5,299.1
D,NBXX,9999,9.295e-5,7.110e-5,4.626e-5,9.320e-6,7.961e-6,7.135e-6
Y,197429,985.5,299.1,294.8,58.5,13.3,5.7,0,0000
T,2014,09,15,13,06,33
B,55281,8212,12,689,33713,1674,28,690,985.5,299.1
G,654538,57685,22,689,388770,9891,20,690,985.5,299.1
R,262978,22975,809,689,156040,6940,778,690,985.5,299.1
D,NBXX,9999,9.118e-5,7.058e-5,4.575e-5,9.166e-6,7.638e-6,6.471e-6
Y,197368,985.5,299.1,294.8,58.3,13.3,5.7,0,0000
T,2014,09,15,13,07,33
B,55455,8378,27,690,33248,1610,24,689,985.5,299.1
G,656518,58172,13,690,388610,9862,22,689,985.5,299.1
R,261390,22955,722,690,156656,6996,710,689,985.5,299.1
D,NBXX,9999,9.306e-5,7.106e-5,4.660e-5,8.034e-6,7.605e-6,7.332e-6
Y,197679,985.5,299.1,294.8,58.3,13.3,5.7,0,0000
T,2014,09,15,13,08,33
B,55234,8266,19,689,33152,1704,27,690,985.5,299.1
G,657041,57229,15,689,384828,9845,19,690,985.5,299.1
R,262025,23052,712,689,154080,6802,817,690,985.5,299.1
D,NBXX,9999,9.198e-5,6.958e-5,4.641e-5,9.526e-6,7.526e-6,6.314e-6
Y,198125,985.5,299.1,294.9,58.3,13.3,5.7,0,0000
T,2014,09,15,13,09,33
B,55594,8349,35,690,33556,1586,17,689,985.5,299.1
G,655559,56791,20,690,387921,9841,19,689,985.5,299.1
R,262014,23072,777,690,154523,6662,777,689,985.5,299.1
D,NBXX,9999,9.231e-5,6.911e-5,4.638e-5,7.608e-6,7.588e-6,5.855e-6
Y,197389,985.5,299.1,294.9,58.3,13.3,5.7,0,0000
T,2014,09,15,13,10,33
B,54916,7971,19,689,33399,1600,26,690,985.5,299.1
G,657079,56710,17,689,385953,9896,20,690,985.5,299.1
R,261603,22426,725,689,155208,6782,727,690,985.5,299.1
D,NBXX,9999,8.832e-5,6.879e-5,4.489e-5,8.145e-6,7.597e-6,6.548e-6
Y,198137,985.5,299.1,294.9,58.1,13.3,5.7,0,0000
T,2014,09,15,13,11,33
B,55300,8001,15,690,33303,1567,28,689,985.5,299.1
G,655502,55898,9,690,386277,9794,9,689,985.5,299.1
R,262706,22299,751,690,154460,6912,733,689,985.5,299.1
D,NBXX,9999,8.798e-5,6.780e-5,4.412e-5,7.600e-6,7.555e-6,6.816e-6
Y,197372,985.5,299.1,294.9,58.0,13.3,5.7,0,0000
T,2014,09,15,13,12,33
B,55094,7982,17,689,33609,1655,23,689,985.5,299.1
G,653732,55338,14,689,386212,9757,14,689,985.5,299.1
R,262401,22155,787,689,153985,6930,741,689,985.5,299.1
D,NBXX,9999,8.819e-5,6.717e-5,4.361e-5,9.002e-6,7.500e-6,6.708e-6
Y,197124,985.5,299.1,294.9,57.8,13.3,5.7,0,0000
T,2014,09,15,13,13,33
B,54579,7740,29,689,33807,1597,20,690,985.5,299.1
G,653785,55076,23,689,386251,9631,16,690,985.5,299.1
R,260577,22067,785,689,154803,6810,785,690,985.5,299.1
D,NBXX,9999,8.554e-5,6.675e-5,4.364e-5,8.172e-6,7.269e-6,6.278e-6
Y,197140,985.5,299.1,294.9,57.7,13.3,5.7,0,0000
T,2014,09,15,13,14,33
B,54794,7890,32,690,33156,1716,22,689,985.5,299.2
G,655616,55312,21,690,386296,9731,21,689,985.5,299.2
R,261938,22219,753,690,154344,6600,763,689,985.5,299.2
D,NBXX,9999,8.723e-5,6.687e-5,4.395e-5,9.834e-6,7.416e-6,5.805e-6
Y,197406,985.5,299.2,294.9,57.5,13.3,5.7,0,0000
T,2014,09,15,13,15,33
B,55015,7678,10,689,33552,1661,25,690,985.5,299.1
G,655341,55123,17,689,386788,9654,19,690,985.5,299.1
R,262138,22081,764,689,154579,6700,815,690,985.5,299.1
D,NBXX,9999,8.394e-5,6.663e-5,4.328e-5,9.176e-6,7.274e-6,5.824e-6
Y,197611,985.5,299.1,294.9,57.7,13.3,5.7,0,0000
T,2014,09,15,13,16,33
B,55238,7954,22,690,33258,1656,21,689,985.5,299.1
G,656381,54348,20,690,386275,9467,26,689,985.5,299.1
R,262123,21913,758,690,153909,6482,786,689,985.5,299.1
D,NBXX,9999,8.742e-5,6.531e-5,4.289e-5,8.939e-6,6.994e-6,5.339e-6
Y,197638,985.5,299.1,294.9,57.8,13.3,5.7,0,0000
T,2014,09,15,13,17,33
B,55592,7805,25,689,33339,1644,21,690,985.5,299.1
G,656634,54796,16,689,386976,9728,20,690,985.5,299.1
R,262257,21850,777,689,155931,6787,779,690,985.5,299.1
D,NBXX,9999,8.445e-5,6.597e-5,4.263e-5,8.492e-6,7.357e-6,6.160e-6
Y,198002,985.5,299.1,294.9,57.7,13.3,5.7,0,0000
T,2014,09,15,13,18,33
B,54830,7813,29,690,33433,1723,9,689,985.4,299.1
G,656412,54952,21,690,385379,9482,12,689,985.4,299.1
R,262159,22018,789,690,154360,6757,753,689,985.4,299.1
D,NBXX,9999,8.628e-5,6.624e-5,4.320e-5,1.019e-5,7.039e-6,6.176e-6
Y,197647,985.4,299.1,294.9,57.8,13.3,5.7,0,0000
T,2014,09,15,13,19,33
B,55293,7704,25,689,33130,1562,32,690,985.4,299.1
G,653829,54924,11,689,385377,9552,10,690,985.4,299.1
R,261929,21809,828,689,154585,6654,813,690,985.4,299.1
D,NBXX,9999,8.339e-5,6.654e-5,4.229e-5,7.225e-6,7.180e-6,5.480e-6
Y,197153,985.4,299.1,294.9,57.8,13.3,5.7,0,0000
T,2014,09,15,13,20,33
B,55253,7901,26,690,33410,1667,10,689,985.4,299.1
G,655009,53950,26,690,386806,9608,15,689,985.4,299.1
R,261955,21967,787,690,155423,6964,788,689,985.4,299.1
D,NBXX,9999,8.672e-5,6.489e-5,4.298e-5,9.214e-6,7.245e-6,6.699e-6
Y,197223,985.4,299.1,294.9,58.0,13.3,5.7,0,0000
T,2014,09,15,13,21,33
B,55429,7722,32,689,33194,1596,21,689,985.4,299.1
G,653659,53664,14,689,387010,9465,25,689,985.4,299.1
R,261858,22071,859,689,155508,6725,805,689,985.4,299.1
D,NBXX,9999,8.345e-5,6.463e-5,4.302e-5,7.771e-6,7.042e-6,5.642e-6
Y,197101,985.4,299.1,294.9,57.8,13.3,5.7,0,0000
T,2014,09,15,13,22,33
B,55436,7816,31,689,33243,1697,13,690,985.4,299.1
G,654218,54396,35,689,385433,9677,15,690,985.4,299.1
R,261761,21888,771,689,155435,6661,731,690,985.4,299.1
D,NBXX,9999,8.496e-5,6.565e-5,4.305e-5,9.369e-6,7.309e-6,5.998e-6
Y,197271,985.4,299.1,294.9,57.8,13.3,5.7,0,0000
T,2014,09,15,13,23,33
B,55022,7861,32,690,33651,1614,25,689,985.4,299.2
G,656389,54258,20,690,385177,9570,23,689,985.4,299.2
R,261582,21711,754,690,155118,6814,829,689,985.4,299.2
D,NBXX,9999,8.627e-5,6.518e-5,4.227e-5,8.170e-6,7.154e-6,6.238e-6
Y,197640,985.4,299.2,294.9,58.0,13.3,5.7,0,0000
T,2014,09,15,13,24,33
B,55068,7701,37,689,33679,1630,30,690,985.4,299.2
G,654102,53549,20,689,385125,9590,27,690,985.4,299.2
R,261804,21546,819,689,154772,6892,770,690,985.4,299.2
D,NBXX,9999,8.364e-5,6.439e-5,4.170e-5,8.148e-6,7.186e-6,6.388e-6
Y,197236,985.4,299.2,294.9,57.8,13.3,5.7,0,0000
T,2014,09,15,13,25,33
B,55413,7755,20,690,33706,1636,15,689,985.4,299.1
G,655161,53577,6,690,387619,9480,21,689,985.4,299.1
R,261339,21760,839,690,154903,6848,847,689,985.4,299.1
D,NBXX,9999,8.426e-5,6.434e-5,4.212e-5,8.706e-6,7.073e-6,5.993e-6
Y,197269,985.4,299.1,294.9,57.7,13.3,5.7,0,0000
T,2014,09,15,13,26,33
B,55526,7544,23,689,33452,1573,20,690,985.4,299.2
G,655397,53411,19,689,386809,9564,20,690,985.4,299.2
R,262872,21655,794,689,154641,6919,781,690,985.4,299.2
D,NBXX,9999,8.081e-5,6.404e-5,4.184e-5,7.531e-6,7.132e-6,6.456e-6
Y,197628,985.4,299.2,294.9,57.7,13.3,5.7,0,0000
T,2014,09,15,13,27,33
B,55124,7726,15,690,32997,1578,30,689,985.4,299.1
G,655557,53315,24,690,384825,9470,10,689,985.4,299.1
R,262096,21630,783,690,153837,6693,818,689,985.4,299.1
D,NBXX,9999,8.426e-5,6.388e-5,4.184e-5,7.800e-6,7.037e-6,5.779e-6
Y,197388,985.4,299.1,294.9,57.7,13.3,5.7,0,0000
T,2014,09,15,13,28,33
B,55258,7607,26,689,33656,1475,20,690,985.4,299.2
G,655695,53388,20,689,385890,9479,16,690,985.4,299.2
R,261656,21493,791,689,153970,6765,747,690,985.4,299.2
D,NBXX,9999,8.222e-5,6.397e-5,4.175e-5,6.147e-6,7.003e-6,6.192e-6
Y,197718,985.4,299.2,294.9,57.7,13.3,5.7,0,0000
T,2014,09,15,13,29,33
B,55007,7360,25,690,33239,1604,20,689,985.4,299.2
G,653595,52156,23,690,383826,9276,16,689,985.4,299.2
R,261625,21397,778,690,154270,6705,784,689,985.4,299.2
D,NBXX,9999,7.909e-5,6.236e-5,4.138e-5,8.233e-6,6.778e-6,5.979e-6
Y,196795,985.4,299.2,294.9,57.3,13.3,5.7,0,0000
T,2014,09,15,13,30,33
B,55537,7468,27,689,33785,1557,16,690,985.4,299.2
G,652870,52527,18,689,387412,9239,10,690,985.4,299.2
R,262814,21306,828,689,155468,6497,825,690,985.4,299.2
D,NBXX,9999,7.967e-5,6.303e-5,4.053e-5,7.293e-6,6.716e-6,4.917e-6
Y,196863,985.4,299.2,295.0,57.5,13.3,5.7,0,0000
T,2014,09,15,13,31,33
B,55359,7357,32,689,33296,1664,25,689,985.4,299.2
G,654538,52291,22,689,386030,9204,12,689,985.4,299.2
R,261892,21403,808,689,154902,6873,798,689,985.4,299.2
D,NBXX,9999,7.816e-5,6.246e-5,4.119e-5,8.732e-6,6.638e-6,6.292e-6
Y,197368,985.4,299.2,295.0,57.3,13.3,5.7,0,0000
T,2014,09,15,13,32,33
B,55247,7652,25,690,33003,1610,25,689,985.4,299.2
G,656914,52161,11,690,386400,9369,10,689,985.4,299.2
R,262024,21514,848,690,155107,6838,842,689,985.4,299.2
D,NBXX,9999,8.284e-5,6.200e-5,4.120e-5,8.137e-6,6.879e-6,5.909e-6
Y,197799,985.4,299.2,295.0,57.3,13.3,5.7,0,0000
T,2014,09,15,13,33,33
B,55288,7646,19,689,33395,1608,26,690,985.4,299.2
G,654879,52377,17,689,389060,9288,8,690,985.4,299.2
R,261377,21451,841,689,155477,6851,798,690,985.4,299.2
D,NBXX,9999,8.275e-5,6.256e-5,4.134e-5,8.108e-6,6.753e-6,6.113e-6
Y,197471,985.4,299.2,295.0,57.3,13.3,5.8,0,0000
T,2014,09,15,13,34,33
B,54981,7487,28,690,33207,1548,40,689,985.4,299.2
G,655716,52649,13,690,388049,9307,12,689,985.4,299.2
R,262283,21382,764,690,155363,6756,743,689,985.4,299.2
D,NBXX,9999,8.064e-5,6.287e-5,4.137e-5,7.020e-6,6.804e-6,6.289e-6
Y,197437,985.4,299.2,295.0,57.3,13.3,5.7,0,0000
T,2014,09,15,13,35,33
B,55208,7491,31,689,33530,1552,25,690,985.4,299.2
G,655910,52092,26,689,385755,9372,11,690,985.4,299.2
R,261724,21142,808,689,154342,6723,803,690,985.4,299.2
D,NBXX,9999,8.044e-5,6.199e-5,4.042e-5,7.129e-6,6.836e-6,5.805e-6
Y,197783,985.4,299.2,295.0,57.3,13.3,5.7,0,0000
T,2014,09,15,13,36,33
B,55211,7483,27,690,33465,1596,14,689,985.4,299.2
G,656833,52311,11,690,385953,9353,21,689,985.4,299.2
R,262230,21376,830,690,154818,6722,740,689,985.4,299.2
D,NBXX,9999,8.057e-5,6.222e-5,4.115e-5,8.099e-6,6.837e-6,5.968e-6
Y,197774,985.4,299.2,295.0,57.3,13.3,5.7,0,0000
T,2014,09,15,13,37,33
B,55270,7477,22,689,33593,1614,31,690,985.4,299.2
G,654495,52977,22,689,387574,9147,15,690,985.4,299.2
R,261994,21096,776,689,155676,6703,797,690,985.4,299.2
D,NBXX,9999,8.016e-5,6.350e-5,4.036e-5,8.067e-6,6.528e-6,5.862e-6
Y,197355,985.4,299.2,295.0,57.5,13.3,5.7,0,0000
T,2014,09,15,13,38,33
B,55324,7613,13,690,33446,1553,12,689,985.4,299.2
G,655303,52878,24,690,387758,9273,18,689,985.4,299.2
R,263316,21102,824,690,155580,6721,762,689,985.4,299.2
D,NBXX,9999,8.252e-5,6.324e-5,4.003e-5,7.691e-6,6.732e-6,5.848e-6
Y,197312,985.4,299.2,295.0,57.5,13.3,5.7,0,0000
T,2014,09,15,13,39,33
B,55116,7665,35,689,33210,1582,25,690,985.4,299.2
G,654894,52427,9,689,387202,9446,14,690,985.4,299.2
R,262626,21087,786,689,155677,6786,810,690,985.4,299.2
D,NBXX,9999,8.313e-5,6.264e-5,4.011e-5,7.540e-6,6.994e-6,5.996e-6
Y,197475,985.4,299.2,295.0,57.3,13.3,5.7,0,0000
T,2014,09,15,13,40,33
B,55249,7398,20,690,33837,1515,28,689,985.5,299.2
G,656129,52337,7,690,386478,9236,32,689,985.5,299.2
R,262614,21317,812,690,154679,6635,835,689,985.5,299.2
D,NBXX,9999,7.912e-5,6.233e-5,4.062e-5,6.768e-6,6.664e-6,5.414e-6
Y,197561,985.5,299.2,295.0,57.3,13.3,5.7,0,0000
T,2014,09,15,13,41,33
B,54993,7608,25,689,33147,1543,19,689,985.4,299.2
G,654118,52560,14,689,387553,9248,12,689,985.4,299.2
R,262127,21444,815,689,154044,6698,827,689,985.4,299.2
D,NBXX,9999,8.280e-5,6.293e-5,4.114e-5,7.320e-6,6.727e-6,5.623e-6
Y,197240,985.4,299.2,295.0,57.0,13.3,5.7,0,0000
T,2014,09,15,13,42,33
B,54979,7442,36,689,33445,1590,17,690,985.4,299.2
G,654046,51906,10,689,386150,9341,20,690,985.4,299.2
R,262864,21223,834,689,154835,6822,772,690,985.4,299.2
D,NBXX,9999,8.022e-5,6.195e-5,4.043e-5,7.833e-6,6.842e-6,6.056e-6
Y,197219,985.4,299.2,295.0,57.0,13.3,5.7,0,0000
T,2014,09,15,13,43,33
B,55075,7419,29,690,33341,1645,26,689,985.4,299.2
G,655108,51944,22,690,384274,9402,15,689,985.4,299.2
R,262111,21179,845,690,154396,6773,812,689,985.4,299.2
D,NBXX,9999,7.966e-5,6.186e-5,4.028e-5,8.641e-6,6.939e-6,5.824e-6
Y,197253,985.4,299.2,295.0,57.0,13.3,5.7,0,0000
T,2014,09,15,13,44,33
B,55110,7443,19,689,33301,1644,26,690,985.4,299.2
G,654315,51876,17,689,388314,9379,19,690,985.4,299.2
R,261902,21068,801,689,154856,6703,831,690,985.4,299.2
D,NBXX,9999,8.011e-5,6.186e-5,4.009e-5,8.713e-6,6.883e-6,5.661e-6
Y,197300,985.4,299.2,295.0,57.0,13.3,5.7,0,0000
T,2014,09,15,13,45,33
B,55030,7338,30,690,33404,1552,18,689,985.4,299.2
G,655472,51828,21,690,386343,9190,16,689,985.4,299.2
R,261531,21081,806,690,154741,6766,813,689,985.4,299.2
D,NBXX,9999,7.867e-5,6.165e-5,4.025e-5,7.402e-6,6.612e-6,5.969e-6
Y,197363,985.4,299.2,295.0,57.0,13.3,5.7,0,0000
T,2014,09,15,13,46,33
B,55226,7346,23,689,33465,1662,22,690,985.4,299.2
G,654706,51750,18,689,387291,9085,13,690,985.4,299.2
R,262159,21195,783,689,154364,6707,830,690,985.4,299.2
D,NBXX,9999,7.845e-5,6.163e-5,4.048e-5,8.928e-6,6.440e-6,5.725e-6
Y,197418,985.4,299.2,295.0,56.7,13.3,5.7,0,0000
T,2014,09,15,13,47,33
B,55419,7423,21,690,33394,1553,17,689,985.4,299.2
G,655621,51908,12,690,385572,9119,23,689,985.4,299.2
R,263248,21040,818,690,154704,6743,767,689,985.4,299.2
D,NBXX,9999,7.932e-5,6.175e-5,3.986e-5,7.431e-6,6.505e-6,5.921e-6
Y,197408,985.4,299.2,295.0,56.9,13.3,5.7,0,0000
T,2014,09,15,13,48,33
B,55106,7503,18,689,33354,1565,23,690,985.4,299.2
G,654827,51965,23,689,384822,9236,11,690,985.4,299.2
R,261210,21165,838,689,155066,6922,831,690,985.4,299.2
D,NBXX,9999,8.107e-5,6.193e-5,4.041e-5,7.618e-6,6.660e-6,6.232e-6
Y,197455,985.4,299.2,295.0,56.9,13.3,5.7,0,0000
T,2014,09,15,13,49,33
B,55305,7388,17,690,33597,1588,19,689,985.4,299.2
G,654650,52790,14,690,386556,9262,13,689,985.4,299.2
R,262071,21020,842,690,155201,6708,875,689,985.4,299.2
D,NBXX,9999,7.906e-5,6.321e-5,3.960e-5,8.027e-6,6.755e-6,5.418e-6
Y,197114,985.4,299.2,295.1,57.2,13.3,5.7,0,0000
T,2014,09,15,13,50,33
B,54989,7585,24,689,33327,1665,22,689,985.4,299.2
G,655591,52638,16,689,384782,9280,17,689,985.4,299.2
R,261536,21315,832,689,155075,6825,846,689,985.4,299.2
D,NBXX,9999,8.244e-5,6.286e-5,4.075e-5,9.093e-6,6.732e-6,5.914e-6
Y,197686,985.4,299.2,295.1,57.2,13.3,5.7,0,0000
T,2014,09,15,13,51,33
B,55201,7579,27,689,33020,1518,20,690,985.4,299.2
G,653610,52139,11,689,385947,9367,18,690,985.4,299.2
R,262160,20923,815,689,154142,6667,836,690,985.4,299.2
D,NBXX,9999,8.190e-5,6.235e-5,3.953e-5,6.785e-6,6.892e-6,5.471e-6
Y,197087,985.4,299.2,295.1,56.7,13.3,5.7,0,0000
T,2014,09,15,13,52,33
B,55086,7379,28,690,33198,1655,35,689,985.3,299.2
G,655235,52767,20,690,385694,9327,5,689,985.3,299.2
R,261739,20980,797,690,155215,6678,803,689,985.3,299.2
D,NBXX,9999,7.891e-5,6.311e-5,3.996e-5,8.647e-6,6.844e-6,5.757e-6
Y,197291,985.3,299.2,295.1,56.7,13.3,5.7,0,0000
T,2014,09,15,13,53,33
B,55249,7307,33,689,33215,1588,23,690,985.3,299.2
G,655060,52270,31,689,387135,9383,23,690,985.3,299.2
R,261558,21197,815,689,155102,6851,809,690,985.3,299.2
D,NBXX,9999,7.765e-5,6.233e-5,4.058e-5,7.642e-6,6.841e-6,6.155e-6
Y,197526,985.3,299.2,295.1,56.7,13.3,5.7,0,0000
T,2014,09,15,13,54,33
B,55292,7534,24,690,33496,1611,27,689,985.3,299.2
G,654651,52512,21,690,385894,9401,16,689,985.3,299.2
R,262491,21018,824,690,153541,6707,776,689,985.3,299.2
D,NBXX,9999,8.099e-5,6.278e-5,3.991e-5,8.116e-6,6.948e-6,5.803e-6
Y,197115,985.3,299.2,295.1,56.7,13.3,5.7,0,0000
T,2014,09,15,13,55,33
B,55346,7352,20,689,33181,1568,21,690,985.3,299.3
G,653305,52163,13,689,383911,9492,16,690,985.3,299.3
R,261303,20897,841,689,154728,6649,800,690,985.3,299.3
D,NBXX,9999,7.840e-5,6.243e-5,3.967e-5,7.578e-6,7.087e-6,5.499e-6
Y,196994,985.3,299.3,295.1,56.5,13.3,5.7,0,0000
T,2014,09,15,13,56,33
B,54628,7501,42,690,33061,1613,35,689,985.3,299.3
G,655115,52621,18,690,387153,9250,18,689,985.3,299.3
R,262908,21076,813,690,155133,6899,807,689,985.3,299.3
D,NBXX,9999,8.143e-5,6.289e-5,3.992e-5,7.989e-6,6.712e-6,6.289e-6
Y,197255,985.3,299.3,295.1,56.7,13.3,5.7,0,0000
T,2014,09,15,13,57,33
B,54947,7613,35,689,33564,1644,38,690,985.3,299.2
G,652461,52126,15,689,387341,9606,28,690,985.3,299.2
R,261578,20981,860,689,155426,6727,827,690,985.3,299.2
D,NBXX,9999,8.249e-5,6.245e-5,3.971e-5,8.303e-6,7.253e-6,5.558e-6
Y,196739,985.3,299.2,295.1,56.5,13.3,5.7,0,0000
T,2014,09,15,13,58,33
B,55152,7466,26,690,33207,1629,22,689,985.3,299.3
G,655634,52680,11,690,385237,9372,16,689,985.3,299.3
R,261757,21502,811,690,154885,6883,789,689,985.3,299.3
D,NBXX,9999,8.034e-5,6.293e-5,4.154e-5,8.505e-6,6.900e-6,6.377e-6
Y,197412,985.3,299.3,295.1,56.7,13.3,5.7,0,0000
T,2014,09,15,13,59,33
B,55022,7465,27,689,33389,1587,38,690,985.3,299.3
G,654446,52174,27,689,389265,9377,15,690,985.3,299.3
R,261258,21048,815,689,155853,6743,838,690,985.3,299.3
D,NBXX,9999,8.031e-5,6.228e-5,4.010e-5,7.580e-6,6.866e-6,5.744e-6
Y,197340,985.3,299.3,295.1,56.5,13.3,5.7,0,0000
T,2014,09,15,14,00,33
B,55199,7463,25,689,33614,1571,20,689,985.3,299.3
G,655670,51764,12,689,386723,9537,4,689,985.3,299.3
R,262137,21369,815,689,154894,6573,800,689,985.3,299.3
D,NBXX,9999,8.026e-5,6.156e-5,4.100e-5,7.647e-6,7.147e-6,5.340e-6
Y,197710,985.3,299.3,295.1,56.7,13.3,5.7,0,0000
T,2014,09,15,14,01,33
B,55204,7482,39,690,32966,1623,22,689,985.3,299.3
G,656207,52819,27,690,385524,9232,22,689,985.3,299.3
R,262249,21092,786,690,154626,6598,795,689,985.3,299.3
D,NBXX,9999,8.026e-5,6.303e-5,4.025e-5,8.173e-6,6.639e-6,5.553e-6
Y,197585,985.3,299.3,295.1,56.5,13.3,5.7,0,0000
T,2014,09,15,14,02,33
B,55525,7586,25,689,33055,1526,19,690,985.3,299.3
G,655593,52985,24,689,386298,9367,8,690,985.3,299.3
R,261986,21357,867,689,155821,6813,864,690,985.3,299.3
D,NBXX,9999,8.143e-5,6.338e-5,4.060e-5,6.841e-6,6.844e-6,5.641e-6
Y,197687,985.3,299.3,295.1,56.5,13.3,5.7,0,0000
T,2014,09,15,14,03,33
B,55409,7521,24,690,33402,1526,23,689,985.3,299.3
G,655383,52593,19,690,386993,9222,24,689,985.3,299.3
R,262014,21087,829,690,155292,6785,855,689,985.3,299.3
D,NBXX,9999,8.066e-5,6.280e-5,3.993e-5,6.899e-6,6.651e-6,5.771e-6
Y,197336,985.3,299.3,295.1,56.5,13.3,5.7,0,0000
T,2014,09,15,14,04,33
B,54912,7685,21,689,33272,1552,14,690,985.3,299.3
G,654001,52438,13,689,388039,9399,19,690,985.3,299.3
R,262535,21318,863,689,155817,6830,853,690,985.3,299.3
D,NBXX,9999,8.429e-5,6.275e-5,4.041e-5,7.621e-6,6.926e-6,5.714e-6
Y,197205,985.3,299.3,295.1,56.5,13.3,5.7,0,0000
T,2014,09,15,14,05,33
B,55092,7369,22,690,33142,1616,28,689,985.3,299.3
G,654648,52203,21,690,385408,9249,19,689,985.3,299.3
R,261831,20924,823,690,155461,6899,823,689,985.3,299.3
D,NBXX,9999,7.900e-5,6.230e-5,3.961e-5,8.304e-6,6.713e-6,6.260e-6
Y,197114,985.3,299.3,295.1,56.2,13.3,5.7,0,0000
T,2014,09,15,14,06,33
B,55094,7562,24,689,33302,1579,25,690,985.3,299.3
G,652801,52296,35,689,386998,9282,20,690,985.3,299.3
R,261659,21306,818,689,154193,6781,884,690,985.3,299.3
D,NBXX,9999,8.186e-5,6.264e-5,4.062e-5,7.706e-6,6.735e-6,5.664e-6
Y,196842,985.3,299.3,295.1,56.2,13.1,5.7,0,0000
T,2014,09,15,14,07,33
B,55096,7640,23,690,33372,1579,19,689,985.3,299.3
G,653972,52655,18,690,387470,9366,9,689,985.3,299.3
R,262841,21247,841,690,155390,6780,788,689,985.3,299.3
D,NBXX,9999,8.313e-5,6.309e-5,4.042e-5,7.892e-6,6.927e-6,5.902e-6
Y,196909,985.3,299.3,295.1,56.4,13.3,5.7,0,0000
T,2014,09,15,14,08,33
B,54798,7489,34,689,33372,1590,27,690,985.3,299.3
G,654671,52090,11,689,387207,9547,20,690,985.3,299.3
R,262129,21528,848,689,155365,6861,846,690,985.3,299.3
D,NBXX,9999,8.118e-5,6.215e-5,4.121e-5,7.785e-6,7.137e-6,5.908e-6
Y,197408,985.3,299.3,295.1,56.2,13.3,5.7,0,0000
T,2014,09,15,14,09,33
B,55708,7632,19,690,33104,1562,37,689,985.3,299.3
G,654578,53058,23,690,385028,9411,11,689,985.3,299.3
R,262553,21187,828,690,155077,6781,831,689,985.3,299.3
D,NBXX,9999,8.155e-5,6.361e-5,4.020e-5,7.157e-6,6.970e-6,5.816e-6
Y,197093,985.3,299.3,295.1,56.4,13.3,5.7,0,0000
T,2014,09,15,14,10,33
B,54649,7484,31,689,33403,1470,31,689,985.2,299.3
G,654443,52362,15,689,385270,9105,27,689,985.2,299.3
R,260707,21388,844,689,153289,6736,823,689,985.2,299.3
D,NBXX,9999,8.139e-5,6.257e-5,4.120e-5,6.075e-6,6.476e-6,5.729e-6
Y,197339,985.2,299.3,295.1,56.4,13.2,5.7,0,0000
T,2014,09,15,14,11,33
B,54976,7607,5,689,32959,1567,29,690,985.2,299.3
G,653590,52548,11,689,386291,9252,16,690,985.2,299.3
R,262104,21251,834,689,155164,6809,775,690,985.2,299.3
D,NBXX,9999,8.302e-5,6.298e-5,4.068e-5,7.834e-6,6.722e-6,6.050e-6
Y,197081,985.2,299.3,295.1,56.2,13.3,5.7,0,0000
T,2014,09,15,14,12,33
B,55170,7584,37,690,33338,1575,29,689,985.2,299.3
G,655264,52518,17,690,388609,9442,21,689,985.2,299.3
R,261943,21346,839,690,154505,6952,819,689,985.2,299.3
D,NBXX,9999,8.175e-5,6.271e-5,4.082e-5,7.392e-6,6.995e-6,6.372e-6
Y,197300,985.2,299.3,295.1,56.2,13.3,5.7,0,0000
T,2014,09,15,14,13,33
B,55644,7699,30,689,33726,1578,16,690,985.2,299.4
G,654262,52767,17,689,387927,9460,10,690,985.2,299.4
R,261458,21624,851,689,155867,6867,814,690,985.2,299.4
D,NBXX,9999,8.282e-5,6.322e-5,4.176e-5,7.520e-6,7.021e-6,6.066e-6
Y,197284,985.2,299.4,295.1,56.5,13.3,5.7,0,0000
T,2014,09,15,14,14,33
B,55226,7490,24,690,33362,1538,23,689,985.2,299.3
G,655978,52904,20,690,385971,9422,8,689,985.2,299.3
R,262301,21422,788,690,155892,6668,837,689,985.2,299.3
D,NBXX,9999,8.057e-5,6.322e-5,4.108e-5,7.148e-6,6.966e-6,5.608e-6
Y,197516,985.2,299.3,295.1,56.5,13.3,5.7,0,0000
T,2014,09,15,14,15,33
B,55303,7609,23,689,33692,1580,28,690,985.2,299.4
G,656946,53218,12,689,384879,9359,15,690,985.2,299.4
R,261391,21273,822,689,154815,6961,834,690,985.2,299.4
D,NBXX,9999,8.210e-5,6.358e-5,4.074e-5,7.602e-6,6.812e-6,6.385e-6
Y,198097,985.2,299.4,295.2,56.7,13.3,5.7,0,0000
T,2014,09,15,14,16,33
B,55181,7526,40,690,33171,1609,30,689,985.2,299.3
G,653957,52447,18,690,384938,9418,18,689,985.2,299.3
R,263453,21304,865,690,154420,6802,798,689,985.2,299.3
D,NBXX,9999,8.081e-5,6.276e-5,4.034e-5,7.821e-6,6.990e-6,5.815e-6
Y,196905,985.2,299.3,295.2,56.5,13.3,5.7,0,0000
T,2014,09,15,14,17,33
B,54969,7655,24,689,33725,1626,26,690,985.2,299.4
G,653426,52703,13,689,387788,9417,10,690,985.2,299.4
R,260827,21449,776,689,155135,6902,831,690,985.2,299.4
D,NBXX,9999,8.347e-5,6.324e-5,4.157e-5,8.435e-6,6.982e-6,6.412e-6
Y,197031,985.2,299.4,295.2,56.5,13.3,5.7,0,0000
T,2014,09,15,14,18,33
B,54959,7676,20,690,33454,1596,21,689,985.2,299.4
G,657173,53272,10,690,386537,9437,15,689,985.2,299.4
R,261556,21465,781,690,155422,6914,885,689,985.2,299.4
D,NBXX,9999,8.395e-5,6.363e-5,4.124e-5,8.217e-6,6.968e-6,6.251e-6
Y,197877,985.2,299.4,295.2,56.5,13.3,5.7,0,0000
T,2014,09,15,14,19,33
B,54508,7587,34,689,33304,1526,40,689,985.2,299.4
G,654662,52424,20,689,385151,9503,10,689,985.2,299.4
R,262114,21179,836,689,154288,6733,862,689,985.2,299.4
D,NBXX,9999,8.301e-5,6.265e-5,4.014e-5,6.758e-6,7.093e-6,5.533e-6
Y,197405,985.2,299.4,295.2,56.5,13.3,5.7,0,0000
T,2014,09,15,14,20,33
B,55310,7522,21,689,33250,1625,20,690,985.2,299.4
G,652073,52768,20,689,386377,9417,15,690,985.2,299.4
R,260995,21267,794,689,154455,6638,842,690,985.2,299.4
D,NBXX,9999,8.097e-5,6.348e-5,4.088e-5,8.431e-6,6.990e-6,5.500e-6
Y,196621,985.2,299.4,295.2,56.4,13.3,5.7,0,0000
T,2014,09,15,14,21,33
B,55074,7609,33,690,32987,1456,22,689,985.2,299.4
G,654664,53670,28,690,387863,9572,11,689,985.2,299.4
R,262046,21551,817,690,155389,6965,821,689,985.2,299.4
D,NBXX,9999,8.250e-5,6.452e-5,4.149e-5,5.857e-6,7.202e-6,6.475e-6
Y,197119,985.2,299.4,295.2,56.5,13.3,5.7,0,0000
T,2014,09,15,14,22,33
B,54810,7622,20,689,33473,1698,28,690,985.2,299.4
G,654545,52728,28,689,387870,9500,14,690,985.2,299.4
R,261251,21410,882,689,154922,6778,828,690,985.2,299.4
D,NBXX,9999,8.334e-5,6.311e-5,4.100e-5,9.604e-6,7.049e-6,5.650e-6
Y,197370,985.2,299.4,295.2,56.5,13.3,5.7,0,0000
T,2014,09,15,14,23,33
B,54733,7589,28,690,33181,1617,27,689,985.2,299.4
G,654348,53321,16,690,384527,9399,11,689,985.2,299.4
R,262546,21110,858,690,153984,6922,885,689,985.2,299.4
D,NBXX,9999,8.289e-5,6.405e-5,3.968e-5,8.384e-6,6.969e-6,5.948e-6
Y,197023,985.2,299.4,295.2,56.5,13.3,5.7,0,0000
T,2014,09,15,14,24,33
B,54857,7583,22,689,33112,1591,24,690,985.1,299.4
G,654362,52912,26,689,386760,9458,9,690,985.1,299.4
R,262311,21489,892,689,154758,6937,844,690,985.1,299.4
D,NBXX,9999,8.270e-5,6.342e-5,4.091e-5,8.033e-6,7.002e-6,5.979e-6
Y,197314,985.1,299.4,295.2,56.5,13.3,5.7,0,0000
T,2014,09,15,14,25,33
B,55149,7609,25,690,33072,1654,17,689,985.1,299.4
G,656192,53161,1,690,386823,9542,14,689,985.1,299.4
R,263069,21505,845,690,155771,6906,840,689,985.1,299.4
D,NBXX,9999,8.256e-5,6.360e-5,4.095e-5,8.978e-6,7.165e-6,6.073e-6
Y,197580,985.1,299.4,295.2,56.5,13.3,5.7,0,0000
T,2014,09,15,14,26,33
B,55209,7811,22,689,33477,1627,18,690,985.1,299.4
G,653798,52242,11,689,387890,9474,17,690,985.1,299.4
R,262896,21317,835,689,155282,6991,855,690,985.1,299.4
D,NBXX,9999,8.545e-5,6.249e-5,4.042e-5,8.519e-6,7.051e-6,6.269e-6
Y,197144,985.1,299.4,295.2,56.4,13.3,5.7,0,0000
T,2014,09,15,14,27,33
B,55301,7695,25,690,33260,1501,23,689,979.7,299.5
G,657341,53567,22,690,386704,9504,23,689,979.7,299.5
R,262276,21310,851,690,155219,6853,895,689,979.7,299.5
D,NBXX,9999,8.356e-5,6.408e-5,4.036e-5,6.625e-6,7.057e-6,5.758e-6
Y,197928,979.7,299.5,295.3,56.4,13.3,5.7,0,0000
T,2014,09,15,14,28,33
B,54939,8848,16,689,33224,1693,19,690,976.7,299.8
G,655647,63762,20,689,387147,10632,16,690,976.7,299.8
R,261910,25380,888,689,155613,7364,852,690,976.7,299.8
D,NBXX,9999,1.017e-4,7.970e-5,5.278e-5,9.820e-6,8.790e-6,7.291e-6
Y,197703,976.7,299.8,295.5,53.1,13.3,5.7,0,0000
T,2014,09,15,14,29,33
B,54729,9442,28,689,33057,1752,23,689,976.7,299.9
G,654172,66817,20,689,385293,10778,20,689,976.7,299.9
R,260840,26423,812,689,154577,7581,856,689,976.7,299.9
D,NBXX,9999,1.108e-4,8.453e-5,5.649e-5,1.056e-5,9.063e-6,8.298e-6
Y,197257,976.7,299.9,295.5,48.7,13.3,5.7,0,0000
T,2014,09,15,14,30,33
B,54862,9513,24,690,33680,1761,22,689,976.7,299.9
G,656367,68471,12,690,387409,11310,9,689,976.7,299.9
R,261461,26499,806,690,154406,7376,763,689,976.7,299.9
D,NBXX,9999,1.116e-4,8.671e-5,5.688e-5,1.076e-5,9.866e-6,8.013e-6
Y,197633,976.7,299.9,295.5,46.6,13.3,5.7,0,0000
T,2014,09,15,14,31,33
B,55098,9484,35,689,33465,1704,22,690,976.7,299.9
G,652690,68733,26,689,386348,10891,16,690,976.7,299.9
R,261172,26688,867,689,156016,7523,849,690,976.7,299.9
D,NBXX,9999,1.103e-4,8.765e-5,5.703e-5,9.550e-6,9.243e-6,7.903e-6
Y,196808,976.7,299.9,295.5,45.3,13.3,5.7,0,0000
T,2014,09,15,14,32,33
B,54766,9237,30,690,33201,1805,25,689,976.7,299.9
G,657008,67657,21,690,385125,11015,29,689,976.7,299.9
R,262731,26391,859,690,154729,7580,905,689,976.7,299.9
D,NBXX,9999,1.076e-4,8.533e-5,5.552e-5,1.130e-5,9.355e-6,7.865e-6
Y,197827,976.7,299.9,295.5,44.5,13.3,5.7,0,0000
T,2014,09,15,14,33,33
B,54786,9251,25,689,33715,1770,30,690,976.6,300.0
G,653474,67660,13,689,386036,10878,17,690,976.6,300.0
R,261469,26263,823,689,156136,7603,824,690,976.6,300.0
D,NBXX,9999,1.077e-4,8.592e-5,5.590e-5,1.070e-5,9.225e-6,8.368e-6
Y,197045,976.6,300.0,295.5,43.9,13.3,5.7,0,0000
T,2014,09,15,14,34,33
B,55249,9335,16,690,33602,1755,19,689,976.6,300.0
G,656150,67259,10,690,386361,10964,18,689,976.6,300.0
R,262729,26454,794,690,155007,7536,904,689,976.6,300.0
D,NBXX,9999,1.081e-4,8.491e-5,5.594e-5,1.068e-5,9.339e-6,7.963e-6
Y,197568,976.6,300.0,295.5,43.2,13.3,5.7,0,0000
T,2014,09,15,14,35,33
B,54713,9325,14,689,33292,1836,24,690,976.6,300.0
G,654210,67013,17,689,384088,10971,15,690,976.6,300.0
R,261397,26522,870,689,154220,7436,861,690,976.6,300.0
D,NBXX,9999,1.093e-4,8.483e-5,5.642e-5,1.200e-5,9.343e-6,7.572e-6
Y,197268,976.6,300.0,295.5,42.9,13.3,5.7,0,0000
T,2014,09,15,14,36,33
B,54904,9244,22,690,33499,1754,18,689,976.6,300.0
G,655399,66836,24,690,387754,10882,34,689,976.6,300.0
R,260704,26570,830,690,155151,7646,840,689,976.6,300.0
D,NBXX,9999,1.076e-4,8.433e-5,5.696e-5,1.074e-5,9.181e-6,8.527e-6
Y,197341,976.6,300.0,295.6,42.6,13.3,5.7,0,0000
T,2014,09,15,14,37,33
B,54867,9472,21,689,33021,1819,26,690,976.6,300.0
G,655206,67949,18,689,387700,11230,17,690,976.6,300.0
R,261602,26450,797,689,154587,7394,866,690,976.6,300.0
D,NBXX,9999,1.109e-4,8.608e-5,5.637e-5,1.152e-5,9.702e-6,7.671e-6
Y,197570,976.6,300.0,295.6,42.2,13.3,5.7,0,0000
T,2014,09,15,14,38,33
B,54993,9446,28,690,33332,1792,27,689,976.6,300.1
G,655408,66873,36,690,386056,10904,18,689,976.6,300.1
R,262117,26292,882,690,154618,7641,872,689,976.6,300.1
D,NBXX,9999,1.101e-4,8.440e-5,5.543e-5,1.100e-5,9.221e-6,8.124e-6
Y,197343,976.6,300.1,295.6,41.9,13.3,5.7,0,0000
T,2014,09,15,14,39,33
B,54918,9298,26,689,33472,1757,29,689,976.6,300.1
G,653246,66344,13,689,386020,10816,12,689,976.6,300.1
R,261302,26232,826,689,154431,7516,817,689,976.6,300.1
D,NBXX,9999,1.081e-4,8.398e-5,5.586e-5,1.048e-5,9.170e-6,8.159e-6
Y,196976,976.6,300.1,295.6,41.8,13.3,5.7,0,0000
T,2014,09,15,14,40,33
B,55282,9107,28,689,33164,1742,16,690,976.6,300.1
G,656155,65381,29,689,386650,10948,14,690,976.6,300.1
R,262840,25443,907,689,155587,7437,849,690,976.6,300.1
D,NBXX,9999,1.045e-4,8.205e-5,5.267e-5,1.025e-5,9.240e-6,7.398e-6
Y,197857,976.6,300.1,295.6,41.6,13.3,5.8,0,0000
T,2014,09,15,14,41,33
B,55038,9173,34,690,33239,1756,23,689,976.6,300.1
G,653970,65800,27,690,387270,10739,15,689,976.6,300.1
R,262052,26113,821,690,155152,7467,828,689,976.6,300.1
D,NBXX,9999,1.059e-4,8.302e-5,5.527e-5,1.041e-5,9.029e-6,7.969e-6
Y,196909,976.6,300.1,295.6,41.3,13.3,5.7,0,0000
T,2014,09,15,14,42,33
B,55116,9123,22,689,33259,1812,20,690,976.6,300.1
G,654766,65035,17,689,386254,10758,18,690,976.6,300.1
R,261311,25898,894,689,154854,7323,879,690,976.6,300.1
D,NBXX,9999,1.052e-4,8.176e-5,5.440e-5,1.139e-5,9.003e-6,7.088e-6
Y,197437,976.6,300.1,295.6,41.1,13.3,5.7,0,0000
T,2014,09,15,14,43,33
B,55187,9204,23,690,33114,1746,20,689,976.6,300.1
G,654221,65995,20,690,384032,10712,22,689,976.6,300.1
R,263178,25804,918,690,154552,7584,853,689,976.6,300.1
D,NBXX,9999,1.062e-4,8.327e-5,5.360e-5,1.044e-5,8.982e-6,7.824e-6
Y,196985,976.6,300.1,295.6,40.9,13.3,5.7,0,0000
T,2014,09,15,14,44,33
B,54658,9094,24,689,33290,1759,13,690,976.6,300.2
G,654985,65340,24,689,386464,10817,12,690,976.6,300.2
R,261583,26002,819,689,155000,7510,836,690,976.6,300.2
D,NBXX,9999,1.060e-4,8.218e-5,5.505e-5,1.090e-5,9.085e-6,8.051e-6
Y,197503,976.6,300.2,295.6,40.8,13.3,5.7,0,0000
T,2014,09,15,14,45,33
B,54617,8980,22,690,33441,1835,20,689,976.6,300.2
G,654465,64686,18,690,386298,10740,17,689,976.6,300.2
R,261467,25812,830,690,154806,7448,880,689,976.6,300.2
D,NBXX,9999,1.043e-4,8.127e-5,5.431e-5,1.204e-5,9.031e-6,7.735e-6
Y,197058,976.6,300.2,295.6,40.6,13.3,5.7,0,0000
T,2014,09,15,14,46,33
B,54711,8812,31,689,33605,1768,25,690,976.6,300.2
G,653887,64181,31,689,387316,10683,15,690,976.6,300.2
R,259943,25369,839,689,156171,7322,872,690,976.6,300.2
D,NBXX,9999,1.013e-4,8.058e-5,5.339e-5,1.068e-5,8.893e-6,7.388e-6
Y,197171,976.6,300.2,295.6,40.5,13.3,5.7,0,0000
T,2014,09,15,14,47,33
B,55137,8883,20,690,33701,1767,29,689,976.6,300.2
G,655439,64659,19,690,387184,10933,20,689,976.6,300.2
R,262284,25440,831,690,154926,7327,849,689,976.6,300.2
D,NBXX,9999,1.015e-4,8.108e-5,5.306e-5,1.067e-5,9.291e-6,7.422e-6
Y,197353,976.6,300.2,295.6,40.3,13.3,5.7,0,0000
T,2014,09,15,14,48,33
B,55121,8806,26,689,33129,1699,30,689,976.5,300.2
G,652921,63495,19,689,385367,10795,20,689,976.5,300.2
R,261328,24875,849,689,154306,7492,888,689,976.5,300.2
D,NBXX,9999,1.003e-4,7.970e-5,5.142e-5,9.519e-6,9.122e-6,7.754e-6
Y,196878,976.5,300.2,295.7,40.1,13.3,5.7,0,0000
T,2014,09,15,14,49,33
B,55069,8651,14,689,33459,1740,20,690,976.5,300.3
G,654620,62823,22,689,386672,10579,12,690,976.5,300.3
R,261636,25029,877,689,155305,7401,879,690,976.5,300.3
D,NBXX,9999,9.856e-5,7.844e-5,5.174e-5,1.050e-5,8.739e-6,7.364e-6
Y,197392,976.5,300.3,295.7,40.1,13.3,5.7,0,0000
T,2014,09,15,14,50,33
B,55361,8625,21,690,33495,1692,28,689,976.5,300.3
G,655188,63249,39,690,384646,10627,14,689,976.5,300.3
R,262124,24888,830,690,155117,7317,843,689,976.5,300.3
D,NBXX,9999,9.726e-5,7.897e-5,5.146e-5,9.480e-6,8.811e-6,7.427e-6
Y,197277,976.5,300.3,295.7,40.0,13.3,5.7,0,0000
T,2014,09,15,14,51,33
B,55073,8893,25,689,33465,1772,28,690,976.5,300.3
G,653437,63203,14,689,384038,10488,17,690,976.5,300.3
R,261490,24980,823,689,153688,7336,848,690,976.5,300.3
D,NBXX,9999,1.018e-4,7.919e-5,5.192e-5,1.064e-5,8.636e-6,7.475e-6
Y,197034,976.5,300.3,295.7,39.8,13.3,5.7,0,0000
T,2014,09,15,14,52,33
B,55417,8845,28,690,33528,1777,13,689,976.5,300.3
G,653936,62769,26,690,386514,10570,27,689,976.5,300.3
R,263072,24988,829,690,155738,7380,911,689,976.5,300.3
D,NBXX,9999,1.004e-4,7.843e-5,5.128e-5,1.084e-5,8.755e-6,7.324e-6
Y,196898,976.5,300.3,295.7,39.6,13.3,5.7,0,0000
T,2014,09,15,14,53,33
B,54269,8581,35,689,33683,1796,16,690,976.5,300.3
G,652719,62245,19,689,385631,10575,19,690,976.5,300.3
R,260439,24831,865,689,154560,7342,826,690,976.5,300.3
D,NBXX,9999,9.910e-5,7.784e-5,5.168e-5,1.141e-5,8.773e-6,7.488e-6
Y,196817,976.5,300.3,295.7,39.6,13.3,5.7,0,0000
T,2014,09,15,14,54,33
B,54895,8829,22,690,33446,1632,33,689,976.5,300.3
G,654231,62521,14,690,384961,10303,15,689,976.5,300.3
R,261503,24843,864,690,154819,7264,921,689,976.5,300.3
D,NBXX,9999,1.012e-4,7.805e-5,5.110e-5,8.690e-6,8.387e-6,6.911e-6
Y,196988,976.5,300.3,295.7,39.5,13.3,5.7,0,0000
T,2014,09,15,14,55,33
B,55258,8752,38,689,33431,1782,27,690,976.5,300.4
G,652675,63142,24,689,387108,10473,22,690,976.5,300.4
R,260944,24924,853,689,154987,7062,863,690,976.5,300.4
D,NBXX,9999,9.910e-5,7.919e-5,5.174e-5,1.050e-5,8.606e-6,6.520e-6
Y,196804,976.5,300.4,295.7,39.5,13.3,5.7,0,0000
T,2014,09,15,14,56,33
B,55525,8656,30,690,33711,1685,36,689,976.5,300.4
G,655546,61773,22,690,383838,10297,15,689,976.5,300.4
R,262240,24731,819,690,153933,7261,882,689,976.5,300.4
D,NBXX,9999,9.706e-5,7.672e-5,5.086e-5,9.017e-6,8.332e-6,7.152e-6
Y,197385,976.5,300.4,295.7,39.3,13.3,5.7,0,0000
T,2014,09,15,14,57,33
B,54863,8533,15,689,33451,1643,34,690,976.5,300.4
G,653159,61031,18,689,385560,10307,14,690,976.5,300.4
R,261869,24587,859,689,155377,7317,872,690,976.5,300.4
D,NBXX,9999,9.704e-5,7.595e-5,5.043e-5,8.901e-6,8.368e-6,7.183e-6
Y,196950,976.5,300.4,295.7,39.3,13.3,5.8,0,0000
T,2014,09,15,14,58,33
B,54978,8622,13,689,33329,1688,22,689,976.4,300.4
G,654381,60882,28,689,385692,10354,31,689,976.4,300.4
R,261075,24862,823,689,154878,7369,851,689,976.4,300.4
D,NBXX,9999,9.832e-5,7.551e-5,5.166e-5,9.792e-6,8.385e-6,7.618e-6
Y,197320,976.4,300.4,295.7,39.2,13.3,5.7,0,0000
T,2014,09,15,14,59,33
B,54778,8675,20,690,33254,1678,23,689,976.4,300.4
G,656283,62572,15,690,383882,10613,23,689,976.4,300.4
R,261726,25256,901,690,154202,7505,884,689,976.4,300.4
D,NBXX,9999,9.944e-5,7.782e-5,5.229e-5,9.631e-6,8.789e-6,7.628e-6
Y,197608,976.4,300.4,295.7,39.2,13.3,5.7,0,0000
T,2014,09,15,15,00,33
B,55022,8197,18,689,33272,1635,7,690,983.2,300.3
G,654535,57702,16,689,385335,9972,10,690,983.2,300.3
R,262742,23173,893,689,155071,7312,882,690,983.2,300.3
D,NBXX,9999,9.193e-5,7.069e-5,4.576e-5,9.042e-6,7.815e-6,6.948e-6
Y,197367,983.2,300.3,295.7,42.9,13.3,5.7,0,0000
T,2014,09,15,15,01,33
B,54302,7379,24,690,32954,1571,25,689,987.2,300.0
G,655844,51838,8,690,386133,9379,19,689,987.2,300.0
R,261953,21170,886,690,155388,6705,834,689,987.2,300.0
D,NBXX,9999,8.074e-5,6.163e-5,4.005e-5,7.981e-6,6.906e-6,5.392e-6
Y,197475,987.2,300.0,295.5,52.3,13.3,5.7,0,0000
T,2014,09,15,15,02,33
B,55438,7578,24,689,33304,1623,18,690,987.2,299.9
G,653959,52026,26,689,385500,9335,18,690,987.2,299.9
R,262768,21128,871,689,154611,6965,851,690,987.2,299.9
D,NBXX,9999,8.152e-5,6.211e-5,3.974e-5,8.331e-6,6.810e-6,6.073e-6
Y,197192,987.2,299.9,295.4,53.8,13.3,5.7,0,0000
T,2014,09,15,15,03,33
B,55025,7446,25,690,33518,1605,21,689,987.2,299.9
G,655153,52837,20,690,386279,9477,20,689,987.2,299.9
R,262124,21358,859,690,154457,6955,852,689,987.2,299.9
D,NBXX,9999,8.033e-5,6.320e-5,4.061e-5,8.237e-6,7.046e-6,6.171e-6
Y,197266,987.2,299.9,295.4,54.6,13.3,5.8,0,0000
T,2014,09,15,15,04,33
B,54587,7363,33,689,33386,1519,34,690,987.2,299.8
G,655098,51527,17,689,386502,9381,19,690,987.2,299.8
R,263185,20913,909,689,156297,6883,870,690,987.2,299.8
D,NBXX,9999,7.960e-5,6.124e-5,3.880e-5,6.697e-6,6.869e-6,5.604e-6
Y,197537,987.2,299.8,295.4,54.6,13.3,5.7,0,0000
T,2014,09,15,15,05,33
B,55354,7290,24,690,33299,1626,23,689,987.2,299.8
G,655696,52224,20,690,384343,9284,11,689,987.2,299.8
R,261569,21166,919,690,154402,6743,840,689,987.2,299.8
D,NBXX,9999,7.735e-5,6.223e-5,3.998e-5,8.379e-6,6.759e-6,5.391e-6
Y,197430,987.2,299.8,295.4,54.9,13.3,5.7,0,0000
T,2014,09,15,15,06,33
B,54924,7383,17,689,33277,1645,29,690,987.2,299.8
G,653770,51773,14,689,385186,9195,16,690,987.2,299.8
R,263295,21281,877,689,154694,6859,817,690,987.2,299.8
D,NBXX,9999,7.958e-5,6.178e-5,4.018e-5,8.790e-6,6.627e-6,5.823e-6
Y,197135,987.2,299.8,295.4,55.1,13.3,5.7,0,0000
T,2014,09,15,15,07,33
B,54939,7512,35,690,33336,1623,35,689,987.1,299.8
G,656877,51881,19,690,388423,9204,17,689,987.1,299.8
R,262955,21395,839,690,154698,6863,855,689,987.1,299.8
D,NBXX,9999,8.108e-5,6.156e-5,4.059e-5,8.129e-6,6.605e-6,5.905e-6
Y,197787,987.1,299.8,295.4,55.2,13.3,5.8,0,0000
T,2014,09,15,15,08,33
B,55167,7460,26,689,33116,1593,13,689,987.1,299.8
G,654520,51114,17,689,383017,9272,10,689,987.1,299.8
R,261580,21167,860,689,153783,6718,854,689,987.1,299.8
D,NBXX,9999,8.038e-5,6.070e-5,4.014e-5,8.087e-6,6.753e-6,5.448e-6
Y,197362,987.1,299.8,295.4,55.4,13.3,5.7,0,0000
T,2014,09,15,15,09,33
B,54808,7379,17,689,33600,1564,36,690,987.1,299.7
G,655016,51044,17,689,387844,9251,12,690,987.1,299.7
R,262677,20591,881,689,154875,6648,898,690,987.1,299.7
D,NBXX,9999,7.966e-5,6.051e-5,3.794e-5,7.532e-6,6.674e-6,4.924e-6
Y,197512,987.1,299.7,295.4,55.1,13.3,5.7,0,0000
T,2014,09,15,15,10,33
B,55235,7542,26,690,33398,1527,25,689,987.1,299.7
G,655214,52366,29,690,387057,9160,24,689,987.1,299.7
R,262668,21378,851,690,155621,6956,873,689,987.1,299.7
D,NBXX,9999,8.125e-5,6.243e-5,4.050e-5,6.914e-6,6.531e-6,6.097e-6
Y,197285,987.1,299.7,295.4,55.7,13.3,5.7,0,0000
T,2014,09,15,15,11,33
B,54388,7385,18,689,33463,1555,15,690,987.1,299.7
G,655458,51572,13,689,387667,9252,12,690,987.1,299.7
R,263634,21318,862,689,155502,6878,824,690,987.1,299.7
D,NBXX,9999,8.092e-5,6.126e-5,4.024e-5,7.916e-6,6.673e-6,5.889e-6
Y,197646,987.1,299.7,295.4,55.9,13.3,5.7,0,0000
T,2014,09,15,15,12,33
B,55145,7393,16,690,33566,1564,34,689,987.1,299.7
G,656744,51586,19,690,386300,9179,11,689,987.1,299.7
R,261034,21332,867,690,155263,6816,830,689,987.1,299.7
D,NBXX,9999,7.925e-5,6.112e-5,4.082e-5,7.513e-6,6.567e-6,5.861e-6
Y,197747,987.1,299.7,295.4,55.6,13.3,5.7,0,0000
T,2014,09,15,15,13,33
B,55189,7466,29,689,33889,1599,29,690,987.1,299.7
G,654867,50780,19,689,388264,9024,29,690,987.1,299.7
R,262803,20827,855,689,154401,6949,848,690,987.1,299.7
D,NBXX,9999,8.011e-5,6.009e-5,3.889e-5,7.809e-6,6.302e-6,6.090e-6
Y,197467,987.1,299.7,295.4,55.6,13.3,5.7,0,0000
T,2014,09,15,15,14,33
B,55532,7286,18,690,33236,1564,24,689,987.1,299.7
G,656014,51020,21,690,385353,9344,16,689,987.1,299.7
R,262400,20786,900,690,154708,6776,879,689,987.1,299.7
D,NBXX,9999,7.706e-5,6.034e-5,3.858e-5,7.494e-6,6.819e-6,5.375e-6
Y,197527,987.1,299.7,295.3,55.6,13.3,5.7,0,0000
T,2014,09,15,15,15,33
B,55064,7368,29,689,33284,1497,13,690,987.1,299.7
G,655114,50589,14,689,386216,9003,9,690,987.1,299.7
R,262262,20946,870,689,154847,6694,932,690,987.1,299.7
D,NBXX,9999,7.917e-5,5.982e-5,3.903e-5,6.628e-6,6.309e-6,5.004e-6
Y,197542,987.1,299.7,295.3,55.6,13.3,5.7,0,0000
T,2014,09,15,15,16,33
B,54821,7479,20,690,33237,1618,18,689,987.1,299.7
G,655351,51772,20,690,386495,9007,17,689,987.1,299.7
R,261517,21012,861,690,154737,6771,879,689,987.1,299.7
D,NBXX,9999,8.136e-5,6.155e-5,3.959e-5,8.654e-6,6.325e-6,5.546e-6
Y,197326,987.1,299.7,295.3,55.9,13.3,5.7,0,0000
T,2014,09,15,15,17,33
B,55374,7310,28,689,33250,1555,22,689,987.1,299.6
G,653188,51349,19,689,385558,9258,14,689,987.1,299.6
R,261611,20976,838,689,155254,6812,867,689,987.1,299.6
D,NBXX,9999,7.758e-5,6.118e-5,3.959e-5,7.256e-6,6.737e-6,5.762e-6
Y,196959,987.1,299.6,295.3,55.9,13.3,5.7,0,0000
T,2014,09,15,15,18,33
B,55192,7292,18,689,33422,1527,30,690,987.1,299.6
G,654431,50922,16,689,386378,9128,22,690,987.1,299.6
R,261794,20678,841,689,154734,6831,859,690,987.1,299.6
D,NBXX,9999,7.770e-5,6.037e-5,3.867e-5,6.918e-6,6.485e-6,5.801e-6
Y,197335,987.1,299.6,295.3,55.9,13.3,5.7,0,0000
T,2014,09,15,15,19,33
B,54918,7325,19,690,33187,1553,10,689,987.1,299.6
G,654881,50120,24,690,385805,8996,13,689,987.1,299.6
R,263606,20776,909,690,154744,6867,864,689,987.1,299.6
D,NBXX,9999,7.904e-5,5.911e-5,3.831e-5,7.802e-6,6.318e-6,5.605e-6
Y,197184,987.1,299.6,295.3,55.4,13.3,5.7,0,0000
T,2014,09,15,15,20,33
B,55364,7172,28,689,33124,1571,26,690,987.1,299.6
G,654263,50679,6,689,385790,9284,19,690,987.1,299.6
R,261305,20599,895,689,154791,6851,881,690,987.1,299.6
D,NBXX,9999,7.550e-5,6.005e-5,3.827e-5,7.394e-6,6.747e-6,5.622e-6
Y,197284,987.1,299.6,295.3,55.6,13.3,5.7,0,0000
T,2014,09,15,15,21,33
B,55250,7195,14,690,33349,1515,20,689,987.1,299.6
G,654546,51006,13,690,387167,9137,8,689,987.1,299.6
R,263203,20825,948,690,155048,6601,884,689,987.1,299.6
D,NBXX,9999,7.639e-5,6.052e-5,3.834e-5,7.021e-6,6.566e-6,4.619e-6
Y,197083,987.1,299.6,295.3,55.7,13.3,5.7,0,0000
T,2014,09,15,15,22,33
B,55285,7250,20,689,33236,1589,28,690,987.1,299.6
G,653140,50499,22,689,384627,9271,21,690,987.1,299.6
R,262024,21102,867,689,154229,6925,876,690,987.1,299.6
D,NBXX,9999,7.690e-5,5.988e-5,3.975e-5,7.793e-6,6.719e-6,5.921e-6
Y,196944,987.1,299.6,295.3,55.9,13.3,5.8,0,0000
T,2014,09,15,15,23,33
B,55106,7436,30,690,33172,1558,13,689,987.0,299.6
G,655881,51577,16,690,384953,9265,20,689,987.0,299.6
R,261658,21137,959,690,154829,6985,886,689,987.0,299.6
D,NBXX,9999,8.008e-5,6.119e-5,3.958e-5,7.560e-6,6.705e-6,5.817e-6
Y,197486,987.0,299.6,295.3,56.2,13.3,5.7,0,0000
T,2014,09,15,15,24,33
B,55094,7217,15,689,33553,1540,21,690,987.0,299.6
G,655654,51080,11,689,386780,9219,23,690,987.0,299.6
R,262550,20953,912,689,155115,6839,864,690,987.0,299.6
D,NBXX,9999,7.698e-5,6.048e-5,3.907e-5,7.353e-6,6.603e-6,5.517e-6
Y,197705,987.0,299.6,295.3,56.2,13.3,5.7,0,0000
T,2014,09,15,15,25,33
B,55117,7352,29,690,33514,1519,35,689,987.0,299.6
G,654748,51622,19,690,386378,9106,17,689,987.0,299.6
R,262158,21267,974,690,155084,6804,885,689,987.0,299.6
D,NBXX,9999,7.846e-5,6.140e-5,3.981e-5,6.619e-6,6.489e-6,5.192e-6
Y,197144,987.0,299.6,295.3,56.4,13.3,5.7,0,0000
T,2014,09,15,15,26,33
B,55339,7471,17,689,33562,1520,24,690,987.0,299.6
G,654336,51602,27,689,387447,9190,24,690,987.0,299.6
R,261943,21331,912,689,154839,6738,850,690,987.0,299.6
D,NBXX,9999,8.016e-5,6.139e-5,4.040e-5,6.876e-6,6.558e-6,5.295e-6
Y,197306,987.0,299.6,295.3,56.5,13.3,5.7,0,0000
T,2014,09,15,15,27,33
B,55143,7529,33,689,33536,1613,21,689,987.0,299.6
G,654522,51464,20,689,384647,9035,14,689,987.0,299.6
R,262479,21156,877,689,155074,6848,888,689,987.0,299.6
D,NBXX,9999,8.119e-5,6.119e-5,3.974e-5,8.136e-6,6.370e-6,5.612e-6
Y,197363,987.0,299.6,295.3,56.7,13.3,5.7,0,0000
T,2014,09,15,15,28,33
B,55302,7363,29,690,33566,1485,26,689,987.0,299.6
G,653820,51250,33,690,387700,8962,27,689,987.0,299.6
R,261851,21049,876,690,155755,6906,889,689,987.0,299.6
D,NBXX,9999,7.842e-5,6.090e-5,3.955e-5,6.200e-6,6.248e-6,5.848e-6
Y,196863,987.0,299.6,295.3,56.4,13.3,5.7,0,0000
T,2014,09,15,15,29,33
B,55075,7414,28,689,33273,1592,28,690,987.0,299.5
G,654749,51649,20,689,387734,9116,20,690,987.0,299.5
R,261426,21437,872,689,155158,6863,874,690,987.0,299.5
D,NBXX,9999,7.957e-5,6.143e-5,4.089e-5,7.772e-6,6.457e-6,5.757e-6
Y,197431,987.0,299.5,295.3,56.5,13.3,5.7,0,0000
T,2014,09,15,15,30,33
B,54935,7264,19,690,33835,1621,38,689,987.0,299.5
G,655138,52033,17,690,383831,9095,16,689,987.0,299.5
R,262330,21431,873,690,155039,6810,841,689,987.0,299.5
D,NBXX,9999,7.761e-5,6.197e-5,4.077e-5,8.310e-6,6.469e-6,5.710e-6
Y,197262,987.0,299.5,295.3,56.7,13.3,5.7,0,0000
T,2014,09,15,15,31,33
B,54848,7381,24,689,33566,1465,29,690,986.9,299.5
G,654284,51521,22,689,388612,9071,17,690,986.9,299.5
R,261670,21140,911,689,155566,6773,849,690,986.9,299.5
D,NBXX,9999,7.958e-5,6.129e-5,3.989e-5,6.035e-6,6.401e-6,5.422e-6
Y,197291,986.9,299.5,295.3,56.4,13.3,5.7,0,0000
T,2014,09,15,15,32,33
B,55251,7530,15,690,33042,1600,27,689,986.9,299.5
G,655505,51793,10,690,384544,9228,13,689,986.9,299.5
R,262214,21348,845,690,154644,6697,821,689,986.9,299.5
D,NBXX,9999,8.116e-5,6.159e-5,4.071e-5,8.124e-6,6.680e-6,5.543e-6
Y,197373,986.9,299.5,295.3,56.9,13.1,5.7,0,0000
T,2014,09,15,15,33,33
B,54848,7230,31,689,33620,1517,27,690,986.9,299.5
G,655929,52010,18,689,386192,9116,14,690,986.9,299.5
R,262222,21037,885,689,154359,6956,861,690,986.9,299.5
D,NBXX,9999,7.726e-5,6.185e-5,3.950e-5,6.720e-6,6.446e-6,5.993e-6
Y,197789,986.9,299.5,295.3,56.7,13.3,5.7,0,0000
T,2014,09,15,15,34,33
B,54782,7417,21,690,33447,1572,26,689,986.9,299.5
G,655760,51639,14,690,388740,9273,18,689,986.9,299.5
R,261641,21421,888,690,154902,6881,925,689,986.9,299.5
D,NBXX,9999,8.034e-5,6.131e-5,4.055e-5,7.817e-6,6.726e-6,5.616e-6
Y,197450,986.9,299.5,295.3,56.5,13.3,5.7,0,0000
T,2014,09,15,15,35,33
B,54703,7445,22,689,33371,1595,31,690,986.9,299.5
G,654069,51647,14,689,386085,9079,15,690,986.9,299.5
R,261805,21228,919,689,155638,6866,873,690,986.9,299.5
D,NBXX,9999,8.082e-5,6.153e-5,4.001e-5,8.022e-6,6.435e-6,5.584e-6
Y,197226,986.9,299.5,295.3,56.9,13.3,5.7,0,0000
T,2014,09,15,15,36,33
B,55063,7385,16,689,33294,1566,18,689,986.9,299.5
G,656559,51720,16,689,386254,9162,21,689,986.9,299.5
R,261077,20984,886,689,155277,6820,871,689,986.9,299.5
D,NBXX,9999,7.953e-5,6.133e-5,3.955e-5,7.803e-6,6.513e-6,5.633e-6
Y,197979,986.9,299.5,295.3,56.7,13.3,5.7,0,0000
T,2014,09,15,15,37,33
B,55036,7300,35,690,33209,1569,20,689,986.9,299.5
G,654655,51629,22,690,385524,9336,6,689,986.9,299.5
R,262282,21372,897,690,155121,6872,880,689,986.9,299.5
D,NBXX,9999,7.798e-5,6.143e-5,4.039e-5,7.532e-6,6.852e-6,5.679e-6
Y,197116,986.9,299.5,295.3,56.7,13.3,5.7,0,0000
T,2014,09,15,15,38,33
B,55163,7295,21,689,33559,1510,24,690,986.9,299.5
G,653540,51583,17,689,384681,9204,17,690,986.9,299.5
R,262075,21602,838,689,154738,6918,902,690,986.9,299.5
D,NBXX,9999,7.782e-5,6.148e-5,4.126e-5,6.716e-6,6.626e-6,5.908e-6
Y,197065,986.9,299.5,295.3,56.9,13.3,5.8,0,0000
T,2014,09,15,15,39,33
B,55151,7531,19,690,33487,1506,27,689,986.8,299.5
G,656720,52462,10,690,385491,9059,27,689,986.8,299.5
R,262009,21407,898,690,155027,6731,888,689,986.8,299.5
D,NBXX,9999,8.131e-5,6.242e-5,4.055e-5,6.708e-6,6.375e-6,5.249e-6
Y,197740,986.8,299.5,295.3,57.0,13.3,5.7,0,0000
T,2014,09,15,15,40,33
B,55039,7398,23,689,33287,1602,17,690,986.8,299.5
G,655426,51748,24,689,387492,9082,14,690,986.8,299.5
R,261949,21108,810,689,156639,6878,898,690,986.8,299.5
D,NBXX,9999,7.967e-5,6.150e-5,3.994e-5,8.208e-6,6.395e-6,5.920e-6
Y,197636,986.8,299.5,295.3,57.2,13.3,5.7,0,0000
T,2014,09,15,15,41,33
B,54930,7321,28,690,33540,1511,30,689,986.8,299.5
G,655469,51877,20,690,386732,9016,16,689,986.8,299.5
R,262865,21405,866,690,155571,6826,893,689,986.8,299.5
D,NBXX,9999,7.844e-5,6.169e-5,4.044e-5,6.662e-6,6.338e-6,5.584e-6
Y,197362,986.8,299.5,295.3,57.2,13.3,5.7,0,0000
T,2014,09,15,15,42,33
B,55316,7299,27,689,33508,1526,21,690,986.8,299.5
G,655959,51841,25,689,385945,9044,16,690,986.8,299.5
R,261787,21483,883,689,155905,6989,891,690,986.8,299.5
D,NBXX,9999,7.754e-5,6.157e-5,4.088e-5,6.840e-6,6.322e-6,6.033e-6
Y,197798,986.8,299.5,295.3,57.0,13.3,5.7,0,0000
T,2014,09,15,15,43,33
B,55393,7458,19,690,33195,1504,23,689,986.8,299.5
G,655768,51963,11,690,386117,8916,13,689,986.8,299.5
R,261626,21254,906,690,155288,6986,880,689,986.8,299.5
D,NBXX,9999,7.982e-5,6.181e-5,4.017e-5,6.653e-6,6.202e-6,6.043e-6
Y,197452,986.8,299.5,295.3,57.0,13.3,5.7,0,0000
T,2014,09,15,15,44,33
B,54885,7337,31,689,33337,1558,22,690,986.8,299.5
G,655492,51020,9,689,386442,9018,22,690,986.8,299.5
R,262012,21321,900,689,155426,6828,863,690,986.8,299.5
D,NBXX,9999,7.885e-5,6.041e-5,4.038e-5,7.398e-6,6.310e-6,5.573e-6
Y,197656,986.8,299.5,295.3,56.9,13.3,5.7,0,0000
T,2014,09,15,15,45,33
B,55313,7526,25,690,33292,1582,16,689,986.8,299.5
G,654027,51960,11,690,388631,9241,23,689,986.8,299.5
R,263398,21461,886,690,154591,6688,832,689,986.8,299.5
D,NBXX,9999,8.100e-5,6.200e-5,4.064e-5,7.850e-6,6.711e-6,5.283e-6
Y,196926,986.8,299.5,295.3,57.2,13.3,5.7,0,0000
T,2014,09,15,15,46,33
B,54836,7162,23,689,33259,1594,31,689,986.8,299.5
G,654195,50743,15,689,386025,9175,12,689,986.8,299.5
R,261181,20932,858,689,154941,6969,894,689,986.8,299.5
D,NBXX,9999,7.634e-5,6.015e-5,3.942e-5,7.968e-6,6.600e-6,6.110e-6
Y,197264,986.8,299.5,295.3,56.7,13.3,5.7,0,0000
T,2014,09,15,15,47,33
B,54640,7097,23,689,33421,1515,18,690,986.8,299.5
G,654939,51325,20,689,386940,9180,19,690,986.8,299.5
R,263053,21230,833,689,155285,6748,865,690,986.8,299.5
D,NBXX,9999,7.596e-5,6.092e-5,4.009e-5,7.065e-6,6.551e-6,5.502e-6
Y,197489,986.8,299.5,295.3,56.7,13.3,5.7,0,0000
T,2014,09,15,15,48,33
B,55551,7312,20,690,33607,1514,18,689,986.8,299.5
G,654716,51678,21,690,386400,9276,17,689,986.8,299.5
R,262271,21449,811,690,154745,6911,933,689,986.8,299.5
D,NBXX,9999,7.744e-5,6.148e-5,4.076e-5,6.806e-6,6.743e-6,5.927e-6
Y,197134,986.8,299.5,295.3,56.9,13.3,5.7,0,0000
T,2014,09,15,15,49,33
B,55196,7156,33,689,33534,1553,31,690,986.8,299.5
G,655049,51133,15,689,387785,9165,26,690,986.8,299.5
R,261850,20829,868,689,156052,6770,865,690,986.8,299.5
D,NBXX,9999,7.539e-5,6.061e-5,3.903e-5,7.012e-6,6.523e-6,5.512e-6
Y,197522,986.8,299.5,295.3,57.0,13.3,5.7,0,0000
T,2014,09,15,15,50,33
B,54997,7230,25,690,33317,1573,19,689,986.8,299.5
G,655675,50486,18,690,385812,9129,17,689,986.8,299.5
R,261813,20958,914,690,154951,6789,875,689,986.8,299.5
D,NBXX,9999,7.720e-5,5.958e-5,3.922e-5,7.795e-6,6.506e-6,5.425e-6
Y,197424,986.8,299.5,295.3,56.5,13.3,5.7,0,0000
T,2014,09,15,15,51,33
B,55099,7399,28,689,33416,1439,10,690,986.8,299.5
G,656119,51453,34,689,385676,9141,9,690,986.8,299.5
R,261240,21246,846,689,154996,6849,894,690,986.8,299.5
D,NBXX,9999,7.960e-5,6.097e-5,4.040e-5,5.813e-6,6.461e-6,5.760e-6
Y,197846,986.8,299.5,295.3,56.9,13.3,5.7,0,0000
T,2014,09,15,15,52,33
B,55213,7279,20,690,33356,1604,24,689,986.8,299.5
G,652879,52119,19,690,384386,9360,26,689,986.8,299.5
R,262231,21294,843,690,154371,6839,841,689,986.8,299.5
D,NBXX,9999,7.751e-5,6.236e-5,4.051e-5,8.165e-6,6.897e-6,5.922e-6
Y,196579,986.8,299.5,295.3,57.3,13.3,5.7,0,0000
T,2014,09,15,15,53,33
B,55072,7426,37,689,33110,1566,33,690,986.8,299.5
G,654468,51608,12,689,388094,9189,22,690,986.8,299.5
R,262612,21185,879,689,156104,6826,924,690,986.8,299.5
D,NBXX,9999,7.952e-5,6.141e-5,3.969e-5,7.150e-6,6.583e-6,5.394e-6
Y,197346,986.8,299.5,295.3,57.2,13.3,5.7,0,0000
T,2014,09,15,15,54,33
B,55298,7444,27,690,33427,1512,36,689,986.8,299.4
G,654732,52503,17,690,385957,9095,23,689,986.8,299.4
R,260967,21704,898,690,155094,6951,902,689,986.8,299.4
D,NBXX,9999,7.946e-5,6.272e-5,4.164e-5,6.449e-6,6.466e-6,5.925e-6
Y,197139,986.8,299.4,295.3,57.3,13.3,5.7,0,0000
T,2014,09,15,15,55,33
B,54588,7250,19,689,33558,1548,32,690,986.8,299.4
G,656400,51108,21,689,387158,8990,14,690,986.8,299.4
R,261665,21528,843,689,155768,6759,827,690,986.8,299.4
D,NBXX,9999,7.818e-5,6.043e-5,4.140e-5,7.404e-6,6.242e-6,5.710e-6
Y,197931,986.8,299.4,295.3,57.7,13.3,5.8,0,0000
T,2014,09,15,15,56,33
B,54692,7430,17,689,33300,1515,30,689,986.8,299.5
G,653036,52241,33,689,386745,9152,20,689,986.8,299.5
R,261211,21650,856,689,154354,6804,893,689,986.8,299.5
D,NBXX,9999,8.072e-5,6.251e-5,4.160e-5,6.973e-6,6.544e-6,5.619e-6
Y,196913,986.8,299.5,295.3,57.7,13.3,5.7,0,0000
T,2014,09,15,15,57,33
B,55303,7291,32,690,33297,1554,36,689,986.7,299.5
G,655281,52162,16,690,385726,9153,27,689,986.7,299.5
R,263053,21578,888,690,155109,6896,882,689,986.7,299.5
D,NBXX,9999,7.711e-5,6.213e-5,4.089e-5,6.981e-6,6.536e-6,5.747e-6
Y,197305,986.7,299.5,295.3,57.8,13.3,5.7,0,0000
T,2014,09,15,15,58,33
B,55066,7333,27,689,33708,1503,24,690,986.7,299.5
G,653583,51846,24,689,386545,9029,30,690,986.7,299.5
R,261696,21361,893,689,155435,6688,874,690,986.7,299.5
D,NBXX,9999,7.847e-5,6.184e-5,4.055e-5,6.548e-6,6.326e-6,5.153e-6
Y,197078,986.7,299.5,295.3,57.7,13.3,5.8,0,0000
T,2014,09,15,15,59,33
B,55012,7291,17,690,33177,1521,30,689,986.7,299.5
G,655065,50998,26,690,384953,9009,31,689,986.7,299.5
R,261587,21284,806,690,154476,6863,906,689,986.7,299.5
D,NBXX,9999,7.802e-5,6.038e-5,4.053e-5,6.967e-6,6.299e-6,5.933e-6
Y,197240,986.7,299.5,295.3,57.5,13.3,5.7,0,0000
T,2014,09,15,16,00,33
B,55390,7317,28,689,33773,1488,26,690,986.7,299.5
G,655980,51384,17,689,387956,9036,21,690,986.7,299.5
R,261841,21678,919,689,155108,6782,883,690,986.7,299.5
D,NBXX,9999,7.756e-5,6.089e-5,4.136e-5,6.152e-6,6.315e-6,5.306e-6
Y,197804,986.7,299.5,295.3,57.3,13.3,5.7,0,0000
T,2014,09,15,16,01,33
B,55228,7232,21,690,33440,1493,24,689,986.7,299.5
G,653920,51785,16,690,385850,9189,22,689,986.7,299.5
R,262702,21210,897,690,155014,6955,919,689,986.7,299.5
D,NBXX,9999,7.677e-5,6.174e-5,3.970e-5,6.503e-6,6.628e-6,5.783e-6
Y,196894,986.7,299.5,295.3,57.7,13.3,5.7,0,0000
T,2014,09,15,16,02,33
B,55062,7258,20,689,33284,1542,29,690,986.7,299.5
G,654504,51725,26,689,386069,9021,19,690,986.7,299.5
R,261682,20997,863,689,155160,6834,878,690,986.7,299.5
D,NBXX,9999,7.741e-5,6.157e-5,3.954e-5,7.159e-6,6.310e-6,5.686e-6
Y,197357,986.7,299.5,295.3,57.5,13.3,5.7,0,0000
T,2014,09,15,16,03,33
B,55232,7327,19,690,33270,1542,29,689,986.7,299.5
G,656043,50475,10,690,385332,9066,21,689,986.7,299.5
R,262427,21304,936,690,154598,6876,835,689,986.7,299.5
D,NBXX,9999,7.811e-5,5.953e-5,4.020e-5,7.174e-6,6.410e-6,5.718e-6
Y,197535,986.7,299.5,295.4,57.3,13.3,5.7,0,0000
