T,2014,09,04,00,03,04
B,262907,15974,138,3448,159457,5815,151,3447,980.9,301.5
G,3136349,97745,135,3448,1849208,30048,130,3447,980.9,301.5
R,1282485,59459,6089,3448,759514,31492,6132,3447,980.9,301.5
D,NBXX,9999,1.967e-5,1.444e-5,1.010e-5,2.360e-6,2.235e-6,1.846e-6
Y,188949,980.9,301.5,297.2,70.8,13.1,5.7,0,0000
T,2014,09,04,00,08,04
B,263530,15032,131,3447,159922,5576,139,3447,980.9,301.4
G,3134265,92018,121,3447,1849296,29391,109,3447,980.9,301.4
R,1282931,57481,6148,3447,758301,30736,6004,3447,980.9,301.4
D,NBXX,9999,1.671e-5,1.267e-5,8.919e-6,1.644e-6,2.044e-6,1.420e-6
Y,188878,980.9,301.4,297.1,71.1,13.1,5.7,0,0000
T,2014,09,04,00,13,04
B,263297,15229,147,3447,159925,5466,176,3448,980.9,301.4
G,3132301,91781,122,3447,1852667,29201,145,3448,980.9,301.4
R,1281246,56925,6128,3447,758504,31157,6183,3448,980.9,301.4
D,NBXX,9999,1.718e-5,1.260e-5,8.498e-6,1.124e-6,1.974e-6,1.575e-6
Y,188759,980.9,301.4,297.1,71.0,13.1,5.7,0,0000
T,2014,09,04,00,18,04
B,263328,15062,175,3447,159245,5468,158,3447,980.8,301.4
G,3128001,92588,133,3447,1846174,29661,130,3447,980.8,301.4
R,1278631,56856,5911,3447,756909,31315,6065,3447,980.8,301.4
D,NBXX,9999,1.662e-5,1.292e-5,8.748e-6,1.097e-6,2.149e-6,1.940e-6
Y,188499,980.8,301.4,297.1,70.3,13.1,5.7,0,0000
T,2014,09,04,00,23,04
B,262710,15566,149,3448,159952,5615,163,3447,980.8,301.4
G,3131829,94920,117,3448,1852033,29687,124,3447,980.8,301.4
R,1280101,58368,6017,3448,759658,30893,5879,3447,980.8,301.4
D,NBXX,9999,1.836e-5,1.363e-5,9.710e-6,1.670e-6,2.156e-6,1.729e-6
Y,188676,980.8,301.4,297.1,70.5,13.1,5.7,0,0000
T,2014,09,04,00,28,04
B,263407,15342,157,3447,158971,5694,145,3447,980.7,301.4
G,3133739,92419,103,3447,1848427,29378,92,3447,980.7,301.4
R,1279466,57122,5954,3447,758194,31310,5972,3447,980.7,301.4
D,NBXX,9999,1.758e-5,1.284e-5,8.931e-6,1.902e-6,2.068e-6,1.966e-6
Y,188846,980.7,301.4,297.1,70.8,13.1,5.7,0,0000
T,2014,09,04,00,33,04
B,264387,15134,157,3447,159617,5637,131,3448,980.7,301.4
G,3136832,92055,118,3447,1848045,29024,125,3448,980.7,301.4
R,1279007,57090,6040,3447,758846,31037,5839,3448,980.7,301.4
D,NBXX,9999,1.682e-5,1.268e-5,8.956e-6,1.710e-6,1.927e-6,1.830e-6
Y,189033,980.7,301.4,297.1,70.6,13.1,5.7,0,0000
T,2014,09,04,00,38,04
B,264400,16839,177,3447,159624,5672,156,3447,980.8,301.4
G,3135856,106089,168,3447,1847912,31368,112,3447,980.8,301.4
R,1283265,63839,5961,3447,757794,31824,5935,3447,980.8,301.4
D,NBXX,9999,2.191e-5,1.709e-5,1.302e-5,1.661e-6,2.657e-6,2.273e-6
Y,188974,980.8,301.4,297.1,71.0,13.1,5.7,0,0000
T,2014,09,04,00,43,04
B,263690,17219,162,3448,159897,5839,151,3447,980.8,301.4
G,3135012,110282,113,3448,1853506,31783,107,3447,980.8,301.4
R,1281082,64375,5971,3448,758154,31827,5912,3447,980.8,301.4
D,NBXX,9999,2.329e-5,1.845e-5,1.341e-5,2.298e-6,2.815e-6,2.308e-6
Y,188868,980.8,301.4,297.1,71.1,13.1,5.7,0,0000
T,2014,09,04,00,48,04
B,262780,17082,137,3447,159430,5818,140,3447,980.9,301.4
G,3131350,108425,143,3447,1848243,31370,90,3447,980.9,301.4
R,1278502,63429,5722,3447,756538,31407,5962,3447,980.9,301.4
D,NBXX,9999,2.317e-5,1.787e-5,1.303e-5,2.415e-6,2.675e-6,2.209e-6
Y,188702,980.9,301.4,297.0,71.6,13.0,5.7,0,0000
T,2014,09,04,00,53,04
B,261868,17250,141,3447,159562,5948,165,3448,980.9,301.4
G,3127616,108843,135,3447,1842357,31572,105,3448,980.9,301.4
R,1275411,63261,5919,3447,758655,31696,5892,3448,980.9,301.4
D,NBXX,9999,2.377e-5,1.804e-5,1.291e-5,2.769e-6,2.745e-6,2.319e-6
Y,188476,980.9,301.4,297.0,71.8,13.1,5.7,0,0000
T,2014,09,04,00,58,04
B,263414,17441,152,3447,158731,5923,137,3447,980.9,301.3
G,3130321,110560,141,3447,1847016,31719,122,3447,980.9,301.3
R,1279006,63430,5968,3447,757593,31502,5906,3447,980.9,301.3
D,NBXX,9999,2.411e-5,1.854e-5,1.288e-5,2.656e-6,2.778e-6,2.127e-6
Y,188640,980.9,301.3,297.0,71.9,13.1,5.7,0,0000
T,2014,09,04,01,03,04
B,263557,17432,158,3448,159364,5916,166,3447,980.9,301.3
G,3133921,110915,141,3448,1844834,31708,100,3447,980.9,301.3
R,1281701,63668,6001,3448,756555,31543,5869,3447,980.9,301.3
D,NBXX,9999,2.393e-5,1.862e-5,1.297e-5,2.505e-6,2.774e-6,2.136e-6
Y,188802,980.9,301.3,297.0,72.1,13.1,5.7,0,0000
T,2014,09,04,01,08,04
B,263284,17865,164,3447,159891,5824,127,3447,980.9,301.3
G,3135882,111918,126,3447,1847726,31417,118,3447,980.9,301.3
R,1281220,63408,5922,3447,759825,31827,5847,3447,980.9,301.3
D,NBXX,9999,2.544e-5,1.892e-5,1.289e-5,2.351e-6,2.672e-6,2.384e-6
Y,188976,980.9,301.3,297.0,72.1,13.1,5.7,0,0000
T,2014,09,04,01,13,04
B,263610,17988,164,3447,158363,6058,137,3448,980.9,301.3
G,3134411,113816,99,3447,1842955,31963,121,3448,980.9,301.3
R,1280556,63562,5779,3447,755324,31590,5964,3448,980.9,301.3
D,NBXX,9999,2.572e-5,1.954e-5,1.302e-5,3.012e-6,2.854e-6,2.258e-6
Y,188887,980.9,301.3,297.0,72.1,13.1,5.7,0,0000
T,2014,09,04,01,18,04
B,262492,18509,203,3447,159777,5957,142,3447,981.0,301.3
G,3134008,117414,102,3447,1847845,32529,137,3447,981.0,301.3
R,1278609,64939,5944,3447,757703,32094,5860,3447,981.0,301.3
D,NBXX,9999,2.741e-5,2.067e-5,1.388e-5,2.621e-6,3.030e-6,2.548e-6
Y,188863,981.0,301.3,297.0,72.1,13.1,5.7,0,0000
T,2014,09,04,01,23,04
B,264055,18869,147,3448,160137,6114,159,3447,981.0,301.3
G,3136273,120094,100,3448,1847374,32729,97,3447,981.0,301.3
R,1280486,65833,5848,3448,758497,32213,5931,3447,981.0,301.3
D,NBXX,9999,2.833e-5,2.150e-5,1.440e-5,3.147e-6,3.104e-6,2.627e-6
Y,188945,981.0,301.3,297.0,72.4,13.1,5.7,0,0000
T,2014,09,04,01,28,04
B,263023,19932,149,3447,160441,6045,152,3447,981.0,301.3
G,3134086,126368,124,3447,1851176,33092,133,3447,981.0,301.3
R,1278052,67593,5811,3447,757623,32220,5678,3447,981.0,301.3
D,NBXX,9999,3.186e-5,2.348e-5,1.577e-5,3.016e-6,3.200e-6,2.858e-6
Y,188867,981.0,301.3,297.0,72.4,13.1,5.7,0,0000
T,2014,09,04,01,33,04
B,262400,20092,143,3447,159457,6251,153,3448,981.0,301.3
G,3136527,130603,135,3447,1848367,33724,97,3448,981.0,301.3
R,1279387,68446,5899,3447,757867,32382,5658,3448,981.0,301.3
D,NBXX,9999,3.252e-5,2.479e-5,1.621e-5,3.709e-6,3.397e-6,2.893e-6
Y,189015,981.0,301.3,297.0,72.6,13.1,5.7,0,0000
T,2014,09,04,02,58,04
B,263697,25079,140,3447,159974,6527,160,3448,980.7,301.3
G,3146828,162103,128,3447,1856291,37056,115,3448,980.7,301.3
R,1285094,78036,5722,3447,760122,33890,5822,3448,980.7,301.3
D,NBXX,9999,4.760e-5,3.456e-5,2.199e-5,4.457e-6,4.417e-6,3.780e-6
Y,189638,980.7,301.3,297.0,72.6,13.1,5.7,0,0000
T,2014,09,04,03,03,04
B,262646,25076,177,3447,159304,6667,159,3447,980.7,301.3
G,3144840,164923,113,3447,1854147,36929,163,3447,980.7,301.3
R,1286096,78803,5740,3447,759846,34170,5549,3447,980.7,301.3
D,NBXX,9999,4.777e-5,3.547e-5,2.261e-5,4.843e-6,4.376e-6,4.130e-6
Y,189518,980.7,301.3,297.0,72.6,13.1,5.7,0,0000
T,2014,09,04,03,08,04
B,264707,25116,160,3448,160251,6616,145,3447,980.7,301.3
G,3143443,166153,103,3448,1853558,37184,140,3447,980.7,301.3
R,1284841,79394,5862,3448,761092,34303,5676,3447,980.7,301.3
D,NBXX,9999,4.740e-5,3.589e-5,2.283e-5,4.651e-6,4.476e-6,4.051e-6
Y,189378,980.7,301.3,297.0,72.4,13.1,5.7,0,0000
T,2014,09,04,03,13,04
B,263825,25832,155,3447,159845,6692,130,3447,980.7,301.3
G,3145621,167634,110,3447,1853717,37646,128,3447,980.7,301.3
R,1286375,80264,5740,3447,761702,33945,5790,3447,980.7,301.3
D,NBXX,9999,4.993e-5,3.632e-5,2.333e-5,5.016e-6,4.612e-6,3.816e-6
Y,189565,980.7,301.3,297.1,72.4,13.1,5.7,0,0000
T,2014,09,04,03,18,04
B,264054,25622,154,3447,159555,6738,136,3448,980.7,301.4
G,3144665,168054,120,3447,1856311,37605,133,3448,980.7,301.4
R,1284730,79982,5654,3447,761165,33865,5705,3448,980.7,301.4
D,NBXX,9999,4.920e-5,3.646e-5,2.333e-5,5.117e-6,4.594e-6,3.900e-6
Y,189507,980.7,301.4,297.1,72.3,13.1,5.7,0,0000
T,2014,09,04,03,23,04
B,263358,25947,177,3447,159965,6676,147,3447,980.7,301.4
G,3141562,169070,129,3447,1854139,37998,125,3447,980.7,301.4
R,1283214,80197,5801,3447,760882,34281,5674,3447,980.7,301.4
D,NBXX,9999,5.029e-5,3.684e-5,2.343e-5,4.862e-6,4.732e-6,4.094e-6
Y,189320,980.7,301.4,297.1,72.1,13.1,5.7,0,0000
T,2014,09,04,03,28,04
B,264674,26114,144,3448,158516,6797,157,3447,980.8,301.4
G,3144578,172506,154,3448,1853905,38364,113,3447,980.8,301.4
R,1287326,81103,5817,3448,761074,33982,5662,3447,980.8,301.4
D,NBXX,9999,5.049e-5,3.786e-5,2.385e-5,5.225e-6,4.834e-6,3.871e-6
Y,189447,980.8,301.4,297.1,72.1,13.1,5.7,0,0000
T,2014,09,04,03,33,04
B,264623,26757,157,3447,160390,6611,176,3447,980.8,301.4
G,3145409,175662,113,3447,1854828,39494,100,3447,980.8,301.4
R,1285910,82230,5812,3447,761172,34595,5791,3447,980.8,301.4
D,NBXX,9999,5.238e-5,3.885e-5,2.450e-5,4.536e-6,5.202e-6,4.169e-6
Y,189552,980.8,301.4,297.1,72.1,13.1,5.7,0,0000
T,2014,09,04,03,38,04
B,264460,28045,147,3447,160706,6923,123,3448,980.8,301.3
G,3144996,180729,150,3447,1857945,40063,119,3448,980.8,301.3
R,1286238,84345,5772,3447,760611,34966,5868,3448,980.8,301.3
D,NBXX,9999,5.661e-5,4.043e-5,2.577e-5,5.727e-6,5.358e-6,4.363e-6
Y,189527,980.8,301.3,297.0,72.3,13.1,5.7,0,0000
T,2014,09,04,03,43,04
B,264123,28443,138,3447,160612,7146,133,3447,980.7,301.3
G,3148302,185846,86,3447,1854963,40368,74,3447,980.7,301.3
R,1286247,85437,5780,3447,761834,35265,5917,3447,980.7,301.3
D,NBXX,9999,5.794e-5,4.202e-5,2.640e-5,6.443e-6,5.484e-6,4.511e-6
Y,189727,980.7,301.3,297.0,72.3,13.1,5.7,0,0000
T,2014,09,04,03,48,04
B,265049,28269,152,3448,159841,7019,150,3447,980.7,301.3
G,3144723,185442,137,3448,1857003,40571,119,3447,980.7,301.3
R,1283661,85479,5742,3448,760392,35102,5763,3447,980.7,301.3
D,NBXX,9999,5.700e-5,4.192e-5,2.665e-5,5.875e-6,5.530e-6,4.580e-6
Y,189456,980.7,301.3,297.0,72.3,13.0,5.7,0,0000
T,2014,09,04,03,53,04
B,263634,28549,144,3447,159788,7227,138,3447,980.7,301.3
G,3143745,185871,115,3447,1851923,40544,115,3447,980.7,301.3
R,1283913,84687,5747,3447,759014,35334,5608,3447,980.7,301.3
D,NBXX,9999,5.839e-5,4.208e-5,2.626e-5,6.693e-6,5.532e-6,4.824e-6
Y,189452,980.7,301.3,297.0,72.3,13.1,5.7,0,0000
T,2014,09,04,03,58,04
B,264385,28667,122,3447,160027,7083,155,3448,980.8,301.3
G,3143339,187474,112,3447,1857062,40573,122,3448,980.8,301.3
R,1286588,86065,5899,3447,764011,34613,5741,3448,980.8,301.3
D,NBXX,9999,5.853e-5,4.259e-5,2.682e-5,6.201e-6,5.537e-6,4.142e-6
Y,189427,980.8,301.3,297.0,72.3,13.1,5.7,0,0000
T,2014,09,04,04,03,04
B,263487,28506,166,3447,160088,7137,156,3447,980.8,301.3
G,3145633,188189,126,3447,1851339,41169,122,3447,980.8,301.3
R,1286576,87140,5582,3447,760177,35592,5705,3447,980.8,301.3
D,NBXX,9999,5.817e-5,4.277e-5,2.773e-5,6.284e-6,5.714e-6,5.003e-6
Y,189566,980.8,301.3,297.0,72.4,13.1,5.7,0,0000
T,2014,09,04,04,08,04
B,263843,28180,136,3448,159674,6996,155,3447,980.9,301.3
G,3140125,186143,160,3448,1851467,39666,102,3447,980.9,301.3
R,1285134,85720,5697,3448,760109,34920,5633,3447,980.9,301.3
D,NBXX,9999,5.715e-5,4.220e-5,2.688e-5,5.937e-6,5.249e-6,4.578e-6
Y,189178,980.9,301.3,296.9,72.3,13.1,5.7,0,0000
T,2014,09,04,04,13,04
B,263573,27770,161,3447,160322,6758,169,3447,980.8,301.2
G,3141632,183970,101,3447,1851251,39220,111,3447,980.8,301.2
R,1283944,84173,5866,3447,759542,34565,5833,3447,980.8,301.2
D,NBXX,9999,5.584e-5,4.150e-5,2.570e-5,5.078e-6,5.118e-6,4.102e-6
Y,189324,980.8,301.2,296.9,72.1,13.1,5.7,0,0000
T,2014,09,04,04,18,04
B,263557,27630,167,3447,159707,6908,128,3447,980.7,301.2
G,3142556,181588,151,3447,1853212,38882,91,3447,980.7,301.2
R,1284489,84177,5568,3447,759500,34499,5699,3447,980.7,301.2
D,NBXX,9999,5.553e-5,4.073e-5,2.599e-5,5.667e-6,4.997e-6,4.365e-6
Y,189380,980.7,301.2,296.9,72.3,13.1,5.7,0,0000
T,2014,09,04,04,23,04
B,262955,27252,139,3447,160173,6656,143,3448,980.7,301.2
G,3144522,178443,131,3447,1858311,38504,125,3448,980.7,301.2
R,1285134,83322,5684,3447,760746,34557,5580,3448,980.7,301.2
D,NBXX,9999,5.460e-5,3.970e-5,2.545e-5,4.974e-6,4.862e-6,4.391e-6
Y,189499,980.7,301.2,296.9,72.3,13.1,5.7,0,0000
T,2014,09,04,04,28,04
B,264641,27486,186,3447,159648,6795,123,3447,980.7,301.2
G,3141109,180871,127,3447,1850439,38635,99,3447,980.7,301.2
R,1284824,83555,5688,3447,759656,34304,5576,3447,980.7,301.2
D,NBXX,9999,5.470e-5,4.054e-5,2.560e-5,5.187e-6,4.931e-6,4.243e-6
Y,189292,980.7,301.2,296.9,72.3,13.1,5.7,0,0000
T,2014,09,04,04,33,04
B,263158,26974,155,3448,160214,6708,153,3447,980.7,301.2
G,3141427,179223,138,3448,1851697,38157,124,3447,980.7,301.2
R,1281910,83085,5686,3448,757912,34320,5770,3447,980.7,301.2
D,NBXX,9999,5.359e-5,4.000e-5,2.527e-5,5.039e-6,4.769e-6,4.150e-6
Y,189256,980.7,301.2,296.9,72.3,13.1,5.7,0,0000
T,2014,09,04,04,38,04
B,263804,27332,142,3447,160371,6657,155,3447,980.7,301.1
G,3143616,180866,120,3447,1856487,38728,93,3447,980.7,301.1
R,1282715,84383,5641,3447,761504,34140,5654,3447,980.7,301.1
D,NBXX,9999,5.450e-5,4.049e-5,2.616e-5,4.853e-6,4.955e-6,4.141e-6
Y,189444,980.7,301.1,296.8,72.4,13.1,5.7,0,0000
T,2014,09,04,04,43,04
B,263805,27182,140,3447,159310,6642,131,3448,980.6,301.1
G,3139614,179733,99,3447,1855878,38093,113,3448,980.6,301.1
R,1285217,82834,5669,3447,760467,33951,5594,3448,980.6,301.1
D,NBXX,9999,5.413e-5,4.021e-5,2.514e-5,4.894e-6,4.768e-6,4.017e-6
Y,189202,980.6,301.1,296.8,72.4,13.1,5.7,0,0000
T,2014,09,04,04,48,04
B,263086,26527,163,3447,160261,6676,126,3447,980.6,301.1
G,3143179,174302,129,3447,1846859,37795,96,3447,980.6,301.1
R,1282585,81393,5593,3447,754781,33926,5590,3447,980.6,301.1
D,NBXX,9999,5.227e-5,3.843e-5,2.440e-5,4.993e-6,4.659e-6,4.091e-6
Y,189417,980.6,301.1,296.9,72.4,13.1,5.7,0,0000
T,2014,09,04,04,53,04
B,264372,26335,149,3448,159637,6586,175,3447,980.6,301.2
G,3139619,174210,119,3448,1855622,37682,106,3447,980.6,301.2
R,1281775,81412,5784,3448,758718,34017,5586,3447,980.6,301.2
D,NBXX,9999,5.118e-5,3.847e-5,2.430e-5,4.516e-6,4.640e-6,4.026e-6
Y,189147,980.6,301.2,296.9,72.4,13.1,5.7,0,0000
T,2014,09,04,04,58,04
B,264271,26176,142,3447,159335,6645,138,3447,980.7,301.2
G,3138341,172343,93,3447,1854780,37740,112,3447,980.7,301.2
R,1281717,81306,5639,3447,758911,33889,5555,3447,980.7,301.2
D,NBXX,9999,5.088e-5,3.791e-5,2.436e-5,4.856e-6,4.667e-6,4.069e-6
Y,189125,980.7,301.2,296.9,72.1,13.1,5.7,0,0000
T,2014,09,04,05,03,04
B,263158,26190,182,3447,160635,6609,162,3448,980.7,301.2
G,3144555,170895,105,3447,1857244,37288,101,3448,980.7,301.2
R,1283516,79763,5626,3447,760266,33472,5602,3448,980.7,301.2
D,NBXX,9999,5.103e-5,3.735e-5,2.333e-5,4.592e-6,4.498e-6,3.764e-6
Y,189501,980.7,301.2,297.0,72.1,13.1,5.7,0,0000
T,2014,09,04,05,08,04
B,264287,26016,144,3447,159236,6540,120,3447,980.7,301.2
G,3141444,171088,96,3447,1851745,37402,103,3447,980.7,301.2
R,1285292,80569,5511,3447,758695,34006,5672,3447,980.7,301.2
D,NBXX,9999,5.044e-5,3.746e-5,2.380e-5,4.588e-6,4.552e-6,4.113e-6
Y,189312,980.7,301.2,297.0,72.1,13.1,5.7,0,0000
T,2014,09,04,05,13,04
B,264214,26451,148,3448,160409,6647,168,3447,980.6,301.2
G,3142648,172570,112,3448,1855197,37775,99,3447,980.6,301.2
R,1282384,81158,5512,3448,758481,33820,5595,3447,980.6,301.2
D,NBXX,9999,5.162e-5,3.790e-5,2.431e-5,4.744e-6,4.663e-6,4.087e-6
Y,189330,980.6,301.2,297.0,71.9,13.1,5.7,0,0000
T,2014,09,04,05,18,04
B,264199,26675,164,3447,159371,6521,151,3447,980.7,301.2
G,3143688,173204,140,3447,1850600,37531,109,3447,980.7,301.2
R,1281758,80944,5757,3447,759476,33761,5555,3447,980.7,301.2
D,NBXX,9999,5.232e-5,3.807e-5,2.405e-5,4.354e-6,4.566e-6,3.904e-6
Y,189448,980.7,301.2,297.0,71.8,13.1,5.7,0,0000
T,2014,09,04,05,23,04
B,264037,26404,136,3447,159966,6524,134,3448,980.7,301.2
G,3140995,173991,84,3447,1853420,37498,95,3448,980.7,301.2
R,1283095,81215,5636,3447,759322,33645,5720,3448,980.7,301.2
D,NBXX,9999,5.169e-5,3.839e-5,2.415e-5,4.530e-6,4.587e-6,3.783e-6
Y,189285,980.7,301.2,296.9,71.6,13.1,5.7,0,0000
T,2014,09,04,05,28,04
B,262752,26710,143,3447,159810,6607,147,3447,980.7,301.2
G,3143182,173194,140,3447,1851355,37481,111,3447,980.7,301.2
R,1282044,80985,5520,3447,758420,33384,5713,3447,980.7,301.2
D,NBXX,9999,5.296e-5,3.808e-5,2.413e-5,4.815e-6,4.551e-6,3.725e-6
Y,189418,980.7,301.2,296.9,71.8,13.1,5.7,0,0000
T,2014,09,04,05,33,04
B,262663,26413,129,3448,159350,6701,144,3447,980.7,301.2
G,3144616,173093,102,3448,1851808,37422,87,3447,980.7,301.2
R,1283872,80399,5697,3448,758482,33809,5699,3447,980.7,301.2
D,NBXX,9999,5.213e-5,3.804e-5,2.359e-5,5.180e-6,4.553e-6,3.858e-6
Y,189449,980.7,301.2,296.9,71.8,13.1,5.7,0,0000
T,2014,09,04,05,38,04
B,263456,26452,145,3447,159795,6600,115,3447,980.7,301.2
G,3137416,171629,117,3447,1852436,37371,111,3447,980.7,301.2
R,1282717,80234,5480,3447,758827,33459,5532,3447,980.7,301.2
D,NBXX,9999,5.205e-5,3.769e-5,2.380e-5,4.849e-6,4.546e-6,3.924e-6
Y,189069,980.7,301.2,296.9,71.8,13.1,5.7,0,0000
T,2014,09,04,05,43,04
B,263470,26572,164,3447,159662,6717,143,3448,980.7,301.2
G,3142870,174070,138,3447,1849078,37620,100,3448,980.7,301.2
R,1282641,80843,5624,3447,758875,34185,5515,3448,980.7,301.2
D,NBXX,9999,5.225e-5,3.836e-5,2.409e-5,5.035e-6,4.597e-6,4.277e-6
Y,189399,980.7,301.2,296.9,71.8,13.1,5.7,0,0000
T,2014,09,04,05,48,04
B,264048,26105,112,3447,159154,6581,124,3447,980.6,301.1
G,3143880,171381,117,3447,1851569,37127,118,3447,980.6,301.1
R,1284244,79464,5494,3447,761515,33925,5591,3447,980.6,301.1
D,NBXX,9999,5.085e-5,3.750e-5,2.322e-5,4.818e-6,4.443e-6,4.144e-6
Y,189460,980.6,301.1,296.9,71.6,13.1,5.7,0,0000
T,2014,09,04,05,53,04
B,263715,25901,170,3448,159539,6616,120,3447,980.6,301.1
G,3142859,167300,115,3448,1853327,37486,131,3447,980.6,301.1
R,1283049,78744,5567,3448,756546,33338,5739,3447,980.6,301.1
D,NBXX,9999,5.014e-5,3.623e-5,2.265e-5,4.764e-6,4.559e-6,3.639e-6
Y,189343,980.6,301.1,296.9,71.6,13.1,5.7,0,0000
T,2014,09,04,05,58,04
B,264545,25655,135,3447,159197,6410,145,3447,980.7,301.1
G,3142365,164349,124,3447,1850992,36689,115,3447,980.7,301.1
R,1284918,77659,5555,3447,760214,33282,5628,3447,980.7,301.1
D,NBXX,9999,4.917e-5,3.532e-5,2.201e-5,4.099e-6,4.310e-6,3.670e-6
Y,189368,980.7,301.1,296.9,71.8,13.1,5.7,0,0000
T,2014,09,04,06,03,04
B,264672,24470,165,3447,159847,6369,145,3448,980.7,301.1
G,3144755,158376,129,3447,1857358,36335,103,3448,980.7,301.1
R,1284298,75382,5542,3447,762200,32889,5551,3448,980.7,301.1
D,NBXX,9999,4.538e-5,3.340e-5,2.069e-5,3.851e-6,4.189e-6,3.493e-6
Y,189513,980.7,301.1,296.8,71.3,13.1,5.7,0,0000
T,2014,09,04,06,08,04
B,264564,24634,146,3447,159593,6643,126,3447,980.7,301.1
G,3143999,157077,146,3447,1853186,36220,120,3447,980.7,301.1
R,1283810,74451,5499,3447,757902,33050,5536,3447,980.7,301.1
D,NBXX,9999,4.605e-5,3.300e-5,2.017e-5,4.843e-6,4.147e-6,3.644e-6
Y,189467,980.7,301.1,296.8,71.3,13.1,5.7,0,0000
T,2014,09,04,06,13,04
B,263396,22587,150,3448,159387,6220,131,3447,980.7,301.1
G,3143129,145506,130,3448,1846007,35038,98,3447,980.7,301.1
R,1283557,71707,5369,3448,760304,32171,5430,3447,980.7,301.1
D,NBXX,9999,4.002e-5,2.939e-5,1.865e-5,3.595e-6,3.796e-6,3.277e-6
Y,189359,980.7,301.1,296.8,71.0,13.1,5.7,0,0000
T,2014,09,04,06,18,04
B,263805,22596,128,3447,160661,6296,169,3447,980.8,301.1
G,3139922,144677,124,3447,1855408,34678,110,3447,980.8,301.1
R,1282347,70998,5702,3447,758014,32509,5517,3447,980.8,301.1
D,NBXX,9999,3.989e-5,2.917e-5,1.795e-5,3.739e-6,3.688e-6,3.191e-6
Y,189220,980.8,301.1,296.8,71.1,13.1,5.7,0,0000
T,2014,09,04,06,23,04
B,264035,22379,152,3447,158736,6300,156,3447,980.8,301.1
G,3143054,141204,110,3447,1852117,34533,102,3447,980.8,301.1
R,1282874,69959,5477,3447,760861,32062,5426,3447,980.8,301.1
D,NBXX,9999,3.912e-5,2.805e-5,1.752e-5,3.696e-6,3.640e-6,3.137e-6
Y,189410,980.8,301.1,296.8,71.0,13.1,5.7,0,0000
T,2014,09,04,06,28,04
B,263214,22168,152,3447,159735,6158,122,3448,980.8,301.1
G,3141996,140885,104,3447,1850615,34221,128,3448,980.8,301.1
R,1280859,69736,5503,3447,759130,31971,5424,3448,980.8,301.1
D,NBXX,9999,3.880e-5,2.795e-5,1.742e-5,3.430e-6,3.535e-6,3.078e-6
Y,189346,980.8,301.1,296.8,71.0,13.1,5.7,0,0000
T,2014,09,04,06,33,04
B,263072,22105,168,3447,160281,6175,150,3447,980.8,301.1
G,3144920,141512,113,3447,1851420,34521,82,3447,980.8,301.1
R,1284146,69742,5569,3447,759938,32440,5479,3447,980.8,301.1
D,NBXX,9999,3.848e-5,2.812e-5,1.725e-5,3.340e-6,3.636e-6,3.254e-6
Y,189523,980.8,301.1,296.8,71.0,13.1,5.7,0,0000
T,2014,09,04,06,38,04
B,264563,22163,152,3448,160255,6235,143,3447,980.9,301.1
G,3141117,139408,96,3448,1849969,34274,103,3447,980.9,301.1
R,1282309,69444,5463,3448,759389,32103,5380,3447,980.9,301.1
D,NBXX,9999,3.836e-5,2.751e-5,1.726e-5,3.511e-6,3.573e-6,3.215e-6
Y,189237,980.9,301.1,296.8,71.1,13.1,5.7,0,0000
T,2014,09,04,06,43,04
B,263443,22869,176,3447,159908,6383,142,3447,981.0,301.0
G,3141670,146524,148,3447,1851823,34426,113,3447,981.0,301.0
R,1282152,71405,5451,3447,757713,32036,5464,3447,981.0,301.0
D,NBXX,9999,4.075e-5,2.969e-5,1.842e-5,3.958e-6,3.580e-6,3.119e-6
Y,189326,981.0,301.0,296.7,71.1,13.1,5.7,0,0000
T,2014,09,04,06,48,04
B,263402,22450,143,3447,160016,6190,139,3448,981.0,301.0
G,3141110,144339,120,3447,1853089,34758,95,3448,981.0,301.0
R,1281413,70328,5515,3447,758867,32161,5559,3448,981.0,301.0
D,NBXX,9999,3.959e-5,2.903e-5,1.767e-5,3.488e-6,3.700e-6,3.084e-6
Y,189292,981.0,301.0,296.7,71.1,13.1,5.7,0,0000
T,2014,09,04,06,53,04
B,263724,23281,158,3447,159763,6464,170,3447,981.0,301.0
G,3141681,147925,132,3447,1858265,34907,96,3447,981.0,301.0
R,1283505,72479,5472,3447,759217,32241,5435,3447,981.0,301.0
D,NBXX,9999,4.191e-5,3.014e-5,1.905e-5,4.152e-6,3.743e-6,3.239e-6
Y,189327,981.0,301.0,296.7,71.3,13.1,5.7,0,0000
T,2014,09,04,06,58,04
B,265137,23363,144,3448,159920,6204,156,3447,981.0,301.0
G,3146598,149079,141,3448,1855583,34836,107,3447,981.0,301.0
R,1283888,72415,5582,3448,758646,32712,5491,3447,981.0,301.0
D,NBXX,9999,4.188e-5,3.043e-5,1.889e-5,3.359e-6,3.700e-6,3.412e-6
Y,189569,981.0,301.0,296.7,71.3,13.1,5.7,0,0000
T,2014,09,04,07,03,04
B,264037,22891,136,3447,160223,6334,132,3447,981.1,301.0
G,3142092,146252,125,3447,1852760,35302,99,3447,981.1,301.0
R,1283096,71854,5559,3447,758233,32524,5444,3447,981.1,301.0
D,NBXX,9999,4.084e-5,2.961e-5,1.861e-5,3.943e-6,3.867e-6,3.349e-6
Y,189352,981.1,301.0,296.7,71.5,13.1,5.7,0,0000
T,2014,09,04,07,08,04
B,263556,23290,142,3447,159835,6314,136,3448,981.2,301.0
G,3140628,150166,112,3447,1848386,35437,99,3448,981.2,301.0
R,1277597,72439,5463,3447,755668,32232,5462,3448,981.2,301.0
D,NBXX,9999,4.216e-5,3.087e-5,1.919e-5,3.874e-6,3.916e-6,3.271e-6
Y,189263,981.2,301.0,296.7,71.6,13.1,5.7,0,0000
T,2014,09,04,07,13,04
B,263892,23975,154,3447,159101,6416,127,3447,981.3,301.0
G,3134433,154142,102,3447,1847284,35765,113,3447,981.3,301.0
R,1277875,73815,5287,3447,754819,32098,5504,3447,981.3,301.0
D,NBXX,9999,4.417e-5,3.221e-5,2.013e-5,4.160e-6,4.043e-6,3.287e-6
Y,188888,981.3,301.0,296.7,71.6,13.1,5.7,0,0000
T,2014,09,04,07,18,04
B,263286,25133,139,3448,160329,6470,141,3447,981.3,301.0
G,3136156,162269,114,3448,1848138,36288,101,3447,981.3,301.0
R,1279416,76815,5479,3448,756422,32992,5384,3447,981.3,301.0
D,NBXX,9999,4.792e-5,3.475e-5,2.189e-5,4.380e-6,4.205e-6,3.779e-6
Y,188937,981.3,301.0,296.6,71.8,13.1,5.7,0,0000
T,2014,09,04,07,23,04
B,263766,25702,139,3447,160181,6510,132,3447,981.3,300.9
G,3135725,168941,112,3447,1845524,36916,102,3447,981.3,300.9
R,1276337,77282,5354,3447,754491,32659,5625,3447,981.3,300.9
D,NBXX,9999,4.957e-5,3.685e-5,2.217e-5,4.495e-6,4.401e-6,3.501e-6
Y,188966,981.3,300.9,296.6,71.9,13.1,5.7,0,0000
T,2014,09,04,07,28,04
B,264406,25243,139,3447,160629,6554,158,3448,981.3,300.9
G,3141298,163999,114,3447,1851452,36495,119,3448,981.3,300.9
R,1278954,77024,5402,3447,757061,32815,5559,3448,981.3,300.9
D,NBXX,9999,4.788e-5,3.520e-5,2.194e-5,4.486e-6,4.238e-6,3.581e-6
Y,189304,981.3,300.9,296.6,71.9,13.1,5.7,0,0000
T,2014,09,04,07,33,04
B,264468,25051,158,3447,160115,6452,112,3447,981.4,300.9
G,3135756,164259,115,3447,1851463,36225,106,3447,981.4,300.9
R,1276680,76571,5480,3447,755126,32675,5436,3447,981.4,300.9
D,NBXX,9999,4.736e-5,3.538e-5,2.176e-5,4.269e-6,4.181e-6,3.553e-6
Y,188968,981.4,300.9,296.6,72.3,13.1,5.7,0,0000
T,2014,09,04,07,38,04
B,265788,25787,128,3448,159923,6490,148,3447,981.4,300.9
G,3138106,169909,111,3448,1851285,36683,110,3447,981.4,300.9
R,1277945,77948,5185,3448,755041,32722,5261,3447,981.4,300.9
D,NBXX,9999,4.922e-5,3.712e-5,2.291e-5,4.276e-6,4.320e-6,3.913e-6
Y,189055,981.4,300.9,296.6,72.3,13.1,5.7,0,0000
T,2014,09,04,07,43,04
B,263450,26731,140,3447,159499,6551,139,3447,981.4,300.9
G,3134333,177843,120,3447,1853164,36754,109,3447,981.4,300.9
R,1276795,81425,5287,3447,758217,32838,5250,3447,981.4,300.9
D,NBXX,9999,5.282e-5,3.968e-5,2.504e-5,4.616e-6,4.350e-6,3.926e-6
Y,188882,981.4,300.9,296.6,72.3,13.1,5.7,0,0000
T,2014,09,04,07,48,04
B,263996,26522,114,3447,159965,6723,137,3448,981.4,300.9
G,3139367,172809,113,3447,1848560,36979,108,3448,981.4,300.9
R,1275270,80395,5216,3447,754534,32940,5309,3448,981.4,300.9
D,NBXX,9999,5.210e-5,3.801e-5,2.446e-5,5.201e-6,4.402e-6,4.009e-6
Y,189187,981.4,300.9,296.6,72.4,13.1,5.7,0,0000
T,2014,09,04,07,53,04
B,264759,26806,144,3447,159811,6619,121,3447,981.5,300.9
G,3133256,175238,113,3447,1854009,36985,111,3447,981.5,300.9
R,1278997,80007,5284,3447,754418,33154,5318,3447,981.5,300.9
D,NBXX,9999,5.269e-5,3.888e-5,2.404e-5,4.780e-6,4.429e-6,4.053e-6
Y,188817,981.5,300.9,296.6,72.4,13.1,5.7,0,0000
T,2014,09,04,07,58,04
B,263784,27105,155,3448,159692,6610,113,3447,981.4,300.9
G,3139477,178211,125,3448,1848261,36941,100,3447,981.4,300.9
R,1278220,81496,5209,3448,756234,33104,5356,3447,981.4,300.9
D,NBXX,9999,5.391e-5,3.970e-5,2.502e-5,4.819e-6,4.395e-6,4.062e-6
Y,189138,981.4,300.9,296.6,72.4,13.1,5.7,0,0000
T,2014,09,04,08,03,04
B,263314,27682,139,3447,159971,6621,153,3447,981.5,300.9
G,3138576,181185,114,3447,1845491,37131,87,3447,981.5,300.9
R,1277090,82451,5252,3447,755707,33095,5281,3447,981.5,300.9
D,NBXX,9999,5.576e-5,4.066e-5,2.567e-5,4.796e-6,4.463e-6,4.086e-6
Y,189139,981.5,300.9,296.6,72.4,13.1,5.7,0,0000
T,2014,09,04,08,08,04
B,264090,27798,146,3447,159528,6632,136,3448,981.5,300.8
G,3137210,183905,108,3447,1853839,37489,105,3448,981.5,300.8
R,1277612,82974,5222,3447,757698,33252,5353,3448,981.5,300.8
D,NBXX,9999,5.587e-5,4.154e-5,2.595e-5,4.789e-6,4.573e-6,4.143e-6
Y,189056,981.5,300.8,296.6,72.3,13.1,5.7,0,0000
T,2014,09,04,08,13,04
B,263278,27799,146,3447,159101,6734,118,3447,981.5,300.8
G,3137681,186302,107,3447,1855574,37412,91,3447,981.5,300.8
R,1277701,83068,5168,3447,757680,32941,5296,3447,981.5,300.8
D,NBXX,9999,5.620e-5,4.229e-5,2.608e-5,5.234e-6,4.556e-6,4.034e-6
Y,189085,981.5,300.8,296.5,72.3,13.1,5.7,0,0000
T,2014,09,04,08,18,04
B,263694,28423,138,3448,159977,6674,137,3447,981.5,300.8
G,3140751,186923,101,3448,1849875,37218,100,3447,981.5,300.8
R,1276322,83618,5288,3448,755118,33248,5198,3447,981.5,300.8
D,NBXX,9999,5.795e-5,4.243e-5,2.645e-5,4.984e-6,4.486e-6,4.227e-6
Y,189215,981.5,300.8,296.6,72.3,13.1,5.7,0,0000
T,2014,09,04,08,23,04
B,264270,28267,201,3447,159855,6754,150,3447,981.6,300.8
G,3139396,190292,113,3447,1844163,37996,124,3447,981.6,300.8
R,1277558,84925,5260,3447,756384,32839,5176,3447,981.6,300.8
D,NBXX,9999,5.702e-5,4.350e-5,2.726e-5,4.911e-6,4.719e-6,3.992e-6
Y,189188,981.6,300.8,296.5,72.1,13.1,5.7,0,0000
T,2014,09,04,08,28,04
B,263817,28107,137,3447,160446,6598,119,3448,981.6,300.8
G,3138979,185782,125,3447,1847755,37777,100,3448,981.6,300.8
R,1277535,83109,5308,3447,757581,32826,5396,3448,981.6,300.8
D,NBXX,9999,5.700e-5,4.209e-5,2.594e-5,4.797e-6,4.653e-6,3.786e-6
Y,189163,981.6,300.8,296.5,72.1,13.1,5.7,0,0000
T,2014,09,04,08,33,04
B,264302,28085,113,3447,159542,6537,136,3447,981.6,300.8
G,3140883,183942,125,3447,1850249,37567,145,3447,981.6,300.8
R,1277817,82613,5267,3447,756230,32766,5112,3447,981.6,300.8
D,NBXX,9999,5.680e-5,4.146e-5,2.586e-5,4.604e-6,4.566e-6,3.985e-6
Y,189278,981.6,300.8,296.5,72.3,13.1,5.7,0,0000
T,2014,09,04,08,38,04
B,263546,27958,153,3448,159765,6607,146,3447,981.6,300.8
G,3142316,182455,103,3448,1850981,37641,86,3447,981.6,300.8
R,1278282,81791,5255,3448,755507,32922,5252,3447,981.6,300.8
D,NBXX,9999,5.648e-5,4.100e-5,2.524e-5,4.702e-6,4.617e-6,3.990e-6
Y,189310,981.6,300.8,296.5,72.4,13.1,5.7,0,0000
T,2014,09,04,08,43,04
B,264913,28031,162,3447,160252,6630,114,3447,981.7,300.8
G,3137882,181999,103,3447,1852827,38330,103,3447,981.7,300.8
R,1275060,82063,5290,3447,757053,32765,5434,3447,981.7,300.8
D,NBXX,9999,5.632e-5,4.093e-5,2.536e-5,4.735e-6,4.841e-6,3.763e-6
Y,189097,981.7,300.8,296.5,72.3,13.1,5.7,0,0000
T,2014,09,04,08,48,04
B,263387,28619,154,3447,159758,6682,125,3447,981.7,300.8
G,3133186,189149,113,3447,1849264,38418,94,3447,981.7,300.8
R,1277109,83948,5155,3447,755610,33469,5158,3447,981.7,300.8
D,NBXX,9999,5.862e-5,4.327e-5,2.676e-5,4.998e-6,4.887e-6,4.476e-6
Y,188813,981.7,300.8,296.5,72.3,13.1,5.7,0,0000
T,2014,09,04,08,53,04
B,263664,28810,113,3447,160085,6678,152,3448,981.7,300.8
G,3141010,192380,143,3447,1856428,38643,120,3448,981.7,300.8
R,1274327,85297,5147,3447,755862,33182,5279,3448,981.7,300.8
D,NBXX,9999,5.917e-5,4.411e-5,2.761e-5,5.009e-6,4.903e-6,4.240e-6
Y,189286,981.7,300.8,296.5,72.3,13.1,5.7,0,0000
T,2014,09,04,08,58,04
B,264748,28883,138,3447,160374,6694,144,3447,981.7,300.7
G,3139397,190659,127,3447,1849051,38102,125,3447,981.7,300.7
R,1276492,84917,5416,3447,754868,32829,5152,3447,981.7,300.7
D,NBXX,9999,5.897e-5,4.361e-5,2.720e-5,4.923e-6,4.747e-6,3.901e-6
Y,189189,981.7,300.7,296.5,72.3,13.1,5.7,0,0000
T,2014,09,04,09,03,04
B,265030,28217,115,3448,160428,6815,164,3447,981.7,300.8
G,3138472,187037,94,3448,1848736,37888,103,3447,981.7,300.8
R,1275774,83860,5072,3448,755846,33141,5225,3447,981.7,300.8
D,NBXX,9999,5.684e-5,4.251e-5,2.676e-5,5.290e-6,4.707e-6,4.303e-6
Y,189078,981.7,300.8,296.5,72.4,13.1,5.7,0,0000
T,2014,09,04,09,08,04
B,263912,28495,132,3447,159157,6749,130,3447,981.7,300.8
G,3140182,186876,139,3447,1851682,38398,79,3447,981.7,300.8
R,1277657,83629,5175,3447,754389,32889,5101,3447,981.7,300.8
D,NBXX,9999,5.812e-5,4.242e-5,2.657e-5,5.226e-6,4.849e-6,4.137e-6
Y,189236,981.7,300.8,296.5,72.6,13.1,5.7,0,0000
T,2014,09,04,09,13,04
B,263289,27784,156,3447,160543,6676,144,3448,981.8,300.8
G,3142578,181998,112,3447,1853992,37695,90,3448,981.8,300.8
R,1276779,82064,5113,3447,754886,33069,5171,3448,981.8,300.8
D,NBXX,9999,5.600e-5,4.084e-5,2.562e-5,4.905e-6,4.622e-6,4.247e-6
Y,189381,981.8,300.8,296.5,72.4,13.1,5.7,0,0000
T,2014,09,04,09,18,04
B,264385,27632,150,3447,159870,6714,140,3447,981.9,300.8
G,3140254,182819,131,3447,1853866,38021,110,3447,981.9,300.8
R,1275547,82401,5200,3447,757168,32997,5303,3447,981.9,300.8
D,NBXX,9999,5.521e-5,4.113e-5,2.571e-5,4.983e-6,4.722e-6,4.062e-6
Y,189240,981.9,300.8,296.5,72.6,13.1,5.7,0,0000
T,2014,09,04,09,23,04
B,264252,27036,148,3448,159079,6764,104,3447,981.9,300.7
G,3141414,177642,94,3448,1851145,37940,125,3447,981.9,300.7
R,1277445,81080,5115,3448,756751,32458,5162,3447,981.9,300.7
D,NBXX,9999,5.355e-5,3.949e-5,2.499e-5,5.288e-6,4.704e-6,3.876e-6
Y,189255,981.9,300.7,296.5,72.6,13.1,5.7,0,0000
T,2014,09,04,09,28,04
B,263747,30270,156,3447,160353,7006,144,3447,981.9,300.7
G,3138711,211133,129,3447,1853262,41013,78,3447,981.9,300.7
R,1279174,96119,5165,3447,755550,34396,5173,3447,981.9,300.7
D,NBXX,9999,6.352e-5,5.008e-5,3.421e-5,5.896e-6,5.681e-6,5.011e-6
Y,189147,981.9,300.7,296.5,72.6,13.1,5.7,0,0000
T,2014,09,04,09,33,04
B,264616,26413,152,3447,160532,6651,146,3448,981.9,300.7
G,3141494,174093,111,3447,1851763,37980,79,3448,981.9,300.7
R,1275077,80151,5150,3447,755638,32402,5170,3448,981.9,300.7
D,NBXX,9999,5.136e-5,3.838e-5,2.446e-5,4.738e-6,4.720e-6,3.824e-6
Y,189315,981.9,300.7,296.5,72.6,13.1,5.7,0,0000
T,2014,09,04,09,38,04
B,264966,28132,153,3447,159562,6884,125,3447,981.9,300.7
G,3139108,187335,87,3447,1852302,38537,110,3447,981.9,300.7
R,1276098,84102,5099,3447,756911,32764,5279,3447,981.9,300.7
D,NBXX,9999,5.660e-5,4.259e-5,2.684e-5,5.505e-6,4.905e-6,4.002e-6
Y,189171,981.9,300.7,296.5,72.4,13.1,5.7,0,0000
T,2014,09,04,09,43,04
B,264027,30004,152,3448,159725,6888,114,3447,981.9,300.7
G,3141969,198802,114,3448,1847668,39763,102,3447,981.9,300.7
R,1276634,88518,5203,3448,755902,33116,5189,3447,981.9,300.7
D,NBXX,9999,6.272e-5,4.613e-5,2.955e-5,5.638e-6,5.276e-6,4.210e-6
Y,189289,981.9,300.7,296.5,72.3,13.1,5.7,0,0000
T,2014,09,04,09,48,04
B,263518,32412,138,3447,160063,7212,135,3447,981.9,300.7
G,3139128,226555,110,3447,1850651,42357,95,3447,981.9,300.7
R,1275711,101952,5171,3447,756354,35037,5082,3447,981.9,300.7
D,NBXX,9999,7.031e-5,5.492e-5,3.804e-5,6.647e-6,6.103e-6,5.508e-6
Y,189172,981.9,300.7,296.5,72.3,13.1,5.7,0,0000
T,2014,09,04,09,53,04
B,264282,28381,139,3447,160041,6779,124,3448,981.9,300.7
G,3135399,190012,116,3447,1850669,38561,109,3448,981.9,300.7
R,1277549,84942,5217,3447,756913,32744,5123,3448,981.9,300.7
D,NBXX,9999,5.764e-5,4.349e-5,2.734e-5,5.281e-6,4.913e-6,3.998e-6
Y,188947,981.9,300.7,296.5,71.9,13.1,5.7,0,0000
T,2014,09,04,09,58,04
B,264177,29150,122,3447,159779,6960,123,3447,982.0,300.7
G,3137067,193429,103,3447,1844727,39272,103,3447,982.0,300.7
R,1274633,85378,5130,3447,753541,32992,5128,3447,982.0,300.7
D,NBXX,9999,6.011e-5,4.454e-5,2.777e-5,5.917e-6,5.141e-6,4.245e-6
Y,189048,982.0,300.7,296.5,71.8,13.1,5.7,0,0000
T,2014,09,04,10,03,04
B,263738,32398,125,3448,159949,7114,132,3447,982.0,300.7
G,3139444,213550,108,3448,1848923,40876,122,3447,982.0,300.7
R,1276339,90579,5139,3448,754138,34194,5196,3447,982.0,300.7
D,NBXX,9999,7.024e-5,5.081e-5,3.088e-5,6.390e-6,5.631e-6,4.924e-6
Y,189136,982.0,300.7,296.5,71.9,13.1,5.7,0,0000
T,2014,09,04,10,08,04
B,263813,34871,124,3447,160011,7210,101,3447,982.0,300.8
G,3139495,230633,115,3447,1847013,42462,97,3447,982.0,300.8
R,1273784,96001,5129,3447,754720,34728,5212,3447,982.0,300.8
D,NBXX,9999,7.796e-5,5.619e-5,3.435e-5,6.788e-6,6.132e-6,5.274e-6
Y,189194,982.0,300.8,296.6,72.1,13.1,5.7,0,0000
T,2014,09,04,10,13,04
B,264478,33778,136,3447,159857,7398,142,3448,982.1,300.8
G,3143245,224817,78,3447,1852444,43192,124,3448,982.1,300.8
R,1273446,94697,5175,3447,756652,34567,5154,3448,982.1,300.8
D,NBXX,9999,7.414e-5,5.428e-5,3.357e-5,7.118e-6,6.345e-6,5.181e-6
Y,189421,982.1,300.8,296.6,72.3,13.1,5.7,0,0000
T,2014,09,04,10,18,04
B,263250,31664,154,3447,159947,7362,125,3447,982.1,300.8
G,3136195,211802,124,3447,1847668,41993,109,3447,982.1,300.8
R,1276606,89674,5001,3447,755814,34184,5016,3447,982.1,300.8
D,NBXX,9999,6.808e-5,5.033e-5,3.054e-5,7.111e-6,5.991e-6,5.139e-6
Y,188995,982.1,300.8,296.6,72.1,13.0,5.7,0,0000
T,2014,09,04,10,23,04
B,263972,31120,148,3448,160104,7154,142,3447,982.1,300.8
G,3142506,205406,86,3448,1853991,41049,124,3447,982.1,300.8
R,1275702,88818,5037,3448,756111,33814,5195,3447,982.1,300.8
D,NBXX,9999,6.610e-5,4.820e-5,2.989e-5,6.377e-6,5.680e-6,4.769e-6
Y,189321,982.1,300.8,296.6,71.8,13.1,5.7,0,0000
T,2014,09,04,10,28,04
B,263264,30884,122,3447,160821,7108,105,3447,982.2,300.9
G,3142597,199013,133,3447,1848867,40750,91,3447,982.2,300.9
R,1277823,86865,5247,3447,757464,34267,5059,3447,982.2,300.9
D,NBXX,9999,6.587e-5,4.618e-5,2.855e-5,6.524e-6,5.577e-6,4.969e-6
Y,189382,982.2,300.9,296.7,71.9,13.1,5.7,0,0000
T,2014,09,04,10,33,04
B,263988,29592,139,3447,159214,6996,138,3448,982.2,300.9
G,3143946,193176,112,3447,1851782,40712,104,3448,982.2,300.9
R,1278218,84333,5265,3447,755041,33800,5083,3448,982.2,300.9
D,NBXX,9999,6.145e-5,4.432e-5,2.693e-5,5.936e-6,5.559e-6,4.640e-6
Y,189464,982.2,300.9,296.7,72.1,13.1,5.7,0,0000
T,2014,09,04,10,38,04
B,263305,30302,153,3447,160128,6969,151,3447,982.2,300.9
G,3139440,197069,82,3447,1853653,40693,94,3447,982.2,300.9
R,1276570,85067,5257,3447,755365,33558,5175,3447,982.2,300.9
D,NBXX,9999,6.379e-5,4.565e-5,2.739e-5,5.815e-6,5.589e-6,4.451e-6
Y,189191,982.2,300.9,296.7,71.9,13.1,5.7,0,0000
T,2014,09,04,10,43,04
B,264466,30488,121,3448,158751,7196,116,3447,982.2,300.9
G,3142282,198924,108,3448,1849146,41278,59,3447,982.2,300.9
R,1276160,85713,5291,3448,755792,34023,5282,3447,982.2,300.9
D,NBXX,9999,6.419e-5,4.618e-5,2.770e-5,6.669e-6,5.768e-6,4.648e-6
Y,189308,982.2,300.9,296.8,71.9,13.1,5.7,0,0000
T,2014,09,04,10,48,04
B,264057,30724,129,3447,159599,7146,108,3447,982.3,300.9
G,3139869,201101,112,3447,1853459,40679,96,3447,982.3,300.9
R,1276002,86194,5133,3447,755207,34270,5185,3447,982.3,300.9
D,NBXX,9999,6.506e-5,4.690e-5,2.819e-5,6.542e-6,5.571e-6,4.982e-6
Y,189217,982.3,300.9,296.8,72.3,13.0,5.7,0,0000
T,2014,09,04,10,53,04
B,263845,31603,110,3447,159909,7177,148,3447,982.3,301.0
G,3138357,205337,104,3447,1847757,41800,108,3447,982.3,301.0
R,1276732,88218,5166,3447,752266,34397,5227,3447,982.3,301.0
D,NBXX,9999,6.777e-5,4.826e-5,2.939e-5,6.580e-6,5.929e-6,5.012e-6
Y,189126,982.3,301.0,296.8,71.9,13.1,5.7,0,0000
T,2014,09,04,10,58,04
B,264045,30575,123,3447,159995,7061,114,3448,982.3,301.0
G,3140701,198682,125,3447,1849106,40997,86,3448,982.3,301.0
R,1276781,86503,5396,3447,756460,34293,5306,3448,982.3,301.0
D,NBXX,9999,6.460e-5,4.612e-5,2.811e-5,6.275e-6,5.663e-6,4.719e-6
Y,189267,982.3,301.0,296.8,71.8,13.1,5.7,0,0000
T,2014,09,04,11,03,04
B,263860,31642,126,3447,160201,7042,149,3447,982.2,301.0
G,3141011,204705,120,3447,1851024,41468,92,3447,982.2,301.0
R,1276277,87395,5110,3447,755732,34514,5221,3447,982.2,301.0
D,NBXX,9999,6.783e-5,4.801e-5,2.894e-5,6.101e-6,5.813e-6,5.134e-6
Y,189286,982.2,301.0,296.9,71.9,13.1,5.7,0,0000
T,2014,09,04,11,08,04
B,263572,31722,135,3448,160228,7057,145,3447,982.2,301.0
G,3143878,206588,108,3448,1854397,41447,104,3447,982.2,301.0
R,1277952,88441,5208,3448,757411,34104,5104,3447,982.2,301.0
D,NBXX,9999,6.816e-5,4.854e-5,2.954e-5,6.159e-6,5.799e-6,4.881e-6
Y,189404,982.2,301.0,296.9,71.6,13.1,5.7,0,0000
T,2014,09,04,11,13,04
B,262976,32586,158,3447,159750,7293,124,3447,982.2,301.1
G,3138726,209432,110,3447,1846971,42429,106,3447,982.2,301.1
R,1276377,89323,5286,3447,754744,35005,5327,3447,982.2,301.1
D,NBXX,9999,7.105e-5,4.954e-5,2.993e-5,6.923e-6,6.123e-6,5.235e-6
Y,189148,982.2,301.1,296.9,71.8,13.1,5.7,0,0000
T,2014,09,04,11,18,04
B,264259,32278,134,3447,160483,7312,131,3448,982.3,301.1
G,3137846,210810,104,3447,1851286,42264,98,3448,982.3,301.1
R,1275245,90041,5193,3447,756463,35081,5407,3448,982.3,301.1
D,NBXX,9999,6.968e-5,5.000e-5,3.043e-5,6.931e-6,6.077e-6,5.299e-6
Y,189095,982.3,301.1,296.9,71.6,13.1,5.7,0,0000
T,2014,09,04,11,23,04
B,263549,32602,165,3447,159375,7343,122,3447,982.3,301.1
G,3139800,212924,103,3447,1852998,42461,99,3447,982.3,301.1
R,1278499,90598,5435,3447,757234,34460,5350,3447,982.3,301.1
D,NBXX,9999,7.087e-5,5.062e-5,3.052e-5,7.013e-6,6.134e-6,4.750e-6
Y,189213,982.3,301.1,297.0,71.9,13.1,5.7,0,0000
T,2014,09,04,11,28,04
B,264167,32576,147,3448,159334,7212,136,3447,982.3,301.2
G,3144468,212069,109,3448,1850701,42332,103,3447,982.3,301.2
R,1278870,90556,5315,3448,756310,35282,5255,3447,982.3,301.2
D,NBXX,9999,7.059e-5,5.025e-5,3.063e-5,6.593e-6,6.074e-6,5.415e-6
Y,189440,982.3,301.2,297.0,71.8,13.1,5.7,0,0000
T,2014,09,04,11,33,04
B,264172,32557,108,3447,159477,7228,138,3447,982.2,301.2
G,3142623,209291,117,3447,1853441,42085,97,3447,982.2,301.2
R,1279884,89389,5277,3447,755982,35350,5350,3447,982.2,301.2
D,NBXX,9999,7.066e-5,4.941e-5,2.983e-5,6.767e-6,6.000e-6,5.400e-6
Y,189384,982.2,301.2,297.1,71.6,13.1,5.7,0,0000
T,2014,09,04,11,38,04
B,264876,32565,137,3447,160253,7257,94,3448,982.2,301.2
G,3145110,207882,122,3447,1855364,42420,90,3448,982.2,301.2
R,1281161,88598,5334,3447,757216,35086,5463,3448,982.2,301.2
D,NBXX,9999,7.047e-5,4.892e-5,2.918e-5,6.846e-6,6.091e-6,5.095e-6
Y,189534,982.2,301.2,297.1,71.3,13.1,5.7,0,0000
T,2014,09,04,11,43,04
B,264158,32099,141,3447,161320,7184,138,3447,982.2,301.3
G,3141544,208894,98,3447,1857678,42605,109,3447,982.2,301.3
R,1282916,89293,5441,3447,758430,35315,5454,3447,982.2,301.3
D,NBXX,9999,6.914e-5,4.934e-5,2.947e-5,6.515e-6,6.183e-6,5.152e-6
Y,189318,982.2,301.3,297.2,71.1,13.1,5.7,0,0000
T,2014,09,04,11,48,04
B,263399,31305,156,3448,159847,7304,136,3447,982.2,301.3
G,3147531,204871,98,3448,1857084,41951,85,3447,982.2,301.3
R,1282166,88010,5520,3448,760610,35370,5472,3447,982.2,301.3
D,NBXX,9999,6.692e-5,4.796e-5,2.864e-5,6.907e-6,5.965e-6,5.130e-6
Y,189625,982.2,301.3,297.2,71.1,13.1,5.7,0,0000
T,2014,09,04,11,53,04
B,265168,31775,134,3447,160716,7271,111,3447,982.2,301.4
G,3147939,203971,134,3447,1855903,42451,103,3447,982.2,301.4
R,1284035,88821,5626,3447,759329,35437,5469,3447,982.2,301.4
D,NBXX,9999,6.789e-5,4.765e-5,2.900e-5,6.822e-6,6.097e-6,5.072e-6
Y,189705,982.2,301.4,297.3,71.6,13.0,5.7,0,0000
T,2014,09,04,11,58,04
B,264877,31766,177,3447,159806,7252,127,3448,982.2,301.5
G,3151399,206124,106,3447,1852854,41641,107,3448,982.2,301.5
R,1281449,89040,5508,3447,759559,35654,5489,3448,982.2,301.5
D,NBXX,9999,6.777e-5,4.827e-5,2.930e-5,6.571e-6,5.834e-6,5.300e-6
Y,189915,982.2,301.5,297.3,71.9,13.1,5.7,0,0000
T,2014,09,04,12,03,04
B,264341,30203,149,3447,160213,7041,125,3447,982.2,301.5
G,3145151,193914,128,3447,1856669,40987,85,3447,982.2,301.5
R,1285647,85404,5657,3447,759975,35220,5695,3447,982.2,301.5
D,NBXX,9999,6.325e-5,4.456e-5,2.665e-5,6.078e-6,5.658e-6,4.737e-6
Y,189537,982.2,301.5,297.4,70.5,13.1,5.7,0,0000
T,2014,09,04,12,08,04
B,264190,29238,153,3448,160755,7002,155,3447,982.3,301.6
G,3149093,187482,122,3448,1852416,40579,94,3447,982.3,301.6
R,1285302,84149,5688,3448,759366,35105,5675,3447,982.3,301.6
D,NBXX,9999,6.024e-5,4.247e-5,2.588e-5,5.868e-6,5.517e-6,4.667e-6
Y,189720,982.3,301.6,297.5,69.7,13.1,5.7,0,0000
T,2014,09,04,12,13,04
B,263201,28803,161,3447,160402,7141,140,3447,982.3,301.6
G,3144488,184375,127,3447,1853241,40173,123,3447,982.3,301.6
R,1282337,83391,5833,3447,758814,34927,5688,3447,982.3,301.6
D,NBXX,9999,5.925e-5,4.157e-5,2.540e-5,6.394e-6,5.392e-6,4.470e-6
Y,189497,982.3,301.6,297.5,69.5,13.1,5.7,0,0000
T,2014,09,04,12,18,04
B,264344,28457,165,3447,160376,6898,157,3448,982.2,301.7
G,3144122,181659,136,3447,1856597,39841,125,3448,982.2,301.7
R,1283460,82813,5925,3447,759608,35087,5723,3448,982.2,301.7
D,NBXX,9999,5.774e-5,4.072e-5,2.491e-5,5.474e-6,5.281e-6,4.461e-6
Y,189474,982.2,301.7,297.6,69.0,13.1,5.7,0,0000
T,2014,09,04,12,23,04
B,264384,28622,145,3447,159967,6703,167,3447,982.2,301.7
G,3141360,182032,99,3447,1848805,39891,107,3447,982.2,301.7
R,1280074,81179,5810,3447,758295,35123,5785,3447,982.2,301.7
D,NBXX,9999,5.826e-5,4.090e-5,2.405e-5,4.912e-6,5.332e-6,4.561e-6
Y,189307,982.2,301.7,297.6,68.7,13.1,5.7,0,0000
T,2014,09,04,12,28,04
B,265346,28742,136,3448,159719,7123,164,3447,982.2,301.7
G,3139698,183869,99,3448,1847488,39923,119,3447,982.2,301.7
R,1282221,83798,5787,3448,756481,34696,5705,3447,982.2,301.7
D,NBXX,9999,5.836e-5,4.151e-5,2.567e-5,6.179e-6,5.348e-6,4.354e-6
Y,189152,982.2,301.7,297.6,69.3,13.1,5.7,0,0000
T,2014,09,04,12,33,04
B,264161,28692,151,3447,160383,6985,141,3447,982.2,301.8
G,3140524,186148,134,3447,1851088,40427,93,3447,982.2,301.8
R,1281911,84100,5649,3447,755790,35534,5850,3447,982.2,301.8
D,NBXX,9999,5.862e-5,4.220e-5,2.587e-5,5.869e-6,5.496e-6,4.865e-6
Y,189257,982.2,301.8,297.7,70.3,13.1,5.7,0,0000
T,2014,09,04,12,38,04
B,264232,29340,176,3447,159350,7054,175,3448,982.1,301.8
G,3139199,187602,114,3447,1852831,40448,88,3448,982.1,301.8
R,1281791,84439,5990,3447,758346,35685,6073,3448,982.1,301.8
D,NBXX,9999,6.039e-5,4.270e-5,2.568e-5,5.859e-6,5.513e-6,4.550e-6
Y,189177,982.1,301.8,297.7,69.7,13.1,5.7,0,0000
T,2014,09,04,12,43,04
B,263519,29509,145,3447,159796,6987,149,3447,982.0,301.9
G,3136592,186641,139,3447,1851542,40706,128,3447,982.0,301.9
R,1283690,84011,5922,3447,759870,35709,5903,3447,982.0,301.9
D,NBXX,9999,6.138e-5,4.242e-5,2.552e-5,5.932e-6,5.585e-6,4.720e-6
Y,189019,982.0,301.9,297.8,69.7,13.1,5.7,0,0000
T,2014,09,04,12,48,04
B,263658,29134,173,3448,160078,7008,151,3447,982.0,301.9
G,3142513,186018,124,3448,1849357,40512,115,3447,982.0,301.9
R,1283483,84309,6229,3448,760231,35868,6097,3447,982.0,301.9
D,NBXX,9999,6.007e-5,4.212e-5,2.535e-5,5.885e-6,5.514e-6,4.467e-6
Y,189322,982.0,301.9,297.8,69.3,13.0,5.7,0,0000
T,2014,09,04,12,53,04
B,264766,30948,155,3447,160206,7330,131,3447,981.9,301.9
G,3141182,197499,102,3447,1854794,41947,103,3447,981.9,301.9
R,1286526,87871,6036,3447,760423,36641,6032,3447,981.9,301.9
D,NBXX,9999,6.541e-5,4.577e-5,2.763e-5,6.918e-6,5.979e-6,5.091e-6
Y,189297,981.9,301.9,297.8,70.5,13.1,5.7,0,0000
T,2014,09,04,12,58,04
B,264589,30076,162,3447,160115,7061,135,3448,981.9,302.0
G,3139510,194667,144,3447,1848633,41236,110,3448,981.9,302.0
R,1285995,87778,6135,3447,759058,36264,6364,3448,981.9,302.0
D,NBXX,9999,6.275e-5,4.492e-5,2.729e-5,6.059e-6,5.754e-6,4.551e-6
Y,189195,981.9,302.0,297.9,70.2,13.1,5.7,0,0000
T,2014,09,04,13,03,04
B,264401,29768,158,3447,160324,7164,144,3447,981.9,302.0
G,3138861,191073,139,3447,1852349,41276,101,3447,981.9,302.0
R,1284647,85904,6218,3447,761980,36497,6200,3447,981.9,302.0
D,NBXX,9999,6.185e-5,4.381e-5,2.624e-5,6.380e-6,5.778e-6,4.772e-6
Y,189156,981.9,302.0,297.9,69.3,13.1,5.7,0,0000
T,2014,09,04,13,08,04
B,263207,28694,183,3447,159418,7147,140,3447,981.9,302.0
G,3139663,185063,137,3447,1849349,40527,136,3447,981.9,302.0
R,1285401,84407,6203,3447,761784,36272,6220,3447,981.9,302.0
D,NBXX,9999,5.887e-5,4.189e-5,2.528e-5,6.347e-6,5.527e-6,4.621e-6
Y,189205,981.9,302.0,297.9,69.7,13.1,5.7,0,0000
T,2014,09,04,13,13,04
B,263371,29480,159,3448,159828,7178,170,3447,981.8,302.1
G,3141809,190308,122,3448,1851840,41040,130,3447,981.8,302.1
R,1286085,88075,6260,3448,760448,36641,6225,3447,981.8,302.1
D,NBXX,9999,6.122e-5,4.351e-5,2.748e-5,6.415e-6,5.691e-6,4.803e-6
Y,189279,981.8,302.1,298.0,70.3,13.0,5.7,0,0000
T,2014,09,04,13,18,04
B,264216,28885,171,3447,159252,7031,171,3447,981.9,302.1
G,3139243,188174,129,3447,1847488,40147,111,3447,981.9,302.1
R,1284940,86575,6173,3447,761174,36688,6350,3447,981.9,302.1
D,NBXX,9999,5.905e-5,4.289e-5,2.657e-5,5.842e-6,5.421e-6,4.811e-6
Y,189179,981.9,302.1,298.0,69.7,13.1,5.7,0,0000
T,2014,09,04,13,23,04
B,263785,27937,140,3447,160674,6942,142,3448,981.8,302.1
G,3138565,175840,180,3447,1850946,38985,128,3448,981.8,302.1
R,1283253,82462,6500,3447,759810,35824,6315,3448,981.8,302.1
D,NBXX,9999,5.648e-5,3.900e-5,2.388e-5,5.809e-6,5.030e-6,4.081e-6
Y,189138,981.8,302.1,298.1,68.0,13.1,5.7,0,0000
T,2014,09,04,13,28,04
B,264022,28695,164,3447,160132,6858,193,3447,981.8,302.2
G,3135461,184012,134,3447,1849354,40262,97,3447,981.8,302.2
R,1285031,84692,6360,3447,760496,36755,6438,3447,981.8,302.2
D,NBXX,9999,5.851e-5,4.165e-5,2.521e-5,5.284e-6,5.476e-6,4.655e-6
Y,188950,981.8,302.2,298.1,67.9,13.1,5.7,0,0000
T,2014,09,04,13,33,04
B,265031,30238,157,3448,158459,7048,178,3447,981.9,302.2
G,3137880,196059,141,3448,1848188,41271,106,3447,981.9,302.2
R,1286105,88585,6478,3448,760808,37567,6308,3447,981.9,302.2
D,NBXX,9999,6.299e-5,4.539e-5,2.758e-5,5.876e-6,5.782e-6,5.158e-6
Y,189042,981.9,302.2,298.1,68.9,13.1,5.7,0,0000
T,2014,09,04,13,38,04
B,263707,29353,159,3447,159582,7212,146,3447,981.9,302.2
G,3135333,188377,142,3447,1846584,41034,111,3447,981.9,302.2
R,1283464,86549,6694,3447,760623,37290,6469,3447,981.9,302.2
D,NBXX,9999,6.082e-5,4.302e-5,2.615e-5,6.586e-6,5.712e-6,4.740e-6
Y,188943,981.9,302.2,298.1,69.2,13.1,5.7,0,0000
