T,2014,08,24,00,03,40
B,258354,36610,125,3308,156674,7247,93,3311,975.8,300.2
G,3122395,251364,97,3308,1834907,44013,65,3311,975.8,300.2
R,1255923,104226,4510,3308,742849,33901,4498,3311,975.8,300.2
D,NBXX,9999,8.583e-5,6.321e-5,4.128e-5,7.418e-6,6.726e-6,5.926e-6
Y,196097,975.8,300.2,295.9,81.4,13.1,5.7,0,0008
T,2014,08,24,00,08,40
B,271019,37843,143,3447,163618,7612,107,3447,975.8,300.1
G,3260730,262072,121,3447,1925774,45865,88,3447,975.8,300.1
R,1314430,108498,4736,3447,779718,35302,4795,3447,975.8,300.1
D,NBXX,9999,8.407e-5,6.306e-5,4.085e-5,7.394e-6,6.694e-6,5.763e-6
Y,196529,975.8,300.1,295.9,81.4,13.1,5.7,0,0000
T,2014,08,24,00,13,40
B,262545,35914,116,3351,158356,7485,90,3349,975.8,300.2
G,3167818,251950,106,3351,1843941,43796,97,3349,975.8,300.2
R,1275901,104293,4570,3351,746910,34052,4628,3349,975.8,300.2
D,NBXX,9999,8.188e-5,6.223e-5,4.025e-5,7.881e-6,6.465e-6,5.678e-6
Y,196398,975.8,300.2,295.9,81.4,13.1,5.7,0,0008
T,2014,08,24,00,18,40
B,269251,37001,134,3447,162630,7535,120,3447,975.7,300.1
G,3249870,257518,97,3447,1908739,44823,99,3447,975.7,300.1
R,1310271,107290,4631,3447,773295,35092,4577,3447,975.7,300.1
D,NBXX,9999,8.225e-5,6.195e-5,4.053e-5,7.291e-6,6.429e-6,5.909e-6
Y,195872,975.7,300.1,295.9,81.2,13.1,5.7,0,0000
T,2014,08,24,00,23,40
B,241454,32644,108,3085,145960,6617,101,3088,975.7,300.1
G,2909071,228890,78,3085,1719849,40073,80,3088,975.7,300.1
R,1172587,95064,4196,3085,696407,31069,4296,3088,975.7,300.1
D,NBXX,9999,8.051e-5,6.140e-5,3.970e-5,6.871e-6,6.406e-6,5.468e-6
Y,195906,975.7,300.1,295.8,80.9,13.1,5.7,0,0008
T,2014,08,24,00,28,40
B,262450,36291,125,3354,158391,7336,130,3353,975.7,300.1
G,3161597,250952,86,3354,1848326,43728,81,3353,975.7,300.1
R,1274630,103454,4654,3354,746318,33805,4552,3353,975.7,300.1
D,NBXX,9999,8.292e-5,6.209e-5,3.978e-5,7.244e-6,6.480e-6,5.528e-6
Y,195835,975.7,300.1,295.8,80.9,13.0,5.7,0,0008
T,2014,08,24,00,33,40
B,271188,37037,119,3448,163253,7476,119,3447,975.8,300.1
G,3247547,256933,95,3448,1909333,44960,95,3447,975.8,300.1
R,1307611,106670,4651,3448,772654,34996,4682,3447,975.8,300.1
D,NBXX,9999,8.162e-5,6.183e-5,4.019e-5,7.020e-6,6.486e-6,5.798e-6
Y,195674,975.8,300.1,295.8,80.9,13.1,5.7,0,0000
T,2014,08,24,00,38,40
B,259726,35835,123,3331,157118,7268,116,3330,975.8,300.1
G,3134616,248576,110,3331,1847956,43529,83,3330,975.8,300.1
R,1266969,102988,4643,3331,747351,33417,4543,3330,975.8,300.1
D,NBXX,9999,8.272e-5,6.201e-5,3.986e-5,7.318e-6,6.525e-6,5.387e-6
Y,195503,975.8,300.1,295.8,80.9,13.0,5.7,0,0008
T,2014,08,24,00,43,40
B,264275,36041,143,3367,159104,7240,96,3367,975.8,300.1
G,3171857,251206,111,3367,1868437,44398,101,3367,975.8,300.1
R,1279858,103796,4472,3367,756777,34180,4697,3367,975.8,300.1
D,NBXX,9999,8.143e-5,6.190e-5,3.979e-5,6.848e-6,6.624e-6,5.723e-6
Y,195712,975.8,300.1,295.8,80.9,13.1,5.7,0,0008
T,2014,08,24,00,48,40
B,269056,37317,124,3447,163155,7720,135,3447,975.8,300.1
G,3244468,258632,106,3447,1913386,45306,104,3447,975.8,300.1
R,1304934,106836,4707,3447,773095,35162,4638,3447,975.8,300.1
D,NBXX,9999,8.327e-5,6.241e-5,4.040e-5,7.849e-6,6.593e-6,5.915e-6
Y,195545,975.8,300.1,295.8,80.9,13.1,5.7,0,0000
T,2014,08,24,00,53,40
B,264138,36610,136,3381,159577,7466,128,3381,975.8,300.1
G,3179163,255281,103,3381,1866243,44604,95,3381,975.8,300.1
R,1281196,105547,4666,3381,756632,34301,4618,3381,975.8,300.1
D,NBXX,9999,8.316e-5,6.299e-5,4.073e-5,7.467e-6,6.661e-6,5.700e-6
Y,195349,975.8,300.1,295.8,80.9,13.0,5.7,0,0008
T,2014,08,24,00,58,40
B,267284,36939,149,3424,161524,7689,141,3424,975.8,300.1
G,3221278,256447,94,3424,1887784,45118,100,3424,975.8,300.1
R,1299116,106122,4600,3424,763297,34600,4571,3424,975.8,300.1
D,NBXX,9999,8.275e-5,6.232e-5,4.035e-5,7.794e-6,6.640e-6,5.762e-6
Y,195451,975.8,300.1,295.8,80.7,13.0,5.7,0,0008
T,2014,08,24,01,03,40
B,271199,37989,132,3447,163992,7430,105,3448,975.7,300.1
G,3247823,263127,122,3447,1916210,45551,86,3448,975.7,300.1
R,1310669,108572,4767,3447,773734,35208,4706,3448,975.7,300.1
D,NBXX,9999,8.447e-5,6.370e-5,4.111e-5,6.872e-6,6.650e-6,5.783e-6
Y,195748,975.7,300.1,295.8,80.5,13.1,5.7,0,0000
T,2014,08,24,01,08,40
B,265166,36757,120,3380,158856,7393,94,3381,975.7,300.1
G,3182769,259237,96,3380,1868144,45332,84,3381,975.7,300.1
R,1282527,106402,4669,3380,756009,34609,4749,3381,975.7,300.1
D,NBXX,9999,8.335e-5,6.414e-5,4.110e-5,7.328e-6,6.874e-6,5.774e-6
Y,195629,975.7,300.1,295.8,80.5,13.0,5.7,0,0008
T,2014,08,24,01,13,40
B,267964,37816,132,3403,161272,7647,108,3403,975.6,300.1
G,3213983,264340,94,3403,1892389,46243,96,3403,975.6,300.1
R,1297978,108586,4647,3403,765232,34920,4712,3403,975.6,300.1
D,NBXX,9999,8.530e-5,6.492e-5,4.177e-5,7.786e-6,7.018e-6,5.837e-6
Y,196215,975.6,300.1,295.8,80.7,13.1,5.7,0,0008
T,2014,08,24,01,18,40
B,269611,37466,138,3448,163097,7529,135,3447,975.5,300.1
G,3242539,261860,112,3448,1910008,45646,81,3447,975.5,300.1
R,1308945,107369,4590,3448,772255,34979,4646,3447,975.5,300.1
D,NBXX,9999,8.344e-5,6.345e-5,4.062e-5,7.184e-6,6.715e-6,5.841e-6
Y,195371,975.5,300.1,295.8,81.0,13.1,5.7,0,0000
T,2014,08,24,01,23,40
B,248038,34419,108,3141,149310,6865,105,3142,975.4,300.1
G,2977011,235755,85,3141,1742521,41267,77,3142,975.4,300.1
R,1199496,97496,4251,3141,703882,31734,4330,3142,975.4,300.1
D,NBXX,9999,8.342e-5,6.191e-5,3.994e-5,7.113e-6,6.500e-6,5.529e-6
Y,196910,975.4,300.1,295.8,80.9,13.1,5.7,0,0008
T,2014,08,24,01,28,40
B,265961,36931,98,3395,159152,7448,111,3396,975.5,300.1
G,3199791,256954,104,3395,1874324,44290,92,3396,975.5,300.1
R,1290380,106023,4539,3395,759226,33949,4569,3396,975.5,300.1
D,NBXX,9999,8.356e-5,6.300e-5,4.073e-5,7.449e-6,6.472e-6,5.501e-6
Y,195807,975.5,300.1,295.8,81.0,13.1,5.7,0,0008
T,2014,08,24,01,33,40
B,268702,36989,114,3447,162858,7428,130,3447,975.5,300.1
G,3242117,258819,90,3447,1906463,45423,111,3447,975.5,300.1
R,1307117,106495,4734,3447,770354,34465,4764,3447,975.5,300.1
D,NBXX,9999,8.247e-5,6.253e-5,3.999e-5,7.047e-6,6.642e-6,5.361e-6
Y,195403,975.5,300.1,295.8,80.7,13.1,5.7,0,0000
T,2014,08,24,01,38,40
B,270037,37640,117,3448,163179,7376,105,3447,975.4,300.1
G,3243089,262417,98,3448,1910926,45069,95,3447,975.4,300.1
R,1306018,108428,4601,3448,773345,34782,4667,3447,975.4,300.1
D,NBXX,9999,8.396e-5,6.360e-5,4.137e-5,6.866e-6,6.537e-6,5.732e-6
Y,195405,975.4,300.1,295.8,80.9,13.1,5.7,0,0000
T,2014,08,24,01,43,40
B,269732,37302,125,3447,163104,7484,105,3447,975.3,300.1
G,3241353,260035,99,3447,1909451,45111,72,3447,975.3,300.1
R,1304718,106896,4567,3447,770907,34637,4683,3447,975.3,300.1
D,NBXX,9999,8.304e-5,6.293e-5,4.051e-5,7.182e-6,6.561e-6,5.666e-6
Y,195357,975.3,300.1,295.8,80.7,13.0,5.7,0,0000
T,2014,08,24,01,48,40
B,257647,35898,126,3287,155542,7166,104,3290,975.2,300.1
G,3109361,250396,95,3287,1828773,43194,65,3290,975.2,300.1
R,1253869,102466,4285,3287,738774,33236,4387,3290,975.2,300.1
D,NBXX,9999,8.385e-5,6.323e-5,4.051e-5,7.179e-6,6.524e-6,5.777e-6
Y,196528,975.2,300.1,295.8,80.5,13.1,5.7,0,0008
T,2014,08,24,01,53,40
B,269558,37329,125,3423,160473,7541,115,3423,975.1,300.1
G,3227463,258940,80,3423,1884060,44705,95,3423,975.1,300.1
R,1299171,106958,4429,3423,758762,34582,4668,3423,975.1,300.1
D,NBXX,9999,8.319e-5,6.293e-5,4.091e-5,7.347e-6,6.494e-6,5.803e-6
Y,195885,975.1,300.1,295.8,80.5,13.0,5.7,0,0008
T,2014,08,24,01,58,40
B,252888,35218,113,3231,152101,7099,130,3230,975.2,300.1
G,3046303,242630,97,3231,1789173,42121,91,3230,975.2,300.1
R,1224670,100182,4273,3231,723167,32576,4287,3230,975.2,300.1
D,NBXX,9999,8.373e-5,6.235e-5,4.050e-5,7.352e-6,6.466e-6,5.805e-6
Y,195877,975.2,300.1,295.8,80.5,13.1,5.7,0,0008
T,2014,08,24,02,03,40
B,211622,28560,102,2682,127475,5783,107,2679,975.2,300.1
G,2548481,200644,94,2682,1493965,35226,42,2679,975.2,300.1
R,1027377,82596,3624,2682,604084,27158,3417,2679,975.2,300.1
D,NBXX,9999,8.020e-5,6.145e-5,3.951e-5,6.738e-6,6.481e-6,5.813e-6
Y,197416,975.2,300.1,295.8,80.5,13.1,5.7,0,0008
T,2014,08,24,02,08,40
B,214776,29166,87,2757,129091,6036,84,2763,975.2,300.1
G,2581504,203757,68,2757,1512958,35646,69,2763,975.2,300.1
R,1036980,83811,3594,2757,611122,27328,3639,2763,975.2,300.1
D,NBXX,9999,8.106e-5,6.165e-5,3.975e-5,7.478e-6,6.424e-6,5.579e-6
Y,194523,975.2,300.1,295.8,80.5,13.0,5.7,0,0008
T,2014,08,24,02,13,40
B,233607,32880,107,3012,140128,6631,110,3013,975.1,300.1
G,2822702,227532,78,3012,1653392,39856,58,3013,975.1,300.1
R,1134320,93856,3923,3012,667501,29913,3904,3013,975.1,300.1
D,NBXX,9999,8.500e-5,6.331e-5,4.133e-5,7.637e-6,6.762e-6,5.694e-6
Y,194692,975.1,300.1,295.8,80.7,13.1,5.7,0,0008
T,2014,08,24,02,18,40
B,247385,34037,112,3168,148481,6769,117,3162,975.1,300.1
G,2983680,237860,91,3168,1742821,40856,71,3162,975.1,300.1
R,1203975,97154,4144,3168,705725,31644,4163,3162,975.1,300.1
D,NBXX,9999,8.243e-5,6.243e-5,3.970e-5,6.856e-6,6.363e-6,5.664e-6
Y,195665,975.1,300.1,295.8,80.5,13.0,5.7,0,0008
T,2014,08,24,02,23,40
B,269899,37246,134,3447,162392,7457,129,3447,975.1,300.1
G,3239026,255350,116,3447,1894602,44612,98,3447,975.1,300.1
R,1304135,105004,4646,3447,766463,34408,4551,3447,975.1,300.1
D,NBXX,9999,8.272e-5,6.154e-5,3.943e-5,6.986e-6,6.404e-6,5.571e-6
Y,195216,975.1,300.1,295.8,80.5,13.1,5.7,0,0000
T,2014,08,24,02,28,40
B,266754,36840,122,3425,160753,7447,112,3425,975.1,300.1
G,3221408,257138,98,3425,1880286,44451,86,3425,975.1,300.1
R,1297043,105073,4418,3425,761205,34289,4450,3425,975.1,300.1
D,NBXX,9999,8.289e-5,6.253e-5,4.001e-5,7.312e-6,6.439e-6,5.810e-6
Y,195402,975.1,300.1,295.8,80.4,13.0,5.7,0,0008
T,2014,08,24,02,33,40
B,268579,36432,95,3425,161523,7452,112,3425,975.1,300.1
G,3227371,253970,87,3425,1903680,44029,73,3425,975.1,300.1
R,1301593,103630,4795,3425,769347,34139,4649,3425,975.1,300.1
D,NBXX,9999,8.099e-5,6.142e-5,3.853e-5,7.273e-6,6.293e-6,5.260e-6
Y,195765,975.1,300.1,295.8,80.4,13.0,5.7,0,0008
T,2014,08,24,02,38,40
B,270233,36869,145,3448,162137,7587,129,3447,975.0,300.1
G,3243082,253113,93,3448,1906433,44407,104,3447,975.0,300.1
R,1306152,103837,4491,3448,767836,34222,4548,3447,975.0,300.1
D,NBXX,9999,8.141e-5,6.077e-5,3.874e-5,7.319e-6,6.334e-6,5.552e-6
Y,195404,975.0,300.1,295.8,80.4,13.0,5.7,0,0000
T,2014,08,24,02,43,40
B,269091,35776,124,3447,162199,7411,126,3447,975.0,300.1
G,3241604,248227,106,3447,1907971,43996,73,3447,975.0,300.1
R,1306570,102201,4493,3447,769441,34107,4763,3447,975.0,300.1
D,NBXX,9999,7.865e-5,5.932e-5,3.758e-5,6.957e-6,6.218e-6,5.320e-6
Y,195372,975.0,300.1,295.8,80.2,13.0,5.7,0,0000
T,2014,08,24,02,48,40
B,271097,35960,117,3447,163579,7409,89,3448,974.9,300.1
G,3246285,246686,106,3447,1909335,44227,112,3448,974.9,300.1
R,1307700,101640,4482,3447,771358,34218,4502,3448,974.9,300.1
D,NBXX,9999,7.856e-5,5.873e-5,3.738e-5,6.938e-6,6.251e-6,5.561e-6
Y,195655,974.9,300.1,295.8,79.9,13.0,5.7,0,0000
T,2014,08,24,02,53,40
B,269151,35870,90,3447,164153,7522,88,3447,974.9,300.1
G,3244912,244985,110,3447,1907984,43569,84,3447,974.9,300.1
R,1305525,101049,4534,3447,771322,34204,4696,3447,974.9,300.1
D,NBXX,9999,7.915e-5,5.826e-5,3.694e-5,7.540e-6,6.069e-6,5.408e-6
Y,195572,974.9,300.1,295.8,79.9,13.1,5.7,0,0000
T,2014,08,24,02,58,40
B,269579,35393,104,3448,163762,7197,120,3447,974.9,300.1
G,3240386,241950,137,3448,1907993,43857,83,3447,974.9,300.1
R,1306745,100857,4583,3448,770574,33939,4544,3447,974.9,300.1
D,NBXX,9999,7.739e-5,5.743e-5,3.684e-5,6.369e-6,6.170e-6,5.312e-6
Y,195241,974.9,300.1,295.8,79.7,13.1,5.7,0,0000
T,2014,08,24,03,03,40
B,270251,34648,123,3447,162629,7309,130,3447,974.8,300.1
G,3242338,239241,94,3447,1908813,43465,82,3447,974.8,300.1
R,1308372,98707,4624,3447,772032,33783,4465,3447,974.8,300.1
D,NBXX,9999,7.478e-5,5.657e-5,3.550e-5,6.547e-6,6.054e-6,5.221e-6
Y,195416,974.8,300.1,295.7,79.7,13.0,5.7,0,0000
T,2014,08,24,03,08,40
B,270934,34743,138,3447,162896,7334,102,3448,974.8,300.0
G,3240939,237693,90,3447,1911797,43665,93,3448,974.8,300.0
R,1306238,98594,4631,3447,770836,33910,4527,3448,974.8,300.0
D,NBXX,9999,7.485e-5,5.613e-5,3.547e-5,6.608e-6,6.114e-6,5.268e-6
Y,195331,974.8,300.0,295.7,79.6,13.1,5.7,0,0000
T,2014,08,24,03,13,40
B,267204,34897,83,3425,162277,7136,114,3425,974.8,300.0
G,3219390,237829,97,3425,1896812,43106,91,3425,974.8,300.0
R,1297507,99289,4476,3425,766418,33483,4439,3425,974.8,300.0
D,NBXX,9999,7.691e-5,5.665e-5,3.643e-5,6.458e-6,6.034e-6,5.279e-6
Y,195279,974.8,300.0,295.7,79.6,13.1,5.7,0,0008
T,2014,08,24,03,18,40
B,246293,32302,148,3165,149764,6662,89,3167,974.8,300.0
G,2967346,221462,72,3165,1744813,40104,89,3167,974.8,300.0
R,1197741,91638,4186,3165,706356,31329,4103,3167,974.8,300.0
D,NBXX,9999,7.716e-5,5.741e-5,3.637e-5,6.512e-6,6.154e-6,5.501e-6
Y,194775,974.8,300.0,295.7,79.4,13.1,5.7,0,0008
T,2014,08,24,03,23,40
B,230919,30337,112,2958,140779,6415,98,2960,974.8,300.0
G,2787358,209109,94,2958,1644793,37797,67,2960,974.8,300.0
R,1125220,86264,3895,2958,666972,29211,3927,2960,974.8,300.0
D,NBXX,9999,7.738e-5,5.779e-5,3.647e-5,7.155e-6,6.194e-6,5.316e-6
Y,195768,974.8,300.0,295.7,79.4,13.0,5.7,0,0008
T,2014,08,24,03,28,40
B,242554,31289,108,3090,146984,6469,76,3093,974.8,300.0
G,2904995,213633,80,3090,1718460,38822,89,3093,974.8,300.0
R,1170530,88008,3990,3090,695001,30044,4121,3093,974.8,300.0
D,NBXX,9999,7.559e-5,5.632e-5,3.532e-5,6.388e-6,5.996e-6,5.099e-6
Y,195312,974.8,300.0,295.7,79.2,13.0,5.7,0,0008
T,2014,08,24,03,33,40
B,247035,31900,128,3141,149146,6713,102,3143,974.8,300.0
G,2960239,219465,72,3141,1750212,39783,77,3143,974.8,300.0
R,1191329,90537,4171,3141,707780,31184,4051,3143,974.8,300.0
D,NBXX,9999,7.554e-5,5.692e-5,3.598e-5,6.643e-6,6.083e-6,5.533e-6
Y,195797,974.8,300.0,295.7,79.2,13.1,5.7,0,0008
T,2014,08,24,03,38,40
B,268553,35031,121,3447,162818,7392,120,3447,974.8,300.0
G,3234321,238551,134,3447,1906055,43233,85,3447,974.8,300.0
R,1304722,98637,4644,3447,773045,33443,4474,3447,974.8,300.0
D,NBXX,9999,7.664e-5,5.653e-5,3.559e-5,6.974e-6,6.001e-6,5.034e-6
Y,194931,974.8,300.0,295.7,79.2,13.0,5.7,0,0000
T,2014,08,24,03,43,40
B,269725,34685,138,3448,162234,7289,109,3447,974.8,300.0
G,3239428,240788,113,3448,1903009,43264,79,3447,974.8,300.0
R,1304747,99391,4439,3448,768530,33560,4563,3447,974.8,300.0
D,NBXX,9999,7.511e-5,5.710e-5,3.613e-5,6.555e-6,6.003e-6,5.191e-6
Y,195183,974.8,300.0,295.6,79.1,13.1,5.7,0,0000
T,2014,08,24,03,48,40
B,269516,34549,79,3447,163121,7285,113,3447,974.7,300.0
G,3239193,240433,114,3447,1901370,43257,70,3447,974.7,300.0
R,1304489,99680,4544,3447,768905,33731,4503,3447,974.7,300.0
D,NBXX,9999,7.497e-5,5.700e-5,3.628e-5,6.745e-6,6.001e-6,5.261e-6
Y,195226,974.7,300.0,295.6,79.1,13.0,5.7,0,0000
T,2014,08,24,03,53,40
B,268775,34945,92,3447,162904,7343,111,3448,974.6,300.0
G,3240975,240238,96,3447,1903520,43252,119,3448,974.6,300.0
R,1303597,99227,4568,3447,768475,33713,4453,3448,974.6,300.0
D,NBXX,9999,7.642e-5,5.689e-5,3.606e-5,6.935e-6,5.977e-6,5.273e-6
Y,195334,974.6,300.0,295.6,78.9,13.0,5.7,0,0000
T,2014,08,24,03,58,40
B,270087,34765,111,3447,163021,7189,100,3447,974.5,299.9
G,3236303,237359,79,3447,1908896,42945,97,3447,974.5,299.9
R,1305425,98385,4462,3447,769454,33734,4379,3447,974.5,299.9
D,NBXX,9999,7.534e-5,5.613e-5,3.560e-5,6.345e-6,5.920e-6,5.398e-6
Y,195051,974.5,299.9,295.6,78.9,13.1,5.7,0,0000
T,2014,08,24,04,03,40
B,267846,35080,113,3448,163062,7164,134,3447,974.6,299.9
G,3244461,240518,94,3448,1906767,43467,81,3447,974.6,299.9
R,1305442,98960,4618,3448,770569,33739,4541,3447,974.6,299.9
D,NBXX,9999,7.704e-5,5.691e-5,3.573e-5,6.323e-6,6.050e-6,5.182e-6
Y,195488,974.6,299.9,295.6,78.9,13.0,5.7,0,0000
T,2014,08,24,04,08,40
B,270082,35352,136,3447,162544,7216,118,3447,974.5,299.9
G,3236722,242728,91,3447,1903701,43189,94,3447,974.5,299.9
R,1307637,100003,4393,3447,769486,33600,4399,3447,974.5,299.9
D,NBXX,9999,7.696e-5,5.776e-5,3.652e-5,6.276e-6,5.990e-6,5.327e-6
Y,195076,974.5,299.9,295.6,79.1,13.0,5.7,0,0000
T,2014,08,24,04,13,40
B,269734,35186,142,3447,163500,7435,120,3448,974.5,299.9
G,3240127,240227,105,3447,1907202,42944,73,3448,974.5,299.9
R,1304541,99692,4468,3447,770736,33803,4398,3448,974.5,299.9
D,NBXX,9999,7.657e-5,5.692e-5,3.641e-5,6.930e-6,5.900e-6,5.427e-6
Y,195282,974.5,299.9,295.6,79.1,13.0,5.7,0,0000
T,2014,08,24,04,18,40
B,269236,34683,110,3447,163461,7207,113,3447,974.5,299.9
G,3236353,238867,94,3447,1913356,43273,78,3447,974.5,299.9
R,1304021,98578,4517,3447,774089,33148,4462,3447,974.5,299.9
D,NBXX,9999,7.538e-5,5.659e-5,3.568e-5,6.423e-6,6.021e-6,4.960e-6
Y,195054,974.5,299.9,295.6,78.9,13.1,5.7,0,0000
T,2014,08,24,04,23,40
B,268974,34437,114,3448,163394,7327,116,3447,974.5,299.9
G,3240393,234831,99,3448,1922302,42582,104,3447,974.5,299.9
R,1304666,97996,4512,3448,776002,33358,4442,3447,974.5,299.9
D,NBXX,9999,7.471e-5,5.526e-5,3.532e-5,6.789e-6,5.787e-6,5.103e-6
Y,195242,974.5,299.9,295.6,78.9,13.1,5.7,0,0000
T,2014,08,24,04,28,40
B,269193,34155,117,3447,163275,7226,120,3447,974.6,299.9
G,3239497,233223,87,3447,1913238,42626,95,3447,974.6,299.9
R,1304516,96520,4463,3447,773410,33588,4411,3447,974.6,299.9
D,NBXX,9999,7.375e-5,5.480e-5,3.448e-5,6.435e-6,5.808e-6,5.296e-6
Y,195244,974.6,299.9,295.6,78.8,13.1,5.7,0,0000
T,2014,08,24,04,33,40
B,269525,34086,139,3447,163051,7125,136,3448,974.6,299.9
G,3241525,231296,89,3447,1914005,42104,84,3448,974.6,299.9
R,1302020,96203,4525,3447,772461,33215,4488,3448,974.6,299.9
D,NBXX,9999,7.329e-5,5.417e-5,3.429e-5,5.965e-6,5.640e-6,4.993e-6
Y,195367,974.6,299.9,295.5,78.8,13.1,5.7,0,0000
T,2014,08,24,04,38,40
B,269329,34171,129,3447,163527,7190,125,3447,974.7,299.9
G,3238201,232320,128,3447,1915385,42356,81,3447,974.7,299.9
R,1303774,95947,4414,3447,773096,33516,4448,3447,974.7,299.9
D,NBXX,9999,7.369e-5,5.454e-5,3.417e-5,6.256e-6,5.721e-6,5.269e-6
Y,195166,974.7,299.9,295.5,78.8,13.1,5.7,0,0000
T,2014,08,24,04,43,40
B,269134,33827,96,3448,163589,7193,120,3447,974.7,299.9
G,3240100,232277,96,3448,1911672,43018,82,3447,974.7,299.9
R,1304265,96371,4423,3448,773529,33330,4462,3447,974.7,299.9
D,NBXX,9999,7.285e-5,5.450e-5,3.439e-5,6.420e-6,5.930e-6,5.139e-6
Y,195224,974.7,299.9,295.5,78.8,13.1,5.7,0,0000
T,2014,08,24,04,48,40
B,268639,33726,115,3447,162862,7169,80,3447,974.7,299.9
G,3234392,233556,99,3447,1901304,42406,70,3447,974.7,299.9
R,1305268,96772,4378,3447,768172,32848,4549,3447,974.7,299.9
D,NBXX,9999,7.281e-5,5.502e-5,3.457e-5,6.453e-6,5.766e-6,4.801e-6
Y,194935,974.7,299.9,295.5,78.6,13.0,5.7,0,0000
T,2014,08,24,04,53,40
B,270601,34361,126,3447,163502,7210,118,3448,974.8,299.9
G,3240312,233870,116,3447,1909324,42995,104,3448,974.8,299.9
R,1305957,97549,4379,3447,771241,33147,4468,3448,974.8,299.9
D,NBXX,9999,7.381e-5,5.497e-5,3.507e-5,6.247e-6,5.900e-6,5.027e-6
Y,195294,974.8,299.9,295.5,78.6,13.1,5.7,0,0000
T,2014,08,24,04,58,40
B,269039,34603,127,3447,164067,7415,122,3447,974.8,299.9
G,3236240,236496,80,3447,1918039,43256,102,3447,974.8,299.9
R,1305225,97366,4439,3447,774046,33339,4359,3447,974.8,299.9
D,NBXX,9999,7.512e-5,5.587e-5,3.502e-5,6.977e-6,6.013e-6,5.191e-6
Y,195047,974.8,299.9,295.5,78.6,13.0,5.7,0,0000
T,2014,08,24,05,03,40
B,269493,33570,125,3448,163708,7154,106,3447,974.8,299.9
G,3243116,232802,111,3448,1908348,42837,89,3447,974.8,299.9
R,1302918,96559,4425,3448,770413,32921,4502,3447,974.8,299.9
D,NBXX,9999,7.189e-5,5.459e-5,3.453e-5,6.221e-6,5.855e-6,4.875e-6
Y,195406,974.8,299.9,295.5,78.6,13.1,5.7,0,0000
T,2014,08,24,05,08,40
B,269611,34405,137,3447,164507,7118,97,3447,974.8,299.9
G,3237532,232387,110,3447,1913124,42636,89,3447,974.8,299.9
R,1304667,96321,4448,3447,773850,32955,4435,3447,974.8,299.9
D,NBXX,9999,7.436e-5,5.458e-5,3.435e-5,6.087e-6,5.813e-6,4.904e-6
Y,195125,974.8,299.9,295.5,78.6,13.1,5.7,0,0000
T,2014,08,24,05,13,40
B,269475,34066,130,3447,163656,7121,119,3448,974.8,299.9
G,3235298,233231,101,3447,1912838,42658,95,3448,974.8,299.9
R,1302777,96045,4277,3447,771919,33326,4410,3448,974.8,299.9
D,NBXX,9999,7.333e-5,5.489e-5,3.439e-5,6.048e-6,5.826e-6,5.283e-6
Y,194990,974.8,299.9,295.5,78.4,13.1,5.7,0,0000
T,2014,08,24,05,18,40
B,269403,33568,116,3447,163146,7128,120,3447,974.9,299.9
G,3236753,232080,110,3447,1917596,42260,98,3447,974.9,299.9
R,1304722,95996,4426,3447,773264,32618,4404,3447,974.9,299.9
D,NBXX,9999,7.190e-5,5.450e-5,3.419e-5,6.126e-6,5.698e-6,4.736e-6
Y,195078,974.9,299.9,295.5,78.4,13.1,5.7,0,0000
T,2014,08,24,05,23,40
B,270416,34158,112,3448,164201,7227,99,3447,974.9,299.8
G,3238582,230447,113,3448,1916488,42294,102,3447,974.9,299.8
R,1301868,96493,4505,3448,773213,33054,4270,3447,974.9,299.8
D,NBXX,9999,7.336e-5,5.396e-5,3.464e-5,6.426e-6,5.702e-6,5.075e-6
Y,195132,974.9,299.8,295.5,78.3,13.1,5.7,0,0000
T,2014,08,24,05,28,40
B,270010,34111,136,3447,162178,7090,120,3447,975.0,299.8
G,3236277,230489,76,3447,1901145,42446,102,3447,975.0,299.8
R,1305426,95664,4359,3447,768406,32506,4401,3447,975.0,299.8
D,NBXX,9999,7.322e-5,5.404e-5,3.400e-5,5.881e-6,5.767e-6,4.710e-6
Y,195049,975.0,299.8,295.5,78.3,13.0,5.7,0,0000
T,2014,08,24,05,33,40
B,269816,33736,140,3447,162364,7233,102,3448,975.0,299.8
G,3236910,228428,95,3447,1904309,42032,85,3448,975.0,299.8
R,1303781,94806,4544,3447,770378,32451,4421,3448,975.0,299.8
D,NBXX,9999,7.221e-5,5.340e-5,3.341e-5,6.370e-6,5.634e-6,4.544e-6
Y,195088,975.0,299.8,295.4,78.3,13.0,5.7,0,0000
T,2014,08,24,05,38,40
B,269526,33852,131,3447,162854,7120,133,3447,975.0,299.8
G,3240184,230304,103,3447,1911435,42017,110,3447,975.0,299.8
R,1302206,95661,4389,3447,771246,32449,4472,3447,975.0,299.8
D,NBXX,9999,7.259e-5,5.389e-5,3.406e-5,5.981e-6,5.609e-6,4.637e-6
Y,195286,975.0,299.8,295.4,78.3,13.0,5.7,0,0000
T,2014,08,24,05,43,40
B,266705,34221,128,3425,161249,7158,101,3425,975.0,299.8
G,3222082,230224,127,3425,1890969,42093,88,3425,975.0,299.8
R,1297222,94702,4240,3425,763106,32896,4202,3425,975.0,299.8
D,NBXX,9999,7.491e-5,5.425e-5,3.397e-5,6.438e-6,5.703e-6,5.259e-6
Y,195443,975.0,299.8,295.4,78.3,13.0,5.7,0,0008
T,2014,08,24,05,48,40
B,264998,33514,95,3390,160293,7159,96,3389,975.0,299.8
G,3187872,229129,102,3390,1876224,41527,89,3389,975.0,299.8
R,1281637,94838,4406,3390,756511,32402,4438,3389,975.0,299.8
D,NBXX,9999,7.354e-5,5.468e-5,3.440e-5,6.718e-6,5.677e-6,4.842e-6
Y,195364,975.0,299.8,295.4,78.3,13.1,5.7,0,0008
T,2014,08,24,05,53,40
B,268872,34626,116,3447,162875,7238,130,3447,974.9,299.8
G,3237997,236575,110,3447,1902826,42823,78,3447,974.9,299.8
R,1301994,97341,4379,3447,769074,32887,4464,3447,974.9,299.8
D,NBXX,9999,7.524e-5,5.585e-5,3.510e-5,6.451e-6,5.872e-6,4.919e-6
Y,195153,974.9,299.8,295.4,78.4,13.1,5.7,0,0000
T,2014,08,24,05,58,40
B,269828,34999,119,3447,162763,7315,98,3448,975.1,299.8
G,3240799,239992,81,3447,1910582,43017,94,3448,975.1,299.8
R,1303699,98186,4409,3447,770641,32922,4278,3448,975.1,299.8
D,NBXX,9999,7.610e-5,5.684e-5,3.566e-5,6.704e-6,5.920e-6,5.027e-6
Y,195323,975.1,299.8,295.4,78.4,13.1,5.7,0,0000
T,2014,08,24,06,03,40
B,268141,35147,111,3447,163623,7199,108,3447,975.1,299.8
G,3231121,241401,96,3447,1906712,43083,86,3447,975.1,299.8
R,1303415,99324,4300,3447,769875,33034,4228,3447,975.1,299.8
D,NBXX,9999,7.720e-5,5.748e-5,3.647e-5,6.485e-6,5.981e-6,5.215e-6
Y,194737,975.1,299.8,295.4,78.4,13.0,5.7,0,0000
T,2014,08,24,06,08,40
B,269365,35309,84,3448,163838,7477,134,3447,975.2,299.8
G,3234830,242568,89,3448,1912802,43208,80,3447,975.2,299.8
R,1303219,100054,4425,3448,774456,33127,4219,3447,975.2,299.8
D,NBXX,9999,7.718e-5,5.776e-5,3.684e-5,7.225e-6,6.013e-6,5.197e-6
Y,194905,975.2,299.8,295.4,78.4,13.1,5.7,0,0000
T,2014,08,24,06,13,40
B,268900,35757,135,3447,163484,7241,119,3447,975.2,299.8
G,3234819,245795,111,3447,1911078,43696,82,3447,975.2,299.8
R,1300577,100242,4307,3447,772068,33345,4300,3447,975.2,299.8
D,NBXX,9999,7.860e-5,5.874e-5,3.709e-5,6.416e-6,6.149e-6,5.380e-6
Y,194961,975.2,299.8,295.4,78.4,13.1,5.7,0,0000
T,2014,08,24,06,18,40
B,270189,35903,99,3447,162302,7412,104,3448,975.1,299.8
G,3234898,247737,113,3447,1903753,44225,68,3448,975.1,299.8
R,1300534,101267,4435,3447,767626,33604,4310,3448,975.1,299.8
D,NBXX,9999,7.873e-5,5.933e-5,3.762e-5,7.016e-6,6.311e-6,5.435e-6
Y,194966,975.1,299.8,295.4,78.6,13.0,5.7,0,0000
T,2014,08,24,06,23,40
B,269310,36550,96,3447,162457,7583,101,3447,975.0,299.8
G,3234609,250359,89,3447,1900702,45189,86,3447,975.0,299.8
R,1300270,101893,4359,3447,767388,33825,4353,3447,975.0,299.8
D,NBXX,9999,8.105e-5,6.014e-5,3.804e-5,7.631e-6,6.612e-6,5.601e-6
Y,194949,975.0,299.8,295.4,78.6,13.1,5.7,0,0000
T,2014,08,24,06,28,40
B,268494,36676,107,3448,163408,7680,116,3447,975.1,299.8
G,3236561,253593,116,3448,1912957,45636,89,3447,975.1,299.8
R,1303603,102736,4201,3448,773984,33883,4256,3447,975.1,299.8
D,NBXX,9999,8.168e-5,6.107e-5,3.858e-5,7.908e-6,6.733e-6,5.785e-6
Y,195010,975.1,299.8,295.4,78.6,13.0,5.7,0,0000
T,2014,08,24,06,33,40
B,268847,37236,107,3447,163395,7749,89,3447,975.1,299.8
G,3236484,255494,108,3447,1902441,45951,95,3447,975.1,299.8
R,1299303,102740,4330,3447,769299,34111,4384,3447,975.1,299.8
D,NBXX,9999,8.332e-5,6.165e-5,3.860e-5,8.175e-6,6.827e-6,5.785e-6
Y,195062,975.1,299.8,295.4,78.4,13.1,5.7,0,0000
T,2014,08,24,06,38,40
B,269671,37040,124,3447,162548,7690,112,3448,975.1,299.8
G,3235624,254694,98,3447,1907552,45933,95,3448,975.1,299.8
R,1302796,102640,4233,3447,768534,34040,4419,3448,975.1,299.8
D,NBXX,9999,8.225e-5,6.143e-5,3.843e-5,7.781e-6,6.824e-6,5.741e-6
Y,195010,975.1,299.8,295.4,78.4,13.1,5.7,0,0000
T,2014,08,24,06,43,40
B,268967,36995,110,3447,163666,7865,116,3447,975.2,299.8
G,3235896,253738,94,3447,1909719,45707,87,3447,975.2,299.8
R,1300432,102333,4308,3447,770070,33857,4394,3447,975.2,299.8
D,NBXX,9999,8.242e-5,6.114e-5,3.831e-5,8.397e-6,6.762e-6,5.626e-6
Y,195026,975.2,299.8,295.4,78.4,13.1,5.7,0,0000
T,2014,08,24,06,48,40
B,269299,36727,97,3448,163261,7560,112,3447,975.3,299.8
G,3238600,253266,91,3448,1909346,45467,58,3447,975.3,299.8
R,1304460,102424,4290,3448,771951,33917,4418,3447,975.3,299.8
D,NBXX,9999,8.153e-5,6.094e-5,3.818e-5,7.513e-6,6.693e-6,5.619e-6
Y,195133,975.3,299.8,295.4,78.4,13.0,5.7,0,0000
T,2014,08,24,06,53,40
B,256024,35611,96,3285,154488,7313,93,3284,975.4,299.8
G,3081652,243705,88,3285,1807747,43551,86,3284,975.4,299.8
R,1241302,98109,4214,3285,731568,32301,4053,3284,975.4,299.8
D,NBXX,9999,8.377e-5,6.180e-5,3.861e-5,7.949e-6,6.773e-6,5.650e-6
Y,194889,975.4,299.8,295.4,78.3,13.0,5.7,0,0008
T,2014,08,24,06,58,40
B,260388,36636,101,3320,156071,7290,127,3321,975.5,299.8
G,3127474,252063,90,3320,1824579,44809,81,3321,975.5,299.8
R,1261291,100775,4293,3320,736941,33080,4124,3321,975.5,299.8
D,NBXX,9999,8.495e-5,6.329e-5,3.928e-5,7.344e-6,6.959e-6,5.789e-6
Y,195705,975.5,299.8,295.4,78.3,13.0,5.7,0,0008
T,2014,08,24,07,03,40
B,232478,32909,94,2965,138286,6798,80,2962,975.6,299.8
G,2791627,226492,78,2965,1626878,40184,79,2962,975.6,299.8
R,1124580,90141,3657,2965,657327,29785,3656,2962,975.6,299.8
D,NBXX,9999,8.576e-5,6.382e-5,3.963e-5,8.507e-6,7.042e-6,6.174e-6
Y,195604,975.6,299.8,295.4,78.3,13.1,5.7,0,0008
T,2014,08,24,07,08,40
B,269690,38469,110,3448,162177,7806,94,3447,975.5,299.8
G,3236379,264370,128,3448,1894286,46824,96,3447,975.5,299.8
R,1301683,105382,4339,3448,766158,33938,4302,3447,975.5,299.8
D,NBXX,9999,8.664e-5,6.436e-5,4.015e-5,8.241e-6,7.090e-6,5.710e-6
Y,194999,975.5,299.8,295.4,78.3,13.1,5.7,0,0000
T,2014,08,24,07,13,40
B,268057,38613,115,3447,163908,7845,103,3447,975.7,299.8
G,3234025,263576,85,3447,1916310,46263,79,3447,975.7,299.8
R,1302017,105155,4359,3447,772551,34421,4266,3447,975.7,299.8
D,NBXX,9999,8.773e-5,6.419e-5,4.001e-5,8.443e-6,6.946e-6,6.006e-6
Y,194913,975.7,299.8,295.4,78.3,13.0,5.7,0,0000
T,2014,08,24,07,18,40
B,268215,38573,96,3447,161768,7765,107,3448,975.7,299.8
G,3234096,262894,73,3447,1902453,46513,104,3448,975.7,299.8
R,1300266,104886,4312,3447,766586,34162,4365,3448,975.7,299.8
D,NBXX,9999,8.759e-5,6.398e-5,3.989e-5,8.232e-6,7.013e-6,5.826e-6
Y,194917,975.7,299.8,295.4,78.3,13.1,5.7,0,0000
T,2014,08,24,07,23,40
B,269110,38349,108,3447,163122,7901,105,3447,975.8,299.8
G,3238219,260452,95,3447,1901883,46020,95,3447,975.8,299.8
R,1303872,103997,4318,3447,768666,34353,4444,3447,975.8,299.8
D,NBXX,9999,8.650e-5,6.313e-5,3.913e-5,8.539e-6,6.845e-6,5.847e-6
Y,195167,975.8,299.8,295.3,78.3,13.1,5.7,0,0000
T,2014,08,24,07,28,40
B,269674,37903,126,3448,164232,7542,79,3447,975.8,299.8
G,3237897,258727,78,3448,1912318,45863,96,3447,975.8,299.8
R,1303387,103827,4423,3448,769438,34159,4462,3447,975.8,299.8
D,NBXX,9999,8.494e-5,6.261e-5,3.896e-5,7.442e-6,6.808e-6,5.653e-6
Y,195091,975.8,299.8,295.4,78.3,13.1,5.7,0,0000
T,2014,08,24,07,33,40
B,268086,37041,102,3447,163288,7778,118,3447,975.9,299.8
G,3235309,255301,85,3447,1913154,45502,93,3447,975.9,299.8
R,1303783,103264,4261,3447,772987,34107,4437,3447,975.9,299.8
D,NBXX,9999,8.294e-5,6.163e-5,3.873e-5,8.230e-6,6.703e-6,5.744e-6
Y,194991,975.9,299.8,295.3,78.3,13.0,5.7,0,0000
T,2014,08,24,07,38,40
B,269297,36976,111,3447,163090,7726,100,3448,975.9,299.8
G,3236832,253725,103,3447,1914605,45315,93,3448,975.9,299.8
R,1304585,102834,4317,3447,771492,33922,4465,3448,975.9,299.8
D,NBXX,9999,8.227e-5,6.111e-5,3.838e-5,7.995e-6,6.630e-6,5.558e-6
Y,195083,975.9,299.8,295.3,78.3,13.0,5.7,0,0000
T,2014,08,24,07,43,40
B,269391,36475,86,3447,163510,7485,114,3447,975.9,299.8
G,3237045,251319,94,3447,1909678,44558,91,3447,975.9,299.8
R,1304057,101821,4327,3447,773398,33555,4325,3447,975.9,299.8
D,NBXX,9999,8.076e-5,6.037e-5,3.787e-5,7.304e-6,6.406e-6,5.438e-6
Y,195096,975.9,299.8,295.3,78.3,13.0,5.7,0,0000
T,2014,08,24,07,48,40
B,269265,36718,118,3448,163116,7605,98,3447,976.0,299.8
G,3240246,251721,100,3448,1913386,44966,46,3447,976.0,299.8
R,1302792,101503,4372,3448,771252,33935,4294,3447,976.0,299.8
D,NBXX,9999,8.149e-5,6.043e-5,3.772e-5,7.627e-6,6.534e-6,5.678e-6
Y,195233,976.0,299.8,295.3,78.3,13.0,5.7,0,0000
T,2014,08,24,07,53,40
B,270564,36532,117,3447,162722,7446,99,3447,976.0,299.8
G,3238236,250969,77,3447,1907582,44997,88,3447,976.0,299.8
R,1303013,101200,4366,3447,769385,33675,4444,3447,976.0,299.8
D,NBXX,9999,8.040e-5,6.024e-5,3.743e-5,7.036e-6,6.542e-6,5.411e-6
Y,195168,976.0,299.8,295.3,78.3,13.0,5.7,0,0000
T,2014,08,24,07,58,40
B,268894,35828,112,3447,163265,7593,115,3447,976.0,299.7
G,3238872,247186,114,3447,1907659,44647,105,3447,976.0,299.7
R,1305331,99907,4319,3447,770110,33638,4360,3447,976.0,299.7
D,NBXX,9999,7.891e-5,5.903e-5,3.664e-5,7.577e-6,6.400e-6,5.455e-6
Y,195206,976.0,299.7,295.3,78.4,13.0,5.7,0,0000
T,2014,08,24,08,03,40
B,268955,35217,134,3447,163763,7544,109,3448,976.1,299.7
G,3239038,240406,89,3447,1910184,43650,108,3448,976.1,299.7
R,1301736,98453,4419,3447,772378,33625,4336,3448,976.1,299.7
D,NBXX,9999,7.698e-5,5.697e-5,3.585e-5,7.361e-6,6.099e-6,5.428e-6
Y,195216,976.1,299.7,295.3,78.4,13.1,5.7,0,0000
T,2014,08,24,08,08,40
B,268570,35137,76,3447,162863,7292,114,3447,976.2,299.7
G,3238326,239256,109,3447,1910239,43510,86,3447,976.2,299.7
R,1304110,98209,4459,3447,771510,33096,4497,3447,976.2,299.7
D,NBXX,9999,7.707e-5,5.661e-5,3.547e-5,6.821e-6,6.051e-6,4.944e-6
Y,195173,976.2,299.7,295.3,78.6,13.0,5.7,0,0000
T,2014,08,24,08,13,40
B,268729,35115,116,3448,162371,7350,107,3447,976.3,299.7
G,3236838,239968,113,3448,1909726,43489,68,3447,976.3,299.7
R,1303348,97912,4186,3448,771718,32910,4309,3447,976.3,299.7
D,NBXX,9999,7.680e-5,5.686e-5,3.564e-5,6.861e-6,6.059e-6,5.169e-6
Y,195027,976.3,299.7,295.3,78.6,13.1,5.7,0,0000
T,2014,08,24,08,18,40
B,268322,34912,105,3447,162989,7160,109,3447,976.3,299.7
G,3239727,237440,102,3447,1909117,43337,97,3447,976.3,299.7
R,1300420,97579,4389,3447,772187,32995,4326,3447,976.3,299.7
D,NBXX,9999,7.638e-5,5.602e-5,3.540e-5,6.342e-6,5.991e-6,5.092e-6
Y,195258,976.3,299.7,295.3,78.6,13.0,5.7,0,0000
T,2014,08,24,08,23,40
B,267514,34339,112,3447,162106,7090,111,3448,976.4,299.7
G,3230509,233357,105,3447,1903679,42674,106,3448,976.4,299.7
R,1305140,96809,4421,3447,768893,33374,4328,3448,976.4,299.7
D,NBXX,9999,7.492e-5,5.498e-5,3.472e-5,6.155e-6,5.818e-6,5.243e-6
Y,194700,976.4,299.7,295.3,78.8,13.0,5.7,0,0000
T,2014,08,24,08,28,40
B,269597,33491,98,3447,162102,7144,87,3447,976.4,299.7
G,3235412,229222,111,3447,1906072,42389,79,3447,976.4,299.7
R,1301936,96075,4352,3447,768473,32818,4204,3447,976.4,299.7
D,NBXX,9999,7.169e-5,5.361e-5,3.454e-5,6.296e-6,5.723e-6,5.080e-6
Y,194997,976.4,299.7,295.3,78.8,13.0,5.7,0,0000
T,2014,08,24,08,33,40
B,269869,33426,103,3448,164091,7223,117,3447,976.4,299.7
G,3242080,227912,118,3448,1912988,42312,87,3447,976.4,299.7
R,1304400,95216,4455,3448,774064,32554,4286,3447,976.4,299.7
D,NBXX,9999,7.127e-5,5.306e-5,3.379e-5,6.397e-6,5.671e-6,4.768e-6
Y,195344,976.4,299.7,295.3,79.1,13.0,5.7,0,0000
T,2014,08,24,08,38,40
B,269466,32255,93,3447,163711,7263,97,3447,976.5,299.7
G,3237702,223384,81,3447,1920073,41743,85,3447,976.5,299.7
R,1303003,93738,4311,3447,775422,32345,4436,3447,976.5,299.7
D,NBXX,9999,6.799e-5,5.179e-5,3.294e-5,6.648e-6,5.525e-6,4.646e-6
Y,195136,976.5,299.7,295.3,79.1,13.0,5.7,0,0000
T,2014,08,24,08,43,40
B,269685,32119,138,3447,163343,7153,103,3448,976.6,299.7
G,3239437,219538,93,3447,1907281,41185,82,3448,976.6,299.7
R,1300237,91799,4315,3447,768552,32399,4330,3448,976.6,299.7
D,NBXX,9999,6.732e-5,5.058e-5,3.194e-5,6.115e-6,5.341e-6,4.775e-6
Y,195241,976.6,299.7,295.3,79.1,13.0,5.7,0,0000
T,2014,08,24,08,48,40
B,269356,31105,126,3447,162502,7010,120,3447,976.7,299.7
G,3236927,213441,98,3447,1902544,40602,89,3447,976.7,299.7
R,1302364,90429,4317,3447,768008,31894,4385,3447,976.7,299.7
D,NBXX,9999,6.436e-5,4.877e-5,3.098e-5,5.697e-6,5.173e-6,4.410e-6
Y,195089,976.7,299.7,295.3,79.1,13.1,5.7,0,0000
T,2014,08,24,08,53,40
B,269336,30800,119,3448,162274,6871,109,3447,976.8,299.7
G,3244384,209150,88,3448,1901628,40489,93,3447,976.8,299.7
R,1303595,89357,4324,3448,768611,31486,4344,3447,976.8,299.7
D,NBXX,9999,6.351e-5,4.731e-5,3.031e-5,5.347e-6,5.116e-6,4.179e-6
Y,195483,976.8,299.7,295.3,79.1,13.0,5.7,0,0000
T,2014,08,24,08,58,40
B,268715,29587,106,3447,162977,6892,116,3447,976.9,299.7
G,3238318,199415,97,3447,1894406,39446,83,3447,976.9,299.7
R,1301842,85851,4360,3447,765006,31245,4407,3447,976.9,299.7
D,NBXX,9999,6.007e-5,4.447e-5,2.817e-5,5.472e-6,4.817e-6,3.975e-6
Y,195173,976.9,299.7,295.3,79.1,13.1,5.7,0,0000
T,2014,08,24,09,03,40
B,269118,28798,117,3447,162159,6736,112,3448,977.0,299.7
G,3240469,194763,105,3447,1903153,38940,80,3448,977.0,299.7
R,1305598,84968,4309,3447,768906,31295,4301,3448,977.0,299.7
D,NBXX,9999,5.752e-5,4.301e-5,2.761e-5,4.940e-6,4.650e-6,4.074e-6
Y,195303,977.0,299.7,295.3,78.9,13.0,5.7,0,0000
T,2014,08,24,09,08,40
B,269376,28241,130,3447,162887,6590,121,3447,977.0,299.7
G,3242688,190757,63,3447,1906101,38678,93,3447,977.0,299.7
R,1302786,83498,4323,3447,770104,31072,4511,3447,977.0,299.7
D,NBXX,9999,5.568e-5,4.176e-5,2.666e-5,4.408e-6,4.576e-6,3.813e-6
Y,195437,977.0,299.7,295.3,79.1,13.1,5.7,0,0000
T,2014,08,24,09,13,40
B,269343,27980,107,3448,162537,6762,82,3447,977.2,299.7
G,3242122,189923,106,3448,1915702,38451,65,3447,977.2,299.7
R,1303288,83869,4252,3448,771089,30832,4267,3447,977.2,299.7
D,NBXX,9999,5.511e-5,4.151e-5,2.709e-5,5.153e-6,4.507e-6,3.889e-6
Y,195346,977.2,299.7,295.3,78.9,13.0,5.7,0,0000
T,2014,08,24,09,18,40
B,265686,27755,119,3403,161044,6656,113,3403,977.3,299.7
G,3199413,187500,92,3403,1882454,38108,62,3403,977.3,299.7
R,1286562,83555,4250,3403,760595,30273,4180,3403,977.3,299.7
D,NBXX,9999,5.543e-5,4.154e-5,2.754e-5,4.942e-6,4.559e-6,3.770e-6
Y,195322,977.3,299.7,295.3,78.9,13.0,5.7,0,0008
T,2014,08,24,09,23,40
B,269579,27420,125,3447,163355,6562,123,3448,977.5,299.7
G,3238333,186336,117,3447,1911626,38284,90,3448,977.5,299.7
R,1303609,82974,4119,3447,772361,30805,4452,3448,977.5,299.7
D,NBXX,9999,5.312e-5,4.047e-5,2.650e-5,4.301e-6,4.450e-6,3.824e-6
Y,195174,977.5,299.7,295.3,78.9,13.0,5.7,0,0000
T,2014,08,24,09,28,40
B,268050,26789,138,3447,163403,6459,113,3447,977.6,299.6
G,3239140,180721,108,3447,1911432,37779,108,3447,977.6,299.6
R,1303481,81058,4316,3447,770285,30409,4168,3447,977.6,299.6
D,NBXX,9999,5.166e-5,3.874e-5,2.540e-5,4.091e-6,4.294e-6,3.650e-6
Y,195223,977.6,299.6,295.3,78.8,13.0,5.7,0,0000
T,2014,08,24,09,33,40
B,267945,26861,95,3424,161802,6524,97,3423,977.7,299.6
G,3220614,179375,100,3424,1896680,37199,80,3423,977.7,299.6
R,1295601,79873,4310,3424,765098,30415,4218,3423,977.7,299.6
D,NBXX,9999,5.212e-5,3.866e-5,2.490e-5,4.509e-6,4.198e-6,3.703e-6
Y,195411,977.7,299.6,295.3,78.8,13.1,5.7,0,0008
T,2014,08,24,09,38,40
B,239488,23259,74,3064,143593,5698,88,3063,977.7,299.6
G,2884583,159043,71,3064,1691886,33637,70,3063,977.7,299.6
R,1161369,71232,3770,3064,683925,27240,3804,3063,977.7,299.6
D,NBXX,9999,4.961e-5,3.811e-5,2.471e-5,4.095e-6,4.315e-6,3.743e-6
Y,195587,977.7,299.6,295.3,78.9,13.0,5.7,0,0008
T,2014,08,24,09,43,40
B,258236,25142,124,3303,156344,6175,102,3304,977.8,299.6
G,3112369,171694,84,3303,1826757,35935,86,3304,977.8,299.6
R,1254096,77182,4160,3303,734802,29130,4000,3304,977.8,299.6
D,NBXX,9999,4.962e-5,3.813e-5,2.489e-5,3.993e-6,4.188e-6,3.567e-6
Y,195762,977.8,299.6,295.4,79.2,13.1,5.7,0,0008
T,2014,08,24,09,48,40
B,260617,24867,123,3332,158257,6306,104,3333,977.8,299.6
G,3142823,170101,69,3332,1851999,36125,87,3333,977.8,299.6
R,1263205,77274,4097,3332,746696,29588,4066,3333,977.8,299.6
D,NBXX,9999,4.804e-5,3.711e-5,2.464e-5,4.228e-6,4.143e-6,3.763e-6
Y,195958,977.8,299.6,295.4,79.1,13.1,5.7,0,0008
T,2014,08,24,09,53,40
B,264579,25180,106,3385,161321,6364,104,3384,977.9,299.6
G,3186636,170883,78,3385,1878346,35903,85,3384,977.9,299.6
R,1281779,76784,4251,3385,758802,29626,4333,3384,977.9,299.6
D,NBXX,9999,4.791e-5,3.662e-5,2.342e-5,4.196e-6,3.923e-6,3.311e-6
Y,195577,977.9,299.6,295.4,79.1,13.0,5.7,0,0008
T,2014,08,24,09,58,40
B,269495,25842,102,3447,161931,6666,115,3447,977.9,299.6
G,3240820,173868,112,3447,1903441,37132,93,3447,977.9,299.6
R,1303161,78306,4268,3447,770012,30299,4417,3447,977.9,299.6
D,NBXX,9999,4.849e-5,3.663e-5,2.359e-5,4.735e-6,4.095e-6,3.445e-6
Y,195324,977.9,299.6,295.4,78.9,13.0,5.7,0,0000
T,2014,08,24,10,03,40
B,269821,25856,89,3447,163539,6679,129,3447,977.9,299.6
G,3240523,177706,123,3447,1912530,37024,63,3447,977.9,299.6
R,1304006,80749,4347,3447,771543,30809,4301,3447,977.9,299.6
D,NBXX,9999,4.843e-5,3.781e-5,2.508e-5,4.747e-6,4.069e-6,3.773e-6
Y,195306,977.9,299.6,295.4,78.9,13.0,5.7,0,0000
T,2014,08,24,10,08,40
B,269623,25665,110,3447,164315,6376,93,3448,977.9,299.6
G,3238016,173159,89,3447,1919367,36728,86,3448,977.9,299.6
R,1303991,77982,4352,3447,775279,30549,4300,3448,977.9,299.6
D,NBXX,9999,4.796e-5,3.647e-5,2.339e-5,3.894e-6,3.989e-6,3.608e-6
Y,195155,977.9,299.6,295.3,78.8,13.1,5.7,0,0000
T,2014,08,24,10,13,40
B,268907,25734,107,3447,163208,6506,110,3447,977.9,299.6
G,3238545,174295,107,3447,1909273,37079,81,3447,977.9,299.6
R,1302337,79255,4303,3447,771106,30355,4329,3447,977.9,299.6
D,NBXX,9999,4.833e-5,3.680e-5,2.423e-5,4.293e-6,4.092e-6,3.524e-6
Y,195187,977.9,299.6,295.3,78.9,13.0,5.7,0,0000
T,2014,08,24,10,18,40
B,269511,25765,122,3448,163027,6452,103,3447,977.9,299.6
G,3243729,174572,98,3448,1898257,37504,98,3447,977.9,299.6
R,1300564,79062,4336,3448,765447,30252,4242,3447,977.9,299.6
D,NBXX,9999,4.822e-5,3.680e-5,2.421e-5,4.065e-6,4.204e-6,3.521e-6
Y,195443,977.9,299.6,295.3,79.1,13.1,5.7,0,0000
T,2014,08,24,10,23,40
B,269428,25755,97,3447,162374,6485,101,3447,977.9,299.6
G,3238331,175505,110,3447,1907030,37234,100,3447,977.9,299.6
R,1302314,78456,4242,3447,769693,30005,4245,3447,977.9,299.6
D,NBXX,9999,4.831e-5,3.717e-5,2.385e-5,4.259e-6,4.133e-6,3.414e-6
Y,195174,977.9,299.6,295.3,79.1,13.0,5.7,0,0000
T,2014,08,24,10,28,40
B,268375,26193,132,3447,162746,6448,140,3448,978.0,299.6
G,3236617,175176,91,3447,1904489,36966,76,3448,978.0,299.6
R,1302622,79667,4220,3447,768652,30085,4335,3448,978.0,299.6
D,NBXX,9999,4.969e-5,3.711e-5,2.453e-5,3.956e-6,4.069e-6,3.407e-6
Y,195070,978.0,299.6,295.3,79.2,13.0,5.7,0,0000
T,2014,08,24,10,33,40
B,267305,26366,132,3425,161802,6579,81,3425,978.1,299.6
G,3220065,178049,94,3425,1899616,36965,90,3425,978.1,299.6
R,1295477,79805,4167,3425,766646,30378,4223,3425,978.1,299.6
D,NBXX,9999,5.073e-5,3.826e-5,2.496e-5,4.643e-6,4.123e-6,3.775e-6
Y,195320,978.1,299.6,295.3,79.2,13.0,5.7,0,0008
T,2014,08,24,10,38,40
B,266124,26213,119,3414,160254,6402,145,3413,978.1,299.6
G,3209337,177805,74,3414,1881145,37500,90,3413,978.1,299.6
R,1289401,79847,4180,3414,757672,30251,4152,3413,978.1,299.6
D,NBXX,9999,5.044e-5,3.837e-5,2.523e-5,4.012e-6,4.336e-6,3.803e-6
Y,195296,978.1,299.6,295.3,79.1,13.0,5.7,0,0008
T,2014,08,24,10,43,40
B,267473,25868,117,3425,161671,6547,134,3425,978.2,299.6
G,3220618,175071,102,3425,1893552,36978,91,3425,978.2,299.6
R,1294854,78609,4049,3425,763182,30504,4121,3425,978.2,299.6
D,NBXX,9999,4.903e-5,3.733e-5,2.441e-5,4.399e-6,4.122e-6,4.015e-6
Y,195354,978.2,299.6,295.3,79.1,13.0,5.7,0,0008
T,2014,08,24,10,48,40
B,268823,26267,138,3447,162410,6605,103,3448,978.2,299.6
G,3240270,176980,77,3447,1901144,37552,74,3448,978.2,299.6
R,1301168,79050,4268,3447,767850,30242,4332,3448,978.2,299.6
D,NBXX,9999,4.988e-5,3.760e-5,2.417e-5,4.509e-6,4.240e-6,3.484e-6
Y,195291,978.2,299.6,295.3,79.1,13.0,5.7,0,0000
T,2014,08,24,10,53,40
B,269489,26015,121,3447,161965,6569,95,3447,978.2,299.6
G,3237546,176024,92,3447,1904302,37089,77,3447,978.2,299.6
R,1301538,79176,4259,3447,768623,30327,4234,3447,978.2,299.6
D,NBXX,9999,4.901e-5,3.735e-5,2.431e-5,4.446e-6,4.106e-6,3.613e-6
Y,195126,978.2,299.6,295.4,79.2,13.0,5.7,0,0000
T,2014,08,24,10,58,40
B,268993,25945,128,3448,162712,6608,122,3447,978.3,299.6
G,3237535,175411,89,3448,1904169,37553,100,3447,978.3,299.6
R,1301994,78714,4312,3448,769992,30441,4344,3447,978.3,299.6
D,NBXX,9999,4.883e-5,3.716e-5,2.390e-5,4.485e-6,4.243e-6,3.567e-6
Y,195069,978.3,299.6,295.3,78.9,13.0,5.7,0,0000
T,2014,08,24,11,03,40
B,267076,26091,122,3447,161111,6620,98,3447,978.3,299.6
G,3236678,174425,66,3447,1895187,37414,76,3447,978.3,299.6
R,1301016,78795,4359,3447,764458,30336,4309,3447,978.3,299.6
D,NBXX,9999,4.994e-5,3.689e-5,2.397e-5,4.759e-6,4.217e-6,3.500e-6
Y,195074,978.3,299.6,295.3,78.8,13.1,5.7,0,0000
T,2014,08,24,11,08,40
B,267779,26091,123,3447,163668,6576,135,3448,978.4,299.6
G,3235587,175037,115,3447,1905854,36909,72,3448,978.4,299.6
R,1301525,78760,4388,3447,767822,30462,4266,3448,978.4,299.6
D,NBXX,9999,4.960e-5,3.708e-5,2.394e-5,4.435e-6,4.048e-6,3.577e-6
Y,195008,978.4,299.6,295.3,78.8,13.0,5.7,0,0000
T,2014,08,24,11,13,40
B,269339,26290,103,3447,162589,6505,110,3447,978.4,299.6
G,3237548,176964,104,3447,1905747,37511,81,3447,978.4,299.6
R,1304006,79199,4323,3447,767883,30476,4268,3447,978.4,299.6
D,NBXX,9999,4.990e-5,3.763e-5,2.417e-5,4.273e-6,4.229e-6,3.611e-6
Y,195126,978.4,299.6,295.3,78.8,13.1,5.7,0,0000
T,2014,08,24,11,18,40
B,267499,26201,98,3448,161410,6631,87,3447,978.5,299.6
G,3237217,178126,102,3448,1899216,37397,73,3447,978.5,299.6
R,1302476,80005,4247,3448,767361,30719,4262,3447,978.5,299.6
D,NBXX,9999,5.024e-5,3.800e-5,2.477e-5,4.878e-6,4.202e-6,3.835e-6
Y,195049,978.5,299.6,295.3,78.8,13.0,5.7,0,0000
T,2014,08,24,11,23,40
B,268445,26743,125,3447,163202,6517,80,3447,978.5,299.6
G,3236389,180108,98,3447,1906145,37771,82,3447,978.5,299.6
R,1303999,80812,4304,3447,768414,30408,4231,3447,978.5,299.6
D,NBXX,9999,5.154e-5,3.861e-5,2.519e-5,4.387e-6,4.314e-6,3.609e-6
Y,195056,978.5,299.6,295.4,78.9,13.0,5.7,0,0000
T,2014,08,24,11,28,40
B,267951,27215,125,3447,162823,6443,86,3448,978.5,299.6
G,3242964,184172,76,3447,1910464,37631,77,3448,978.5,299.6
R,1302695,81823,4221,3447,770578,30664,4166,3448,978.5,299.6
D,NBXX,9999,5.310e-5,3.975e-5,2.596e-5,4.171e-6,4.254e-6,3.877e-6
Y,195454,978.5,299.6,295.4,78.9,13.0,5.7,0,0000
T,2014,08,24,11,33,40
B,268834,27133,114,3447,163184,6435,107,3447,978.5,299.6
G,3240430,185357,79,3447,1910738,38317,77,3447,978.5,299.6
R,1303972,82457,4193,3447,771097,30533,4219,3447,978.5,299.6
D,NBXX,9999,5.254e-5,4.015e-5,2.628e-5,4.055e-6,4.474e-6,3.772e-6
Y,195301,978.5,299.6,295.4,79.1,13.0,5.7,0,0000
T,2014,08,24,11,38,40
B,269000,27011,118,3448,162098,6620,86,3447,978.4,299.6
G,3239734,185006,107,3448,1906812,37947,96,3447,978.4,299.6
R,1303684,81708,4294,3448,768517,30633,4226,3447,978.4,299.6
D,NBXX,9999,5.221e-5,4.004e-5,2.576e-5,4.682e-6,4.351e-6,3.764e-6
Y,195202,978.4,299.6,295.4,79.1,13.0,5.7,0,0000
T,2014,08,24,11,43,40
B,269633,27661,88,3447,163500,6658,111,3447,978.4,299.6
G,3236773,186153,126,3447,1913363,37817,74,3447,978.4,299.6
R,1299780,82547,4101,3447,772477,30743,4197,3447,978.4,299.6
D,NBXX,9999,5.400e-5,4.044e-5,2.656e-5,4.764e-6,4.319e-6,4.021e-6
Y,195079,978.4,299.6,295.4,79.1,13.0,5.7,0,0000
T,2014,08,24,11,48,40
B,267905,27727,87,3447,162492,6629,83,3448,978.4,299.6
G,3240711,190993,91,3447,1908110,37951,97,3448,978.4,299.6
R,1299749,84009,4343,3447,770346,30427,4267,3448,978.4,299.6
D,NBXX,9999,5.483e-5,4.185e-5,2.723e-5,4.897e-6,4.347e-6,3.604e-6
Y,195318,978.4,299.6,295.3,78.9,13.1,5.7,0,0000
T,2014,08,24,11,53,40
B,268742,28056,106,3447,162970,6641,99,3447,978.4,299.6
G,3241185,191736,100,3447,1909183,38102,75,3447,978.4,299.6
R,1302555,84100,4370,3447,768584,30925,4269,3447,978.4,299.6
D,NBXX,9999,5.545e-5,4.208e-5,2.717e-5,4.755e-6,4.399e-6,3.864e-6
Y,195346,978.4,299.6,295.4,79.1,13.0,5.7,0,0000
T,2014,08,24,11,58,40
B,269305,28211,125,3448,162569,6719,100,3447,978.4,299.6
G,3238179,195053,94,3448,1905307,38885,89,3447,978.4,299.6
R,1303516,85062,4313,3448,767362,31030,4287,3447,978.4,299.6
D,NBXX,9999,5.567e-5,4.314e-5,2.775e-5,4.886e-6,4.649e-6,3.950e-6
Y,195108,978.4,299.6,295.4,78.9,13.1,5.7,0,0000
T,2014,08,24,12,03,40
B,268626,29157,130,3447,161947,6568,84,3447,978.4,299.6
G,3237212,197174,85,3447,1907351,38991,78,3447,978.4,299.6
R,1302152,86093,4288,3447,770480,30923,4244,3447,978.4,299.6
D,NBXX,9999,5.879e-5,4.381e-5,2.847e-5,4.511e-6,4.689e-6,3.942e-6
Y,195106,978.4,299.6,295.4,78.9,13.0,5.7,0,0000
T,2014,08,24,12,08,40
B,269131,28937,112,3435,161992,6531,119,3436,978.3,299.6
G,3238233,202150,90,3435,1895185,38991,81,3436,978.3,299.6
R,1300679,87313,4245,3435,764364,31091,4248,3436,978.3,299.6
D,NBXX,9999,5.790e-5,4.530e-5,2.929e-5,4.298e-6,4.679e-6,4.082e-6
Y,195852,978.3,299.6,295.4,79.1,13.1,5.7,0,0008
T,2014,08,24,12,13,40
B,264067,28880,104,3392,158924,6622,113,3392,978.3,299.6
G,3187452,197842,88,3392,1866824,38342,77,3392,978.3,299.6
R,1279570,85756,4232,3392,753195,30569,4116,3392,978.3,299.6
D,NBXX,9999,5.944e-5,4.495e-5,2.921e-5,4.997e-6,4.672e-6,4.081e-6
Y,195222,978.3,299.6,295.4,79.2,13.1,5.7,0,0008
T,2014,08,24,12,18,40
B,268391,29666,93,3447,162820,6709,99,3447,978.3,299.6
G,3239697,205613,104,3447,1905416,39593,94,3447,978.3,299.6
R,1301938,89198,4231,3447,768895,31237,4308,3447,978.3,299.6
D,NBXX,9999,6.049e-5,4.632e-5,3.036e-5,5.033e-6,4.851e-6,4.130e-6
Y,195256,978.3,299.6,295.4,79.2,13.0,5.7,0,0000
T,2014,08,24,12,23,40
B,269111,29782,122,3448,162743,6695,119,3447,978.3,299.6
G,3242590,204782,94,3448,1905042,39487,97,3447,978.3,299.6
R,1300640,89291,4299,3448,768112,31285,4252,3447,978.3,299.6
D,NBXX,9999,6.043e-5,4.602e-5,3.046e-5,4.772e-6,4.814e-6,4.169e-6
Y,195374,978.3,299.6,295.4,79.2,13.0,5.7,0,0000
T,2014,08,24,12,28,40
B,268697,29338,139,3447,162885,6654,140,3447,978.2,299.6
G,3236295,206034,129,3447,1898392,39587,74,3447,978.2,299.6
R,1302962,88665,4311,3447,767341,31078,4313,3447,978.2,299.6
D,NBXX,9999,5.909e-5,4.652e-5,2.994e-5,4.538e-6,4.860e-6,3.963e-6
Y,195051,978.2,299.6,295.4,79.4,13.0,5.7,0,0000
T,2014,08,24,12,33,40
B,268973,29694,105,3447,162923,6872,96,3448,978.2,299.6
G,3242182,205945,91,3447,1901948,39678,104,3448,978.2,299.6
R,1302511,88777,4240,3447,767538,31346,4272,3448,978.2,299.6
D,NBXX,9999,6.035e-5,4.638e-5,3.011e-5,5.446e-6,4.865e-6,4.205e-6
Y,195407,978.2,299.6,295.4,79.4,13.1,5.7,0,0000
T,2014,08,24,12,38,40
B,268653,29660,119,3447,163439,6724,102,3447,978.1,299.6
G,3243878,206734,82,3447,1913748,39490,86,3447,978.1,299.6
R,1304604,89522,4162,3447,770491,31591,4222,3447,978.1,299.6
D,NBXX,9999,6.028e-5,4.659e-5,3.057e-5,4.957e-6,4.815e-6,4.428e-6
Y,195509,978.1,299.6,295.4,79.2,13.1,5.7,0,0000
T,2014,08,24,12,43,40
B,269052,30140,93,3448,162802,6776,121,3447,978.2,299.6
G,3243121,207383,92,3448,1910841,39814,93,3447,978.2,299.6
R,1303357,90651,4316,3448,771781,31298,4222,3447,978.2,299.6
D,NBXX,9999,6.163e-5,4.680e-5,3.119e-5,5.116e-6,4.913e-6,4.158e-6
Y,195407,978.2,299.6,295.4,78.9,13.1,5.7,0,0000
T,2014,08,24,12,48,40
B,268655,30111,119,3447,163719,6730,115,3447,978.1,299.6
G,3241652,210169,78,3447,1913591,40129,66,3447,978.1,299.6
R,1303701,90987,4211,3447,770459,31751,4246,3447,978.1,299.6
D,NBXX,9999,6.160e-5,4.769e-5,3.144e-5,4.930e-6,5.026e-6,4.483e-6
Y,195375,978.1,299.6,295.4,78.9,13.0,5.7,0,0000
T,2014,08,24,12,53,40
B,268905,32122,102,3447,162727,6897,123,3448,978.1,299.6
G,3240489,222583,91,3447,1907680,40511,99,3448,978.1,299.6
R,1301667,94710,4192,3447,768584,31867,4264,3448,978.1,299.6
D,NBXX,9999,6.764e-5,5.148e-5,3.379e-5,5.442e-6,5.127e-6,4.570e-6
Y,195304,978.1,299.6,295.5,78.9,13.0,5.7,0,0000
T,2014,08,24,12,58,40
B,254146,30904,105,3240,153408,6609,95,3240,978.0,299.6
G,3056900,216468,104,3240,1807879,39036,76,3240,978.0,299.6
R,1229898,91858,3863,3240,728849,30037,3934,3240,978.0,299.6
D,NBXX,9999,6.943e-5,5.358e-5,3.545e-5,5.785e-6,5.395e-6,4.672e-6
Y,196013,978.0,299.6,295.5,78.8,13.0,5.7,0,0008
T,2014,08,24,13,03,40
B,267460,33005,117,3426,162616,6933,101,3425,978.0,299.6
G,3220641,232062,83,3426,1911226,41582,93,3425,978.0,299.6
R,1293240,96592,4146,3426,768381,31983,4264,3425,978.0,299.6
D,NBXX,9999,7.087e-5,5.481e-5,3.531e-5,5.697e-6,5.543e-6,4.771e-6
Y,195298,978.0,299.6,295.5,78.4,13.1,5.7,0,0008
T,2014,08,24,13,08,40
B,267713,33633,140,3447,162953,7125,110,3447,978.0,299.6
G,3239331,232185,101,3447,1904749,41595,101,3447,978.0,299.6
R,1301748,97580,4190,3447,766043,32244,4212,3447,978.0,299.6
D,NBXX,9999,7.258e-5,5.443e-5,3.557e-5,6.143e-6,5.461e-6,4.842e-6
Y,195234,978.0,299.6,295.5,78.3,13.0,5.7,0,0000
T,2014,08,24,13,13,40
B,266644,33694,108,3425,159990,7109,100,3426,978.0,299.6
G,3221097,235488,103,3425,1876503,41971,73,3426,978.0,299.6
R,1293149,99089,4271,3425,756426,32192,4201,3426,978.0,299.6
D,NBXX,9999,7.331e-5,5.585e-5,3.680e-5,6.320e-6,5.653e-6,4.846e-6
Y,195383,978.0,299.6,295.5,77.9,13.0,5.7,0,0008
T,2014,08,24,13,18,40
B,268017,33098,114,3447,161631,7150,113,3447,977.9,299.6
G,3235019,236735,104,3447,1892707,42029,80,3447,977.9,299.6
R,1300428,98510,4282,3447,764241,32615,4230,3447,977.9,299.6
D,NBXX,9999,7.092e-5,5.592e-5,3.611e-5,6.276e-6,5.616e-6,5.004e-6
Y,194973,977.9,299.6,295.5,78.3,13.1,5.7,0,0000
T,2014,08,24,13,23,40
B,269335,34528,121,3448,161797,7065,90,3447,977.8,299.6
G,3235813,240785,99,3448,1896301,42113,92,3447,977.8,299.6
R,1300400,100015,4334,3448,763889,32753,4347,3447,977.8,299.6
D,NBXX,9999,7.480e-5,5.713e-5,3.691e-5,5.979e-6,5.640e-6,4.974e-6
Y,194965,977.8,299.6,295.5,78.1,13.0,5.7,0,0000
T,2014,08,24,13,28,40
B,269965,34161,107,3447,162633,7143,116,3447,977.8,299.6
G,3239447,240971,85,3447,1903599,42132,91,3447,977.8,299.6
R,1301206,100921,4426,3447,768945,32514,4152,3447,977.8,299.6
D,NBXX,9999,7.341e-5,5.711e-5,3.750e-5,6.118e-6,5.633e-6,4.887e-6
Y,195241,977.8,299.6,295.5,77.8,13.1,5.7,0,0000
T,2014,08,24,13,33,40
B,268790,34001,88,3447,162472,7160,113,3448,977.8,299.7
G,3239012,240783,84,3447,1907466,42123,86,3448,977.8,299.7
R,1302750,100714,4320,3447,768274,32425,4318,3448,977.8,299.7
D,NBXX,9999,7.345e-5,5.706e-5,3.727e-5,6.331e-6,5.631e-6,4.770e-6
Y,195215,977.8,299.7,295.5,77.8,13.0,5.7,0,0000
T,2014,08,24,13,38,40
B,269044,34001,119,3447,163201,7255,83,3447,977.8,299.6
G,3239672,240321,79,3447,1909703,42473,107,3447,977.8,299.6
R,1300408,99422,4218,3447,770804,32689,4286,3447,977.8,299.6
D,NBXX,9999,7.335e-5,5.690e-5,3.667e-5,6.602e-6,5.733e-6,5.055e-6
Y,195255,977.8,299.6,295.5,77.3,13.0,5.7,0,0000
T,2014,08,24,13,43,40
B,260063,33231,130,3324,157675,7026,109,3322,977.7,299.7
G,3130652,235022,101,3324,1844042,40864,76,3322,977.7,299.7
R,1257158,97658,4072,3324,744982,31647,4232,3322,977.7,299.7
D,NBXX,9999,7.434e-5,5.778e-5,3.758e-5,6.497e-6,5.685e-6,5.033e-6
Y,195668,977.7,299.7,295.6,77.6,13.0,5.7,0,0008
T,2014,08,24,13,48,40
B,266025,33469,114,3399,161427,7019,110,3398,977.6,299.7
G,3199230,234602,89,3399,1894101,41798,87,3398,977.6,299.7
R,1285777,97704,4243,3399,763512,32378,4155,3398,977.6,299.7
D,NBXX,9999,7.281e-5,5.607e-5,3.631e-5,6.049e-6,5.694e-6,5.102e-6
Y,195541,977.6,299.7,295.6,77.3,13.1,5.7,0,0008
T,2014,08,24,13,53,40
B,257887,32499,89,3310,156222,6939,105,3311,977.6,299.7
G,3111758,227214,79,3310,1839343,40325,70,3311,977.6,299.7
R,1250524,95410,3986,3310,740394,31005,4079,3311,977.6,299.7
D,NBXX,9999,7.306e-5,5.577e-5,3.663e-5,6.546e-6,5.590e-6,4.860e-6
Y,195308,977.6,299.7,295.6,77.1,13.1,5.7,0,0008
T,2014,08,24,13,58,40
B,263155,32596,112,3369,159334,6937,108,3369,977.6,299.7
G,3165264,229714,85,3369,1865393,40420,45,3369,977.6,299.7
R,1271246,95397,4239,3369,754239,31783,4280,3369,977.6,299.7
D,NBXX,9999,7.123e-5,5.534e-5,3.541e-5,6.029e-6,5.415e-6,4.798e-6
Y,195187,977.6,299.7,295.5,76.6,13.0,5.7,0,0008
T,2014,08,24,14,03,40
B,265985,32708,115,3402,160777,6999,98,3402,977.5,299.7
G,3200997,227523,79,3402,1883796,41067,93,3402,977.5,299.7
R,1285617,96628,4206,3402,760841,31909,4228,3402,977.5,299.7
D,NBXX,9999,7.053e-5,5.385e-5,3.563e-5,6.024e-6,5.460e-6,4.784e-6
Y,195477,977.5,299.7,295.5,76.0,13.1,5.7,0,0008
T,2014,08,24,14,08,40
B,252443,30916,85,3230,152357,6663,84,3231,977.4,299.7
G,3030707,217048,88,3230,1783995,39075,66,3231,977.4,299.7
R,1219216,91436,4004,3230,720715,30090,4090,3231,977.4,299.7
D,NBXX,9999,7.024e-5,5.438e-5,3.543e-5,6.206e-6,5.522e-6,4.596e-6
Y,194931,977.4,299.7,295.5,76.5,13.0,5.7,0,0008
T,2014,08,24,14,13,40
B,269469,33475,139,3447,163250,7156,106,3448,977.4,299.7
G,3240537,234957,92,3447,1910505,41615,63,3448,977.4,299.7
R,1303788,99359,4322,3447,770040,32301,4207,3448,977.4,299.7
D,NBXX,9999,7.146e-5,5.526e-5,3.648e-5,6.113e-6,5.475e-6,4.761e-6
Y,195307,977.4,299.7,295.6,76.6,13.1,5.7,0,0000
T,2014,08,24,14,18,40
B,264517,32548,89,3397,160485,6998,113,3398,977.3,299.7
G,3189992,228257,124,3397,1881101,41043,72,3398,977.3,299.7
R,1282616,96306,4214,3397,759098,31894,4236,3398,977.3,299.7
D,NBXX,9999,7.066e-5,5.431e-5,3.555e-5,6.182e-6,5.483e-6,4.790e-6
Y,195090,977.3,299.7,295.6,76.8,13.0,5.7,0,0008
T,2014,08,24,14,23,40
B,265898,32841,106,3426,161704,6968,110,3425,977.3,299.7
G,3217024,232183,84,3426,1892933,41487,59,3425,977.3,299.7
R,1292575,97064,4268,3426,763019,31832,4260,3425,977.3,299.7
D,NBXX,9999,7.099e-5,5.494e-5,3.554e-5,5.945e-6,5.540e-6,4.602e-6
Y,195078,977.3,299.7,295.6,76.8,13.0,5.7,0,0008
T,2014,08,24,14,28,40
B,264678,32432,121,3393,160383,6814,83,3394,977.2,299.7
G,3184733,228483,116,3393,1879700,41112,60,3394,977.2,299.7
R,1282388,97085,4081,3393,757693,32290,4211,3394,977.2,299.7
D,NBXX,9999,7.023e-5,5.450e-5,3.615e-5,5.596e-6,5.533e-6,5.151e-6
Y,194997,977.2,299.7,295.6,76.8,13.0,5.7,0,0008
T,2014,08,24,14,33,40
B,266949,32913,103,3425,161911,7040,97,3426,977.1,299.7
G,3217905,230277,113,3425,1899830,41786,88,3426,977.1,299.7
R,1291723,97175,4196,3425,765224,32363,4231,3426,977.1,299.7
D,NBXX,9999,7.087e-5,5.431e-5,3.572e-5,6.128e-6,5.600e-6,4.998e-6
Y,195188,977.1,299.7,295.6,77.3,13.0,5.7,0,0008
T,2014,08,24,14,38,40
B,269474,33303,126,3447,163587,7014,112,3447,977.1,299.7
G,3233452,230477,129,3447,1910333,41958,70,3447,977.1,299.7
R,1302414,96959,4216,3447,769877,32429,4245,3447,977.1,299.7
D,NBXX,9999,7.099e-5,5.403e-5,3.512e-5,5.728e-6,5.596e-6,4.906e-6
Y,194879,977.1,299.7,295.7,77.1,13.1,5.7,0,0000
T,2014,08,24,14,43,40
B,259763,31535,90,3323,156546,6936,112,3321,977.1,299.7
G,3120522,220575,83,3323,1838117,39881,86,3321,977.1,299.7
R,1253211,93090,4199,3323,742487,31297,4067,3321,977.1,299.7
D,NBXX,9999,6.930e-5,5.346e-5,3.490e-5,6.388e-6,5.418e-6,4.883e-6
Y,195091,977.1,299.7,295.6,77.0,13.1,5.7,0,0008
T,2014,08,24,14,48,40
B,266906,32711,110,3417,161051,6897,115,3416,977.2,299.7
G,3220836,225490,101,3417,1895796,41017,92,3416,977.2,299.7
R,1293821,95088,4353,3417,764016,32102,4205,3416,977.2,299.7
D,NBXX,9999,7.018e-5,5.278e-5,3.426e-5,5.619e-6,5.363e-6,4.733e-6
Y,195826,977.2,299.7,295.7,77.3,13.1,5.7,0,0008
T,2014,08,24,14,53,40
B,265681,32018,125,3417,160667,6733,129,3416,977.2,299.7
G,3198116,222564,89,3417,1882080,40705,67,3416,977.2,299.7
R,1282911,93367,4262,3417,759691,31723,4325,3416,977.2,299.7
D,NBXX,9999,6.842e-5,5.238e-5,3.362e-5,5.107e-6,5.369e-6,4.593e-6
Y,194439,977.2,299.7,295.7,77.0,13.1,5.7,0,0008
T,2014,08,24,14,58,40
B,266790,31914,105,3424,162507,6955,102,3424,977.2,299.7
G,3218416,222630,82,3424,1895586,41121,75,3424,977.2,299.7
R,1292429,93647,4219,3424,763451,31664,4289,3424,977.2,299.7
D,NBXX,9999,6.786e-5,5.197e-5,3.347e-5,5.862e-6,5.413e-6,4.509e-6
Y,195277,977.2,299.7,295.7,77.0,13.1,5.7,0,0008
T,2014,08,24,15,03,40
B,258856,31050,108,3324,156735,6573,130,3324,977.1,299.7
G,3129964,215106,93,3324,1842824,39367,53,3324,977.1,299.7
R,1257298,91263,4151,3324,743827,30893,4081,3324,977.1,299.7
D,NBXX,9999,6.799e-5,5.153e-5,3.360e-5,5.176e-6,5.219e-6,4.599e-6
Y,195625,977.1,299.7,295.7,76.3,13.0,5.7,0,0008
T,2014,08,24,15,08,40
B,268627,32117,126,3448,163407,6902,96,3447,977.1,299.7
G,3235265,222662,89,3448,1907500,40606,90,3447,977.1,299.7
R,1303047,93498,4301,3448,770114,31870,4309,3447,977.1,299.7
D,NBXX,9999,6.776e-5,5.162e-5,3.289e-5,5.515e-6,5.187e-6,4.459e-6
Y,194931,977.1,299.7,295.6,76.5,13.0,5.7,0,0000
T,2014,08,24,15,13,40
B,268711,31747,85,3447,162247,6900,128,3447,977.2,299.7
G,3239818,220688,78,3447,1915720,40717,63,3447,977.2,299.7
R,1300771,94145,4287,3447,772265,31777,4215,3447,977.2,299.7
D,NBXX,9999,6.664e-5,5.093e-5,3.345e-5,5.528e-6,5.213e-6,4.497e-6
Y,195264,977.2,299.7,295.6,76.5,13.0,5.7,0,0000
T,2014,08,24,15,18,40
B,268783,31780,94,3447,162316,7064,113,3448,977.1,299.7
G,3237306,219342,117,3447,1912739,41117,91,3448,977.1,299.7
R,1302437,93316,4202,3447,770234,32132,4223,3448,977.1,299.7
D,NBXX,9999,6.674e-5,5.055e-5,3.293e-5,6.034e-6,5.317e-6,4.745e-6
Y,195112,977.1,299.7,295.6,76.5,13.0,5.7,0,0000
T,2014,08,24,15,23,40
B,268068,32419,119,3447,162398,7354,89,3447,977.1,299.7
G,3235492,224938,127,3447,1908750,41597,72,3447,977.1,299.7
R,1300683,94866,4360,3447,770180,32336,4157,3447,977.1,299.7
D,NBXX,9999,6.893e-5,5.230e-5,3.388e-5,6.972e-6,5.477e-6,4.828e-6
Y,195002,977.1,299.7,295.6,76.8,13.1,5.7,0,0000
T,2014,08,24,15,28,40
B,266689,33027,126,3426,161303,6950,98,3426,977.1,299.7
G,3218513,229078,101,3426,1897062,41440,90,3426,977.1,299.7
R,1292709,96799,4341,3426,763074,32150,4174,3426,977.1,299.7
D,NBXX,9999,7.123e-5,5.393e-5,3.538e-5,5.794e-6,5.499e-6,4.799e-6
Y,195168,977.1,299.7,295.6,77.8,13.0,5.7,0,0008
T,2014,08,24,15,33,40
B,264421,33133,97,3401,160044,7062,105,3402,977.2,299.7
G,3199822,234698,110,3401,1884647,42342,73,3402,977.2,299.7
R,1286373,99554,4136,3401,760196,32483,4057,3402,977.2,299.7
D,NBXX,9999,7.249e-5,5.608e-5,3.757e-5,6.386e-6,5.850e-6,5.297e-6
Y,195462,977.2,299.7,295.6,78.8,13.1,5.7,0,0008
T,2014,08,24,15,38,41
B,263978,33507,114,3392,159636,7154,109,3393,977.2,299.7
G,3188043,237114,106,3392,1879097,42233,99,3393,977.2,299.7
R,1280805,99988,4196,3392,755380,32604,4048,3393,977.2,299.7
D,NBXX,9999,7.374e-5,5.709e-5,3.804e-5,6.630e-6,5.856e-6,5.397e-6
Y,195259,977.2,299.7,295.6,80.1,13.0,5.7,0,0008
T,2014,08,24,15,43,40
B,265035,34016,103,3381,160362,7107,106,3381,977.2,299.7
G,3191163,241383,69,3381,1876608,42391,108,3381,977.2,299.7
R,1280081,102424,4322,3381,756811,32603,4205,3381,977.2,299.7
D,NBXX,9999,7.495e-5,5.835e-5,3.938e-5,6.457e-6,5.906e-6,5.206e-6
Y,196089,977.2,299.7,295.6,80.5,13.1,5.7,0,0008
T,2014,08,24,15,48,41
B,268278,35242,122,3448,163139,7240,107,3447,977.2,299.7
G,3239608,248870,94,3448,1912768,43123,85,3447,977.2,299.7
R,1303575,104916,4378,3448,771316,33575,4259,3447,977.2,299.7
D,NBXX,9999,7.734e-5,5.951e-5,3.979e-5,6.542e-6,5.937e-6,5.471e-6
Y,195194,977.2,299.7,295.5,80.7,13.0,5.7,0,0000
T,2014,08,24,15,53,40
B,266894,34894,121,3423,160833,7236,123,3424,977.1,299.7
G,3222811,248255,98,3423,1901981,43443,84,3424,977.1,299.7
R,1294836,104141,4240,3423,768422,33579,4394,3424,977.1,299.7
D,NBXX,9999,7.678e-5,5.972e-5,3.971e-5,6.574e-6,6.094e-6,5.562e-6
Y,195602,977.1,299.7,295.5,80.7,13.0,5.7,0,0008
T,2014,08,24,15,58,41
B,269223,34951,136,3447,163141,7249,93,3448,977.2,299.7
G,3242797,250909,74,3447,1912072,43680,85,3448,977.2,299.7
R,1301950,104069,4249,3447,772821,33347,4372,3448,977.2,299.7
D,NBXX,9999,7.609e-5,6.007e-5,3.936e-5,6.482e-6,6.093e-6,5.351e-6
Y,195444,977.2,299.7,295.5,80.9,13.0,5.7,0,0000
T,2014,08,24,16,03,40
B,268182,35178,103,3447,163566,7247,100,3447,977.2,299.7
G,3245240,248799,111,3447,1913649,43055,99,3447,977.2,299.7
R,1304976,104148,4310,3447,772088,33444,4310,3447,977.2,299.7
D,NBXX,9999,7.728e-5,5.935e-5,3.927e-5,6.656e-6,5.879e-6,5.383e-6
Y,195592,977.2,299.7,295.5,81.0,13.0,5.7,0,0000
T,2014,08,24,16,08,41
B,268344,35181,114,3448,163099,7145,101,3447,977.1,299.7
G,3244523,249036,104,3448,1912272,43012,70,3447,977.1,299.7
R,1301526,103766,4365,3448,771211,33275,4372,3447,977.1,299.7
D,NBXX,9999,7.718e-5,5.945e-5,3.911e-5,6.298e-6,5.885e-6,5.240e-6
Y,195491,977.1,299.7,295.5,81.2,13.1,5.7,0,0000
T,2014,08,24,16,13,41
B,266927,35276,102,3422,161610,7193,123,3421,977.1,299.7
G,3214869,249113,101,3422,1897744,43052,101,3421,977.1,299.7
R,1291844,104336,4311,3422,766090,33748,4300,3421,977.1,299.7
D,NBXX,9999,7.800e-5,6.016e-5,3.997e-5,6.520e-6,6.008e-6,5.725e-6
Y,195175,977.1,299.7,295.5,81.4,13.0,5.7,0,0008
T,2014,08,24,16,18,41
B,269059,35170,126,3447,161672,7275,97,3448,977.0,299.7
G,3245686,249066,107,3447,1912756,42843,69,3448,977.0,299.7
R,1302572,103153,4315,3447,771905,33296,4414,3448,977.0,299.7
D,NBXX,9999,7.684e-5,5.943e-5,3.870e-5,6.595e-6,5.821e-6,5.237e-6
Y,195619,977.0,299.7,295.6,81.7,13.1,5.7,0,0000
T,2014,08,24,16,23,41
B,268924,34940,119,3447,163060,7334,119,3447,977.0,299.7
G,3241115,244852,101,3447,1913041,43072,94,3447,977.0,299.7
R,1303047,102288,4378,3447,771213,33297,4412,3447,977.0,299.7
D,NBXX,9999,7.614e-5,5.825e-5,3.811e-5,6.738e-6,5.906e-6,5.194e-6
Y,195342,977.0,299.7,295.6,81.5,13.1,5.7,0,0000
T,2014,08,24,16,28,41
B,269732,34239,104,3448,163029,7271,96,3447,977.0,299.7
G,3244447,242456,118,3448,1910782,42859,68,3447,977.0,299.7
R,1301894,101106,4214,3448,769627,33009,4371,3447,977.0,299.7
D,NBXX,9999,7.384e-5,5.745e-5,3.758e-5,6.623e-6,5.835e-6,5.181e-6
Y,195487,977.0,299.7,295.6,81.7,13.1,5.7,0,0000
T,2014,08,24,16,33,41
B,265244,33411,130,3403,160395,6936,85,3404,977.0,299.7
G,3204147,233132,103,3403,1891124,41645,95,3404,977.0,299.7
R,1285685,97192,4303,3403,761836,32169,4305,3404,977.0,299.7
D,NBXX,9999,7.299e-5,5.550e-5,3.585e-5,5.889e-6,5.612e-6,4.814e-6
Y,195612,977.0,299.7,295.6,81.4,13.1,5.7,0,0008
T,2014,08,24,16,38,41
B,269774,33082,107,3447,163312,6936,102,3448,977.0,299.7
G,3242070,229501,105,3447,1914418,41531,102,3448,977.0,299.7
R,1305234,96848,4322,3447,771810,32450,4233,3448,977.0,299.7
D,NBXX,9999,7.031e-5,5.355e-5,3.487e-5,5.565e-6,5.425e-6,4.818e-6
Y,195400,977.0,299.7,295.6,81.2,13.0,5.7,0,0000
T,2014,08,24,16,43,41
B,265379,32290,113,3397,161950,6891,137,3399,977.0,299.7
G,3197686,223859,89,3397,1889165,40677,85,3399,977.0,299.7
R,1285118,94559,4239,3397,762701,31901,4189,3399,977.0,299.7
D,NBXX,9999,6.938e-5,5.279e-5,3.438e-5,5.610e-6,5.344e-6,4.779e-6
Y,195562,977.0,299.7,295.6,81.0,13.0,5.7,0,0008
T,2014,08,24,16,48,41
B,267514,32363,93,3425,161768,7001,129,3424,977.0,299.7
G,3226862,224885,103,3425,1901409,40866,96,3424,977.0,299.7
R,1297283,96077,4256,3425,765744,31735,4463,3424,977.0,299.7
D,NBXX,9999,6.891e-5,5.247e-5,3.461e-5,5.900e-6,5.291e-6,4.358e-6
Y,195734,977.0,299.7,295.6,81.0,13.0,5.7,0,0008
T,2014,08,24,16,53,41
B,269226,32040,134,3447,163289,7035,143,3447,977.0,299.7
G,3241828,224156,111,3447,1907823,40719,83,3447,977.0,299.7
R,1303150,95068,4364,3447,768852,32430,4224,3447,977.0,299.7
D,NBXX,9999,6.713e-5,5.193e-5,3.385e-5,5.673e-6,5.187e-6,4.809e-6
Y,195385,977.0,299.7,295.6,81.0,13.1,5.7,0,0000
T,2014,08,24,16,58,41
B,266336,31068,115,3400,160034,6642,102,3400,976.9,299.7
G,3196007,219871,82,3400,1883759,39826,81,3400,976.9,299.7
R,1286145,93025,4018,3400,759584,31351,4249,3400,976.9,299.7
D,NBXX,9999,6.540e-5,5.159e-5,3.351e-5,4.905e-6,5.099e-6,4.554e-6
Y,195286,976.9,299.7,295.6,81.2,13.1,5.7,0,0008
T,2014,08,24,17,03,41
B,269156,31983,101,3447,163081,7007,106,3448,976.8,299.7
G,3248217,220863,96,3447,1912092,40682,89,3448,976.8,299.7
R,1305061,94174,4302,3447,772654,32217,4313,3448,976.8,299.7
D,NBXX,9999,6.722e-5,5.080e-5,3.322e-5,5.833e-6,5.151e-6,4.636e-6
Y,195772,976.8,299.7,295.6,80.9,13.1,5.7,0,0000
T,2014,08,24,17,08,41
B,267707,31183,121,3423,161050,6948,115,3423,976.9,299.7
G,3222308,216110,86,3423,1900297,40950,98,3423,976.9,299.7
R,1292940,92516,4284,3423,766589,31727,4339,3423,976.9,299.7
D,NBXX,9999,6.520e-5,4.988e-5,3.267e-5,5.668e-6,5.336e-6,4.461e-6
Y,195571,976.9,299.7,295.7,80.2,13.0,5.7,0,0008
T,2014,08,24,17,13,41
B,266532,30339,106,3413,161470,6823,127,3411,976.9,299.8
G,3208978,206326,111,3413,1888235,39749,77,3411,976.9,299.8
R,1291977,89056,4245,3413,760992,31276,4275,3411,976.9,299.8
D,NBXX,9999,6.305e-5,4.717e-5,3.066e-5,5.399e-6,5.038e-6,4.277e-6
Y,195332,976.9,299.8,295.6,78.8,13.0,5.7,0,0008
T,2014,08,24,17,18,41
B,269425,29712,131,3447,163228,6849,107,3447,976.9,299.7
G,3241770,203559,107,3447,1914227,39815,60,3447,976.9,299.7
R,1302486,88658,4295,3447,772786,32124,4230,3447,976.9,299.7
D,NBXX,9999,6.015e-5,4.567e-5,3.002e-5,5.233e-6,4.922e-6,4.674e-6
Y,195382,976.9,299.7,295.6,77.5,13.0,5.7,0,0000
T,2014,08,24,17,23,41
B,269491,28910,124,3447,162458,6782,107,3448,976.9,299.7
G,3240494,200235,90,3447,1908986,39051,95,3448,976.9,299.7
R,1304312,86951,4336,3447,769468,31282,4571,3448,976.9,299.7
D,NBXX,9999,5.773e-5,4.467e-5,2.865e-5,5.044e-6,4.684e-6,3.870e-6
Y,195305,976.9,299.7,295.6,76.8,13.0,5.7,0,0000
T,2014,08,24,17,28,41
B,266654,27946,119,3424,160616,6698,122,3423,976.9,299.7
G,3215202,192849,87,3424,1894365,38267,105,3423,976.9,299.7
R,1292739,85178,4330,3424,763121,30822,4318,3423,976.9,299.7
D,NBXX,9999,5.568e-5,4.288e-5,2.817e-5,4.974e-6,4.541e-6,3.895e-6
Y,195081,976.9,299.7,295.5,76.3,13.0,5.7,0,0008
T,2014,08,24,17,33,41
B,269395,28393,108,3448,161704,6770,134,3447,976.9,299.8
G,3238821,194209,94,3448,1905973,38436,95,3447,976.9,299.8
R,1303824,85430,4421,3448,767585,31151,4269,3447,976.9,299.8
D,NBXX,9999,5.617e-5,4.289e-5,2.790e-5,4.988e-6,4.521e-6,3.957e-6
Y,195147,976.9,299.8,295.5,76.0,13.0,5.7,0,0000
T,2014,08,24,17,38,41
B,268661,28600,94,3447,163685,6740,126,3447,977.0,299.8
G,3236431,195021,83,3447,1908707,38689,96,3447,977.0,299.8
R,1303130,85156,4370,3447,771110,31020,4400,3447,977.0,299.8
D,NBXX,9999,5.710e-5,4.319e-5,2.770e-5,5.022e-6,4.607e-6,3.823e-6
Y,195059,977.0,299.8,295.5,75.2,13.1,5.7,0,0000
T,2014,08,24,17,43,41
B,267881,27941,106,3447,162002,6561,105,3448,976.9,299.7
G,3239285,191172,101,3447,1903137,38531,106,3448,976.9,299.7
R,1298707,84102,4322,3447,769864,31173,4350,3448,976.9,299.7
D,NBXX,9999,5.538e-5,4.193e-5,2.728e-5,4.562e-6,4.522e-6,4.025e-6
Y,195231,976.9,299.7,295.5,74.5,13.0,5.7,0,0000
T,2014,08,24,17,48,41
B,268554,27989,143,3447,162690,6708,99,3447,976.9,299.7
G,3236673,191300,78,3447,1910577,38348,82,3447,976.9,299.7
R,1303789,83806,4478,3447,770372,31627,4389,3447,976.9,299.7
D,NBXX,9999,5.521e-5,4.203e-5,2.679e-5,4.856e-6,4.496e-6,4.117e-6
Y,195073,976.9,299.7,295.5,74.4,13.1,5.7,0,0000
T,2014,08,24,17,53,41
B,268260,28062,107,3448,162406,6729,107,3447,976.9,299.7
G,3240511,191510,92,3448,1910565,38287,72,3447,976.9,299.7
R,1302088,84116,4489,3448,768416,31225,4468,3447,976.9,299.7
D,NBXX,9999,5.562e-5,4.202e-5,2.697e-5,5.045e-6,4.465e-6,3.831e-6
Y,195249,976.9,299.7,295.5,74.2,13.1,5.7,0,0000
T,2014,08,24,17,58,41
B,267737,28175,125,3447,162887,6840,84,3447,976.9,299.7
G,3234957,193145,117,3447,1910590,38398,83,3447,976.9,299.7
R,1301630,85007,4457,3447,770168,31022,4355,3447,976.9,299.7
D,NBXX,9999,5.614e-5,4.261e-5,2.763e-5,5.433e-6,4.503e-6,3.809e-6
Y,194970,976.9,299.7,295.5,74.1,13.1,5.7,0,0000
T,2014,08,24,18,03,41
B,268977,28439,101,3447,163694,6589,136,3448,976.9,299.7
G,3238721,192274,119,3447,1908036,38706,103,3448,976.9,299.7
R,1299690,84528,4336,3447,769608,31098,4252,3448,976.9,299.7
D,NBXX,9999,5.645e-5,4.227e-5,2.757e-5,4.477e-6,4.572e-6,4.029e-6
Y,195197,976.9,299.7,295.5,74.2,13.0,5.7,0,0000
T,2014,08,24,18,08,41
B,267154,27799,112,3425,161644,6507,119,3425,976.9,299.7
G,3213481,190320,110,3425,1897663,38189,125,3425,976.9,299.7
R,1292944,83968,4263,3425,767882,30738,4329,3425,976.9,299.7
D,NBXX,9999,5.511e-5,4.212e-5,2.746e-5,4.384e-6,4.504e-6,3.877e-6
Y,194919,976.9,299.7,295.5,74.2,13.0,5.7,0,0008
T,2014,08,24,18,13,41
B,268616,27929,129,3448,161957,6708,105,3447,976.9,299.7
G,3234675,187619,119,3448,1906450,37722,62,3447,976.9,299.7
R,1301215,83274,4478,3448,770443,30997,4355,3447,976.9,299.7
D,NBXX,9999,5.503e-5,4.093e-5,2.658e-5,4.885e-6,4.308e-6,3.788e-6
Y,194896,976.9,299.7,295.5,74.2,13.0,5.7,0,0000
T,2014,08,24,18,18,41
B,268543,27243,130,3447,163048,6559,139,3447,977.0,299.7
G,3231899,187338,77,3447,1907931,37505,94,3447,977.0,299.7
R,1299754,83436,4584,3447,770365,31008,4374,3447,977.0,299.7
D,NBXX,9999,5.286e-5,4.090e-5,2.664e-5,4.310e-6,4.252e-6,3.716e-6
Y,194785,977.0,299.7,295.4,73.9,13.0,5.7,0,0000
T,2014,08,24,18,23,41
B,266521,27618,124,3425,160955,6700,114,3426,977.0,299.7
G,3218861,188942,125,3425,1886405,37837,108,3426,977.0,299.7
R,1293118,83684,4361,3425,762243,31204,4439,3426,977.0,299.7
D,NBXX,9999,5.473e-5,4.160e-5,2.713e-5,4.988e-6,4.374e-6,4.008e-6
Y,195247,977.0,299.7,295.4,74.2,13.1,5.7,0,0008
T,2014,08,24,18,28,41
B,265028,27099,87,3381,158905,6535,108,3383,977.0,299.7
G,3182766,184735,78,3381,1867444,37148,90,3383,977.0,299.7
R,1280858,82571,4292,3381,753505,30854,4337,3383,977.0,299.7
D,NBXX,9999,5.375e-5,4.098e-5,2.700e-5,4.739e-6,4.311e-6,4.033e-6
Y,195571,977.0,299.7,295.5,74.1,13.1,5.7,0,0008
T,2014,08,24,18,33,41
B,267851,26794,129,3426,161656,6534,110,3425,977.1,299.7
G,3221030,184112,71,3426,1897467,37677,101,3425,977.1,299.7
R,1296372,82565,4505,3426,766485,31002,4289,3425,977.1,299.7
D,NBXX,9999,5.181e-5,4.011e-5,2.634e-5,4.394e-6,4.346e-6,3.866e-6
Y,195321,977.1,299.7,295.4,73.6,13.1,5.7,0,0008
T,2014,08,24,18,38,41
B,268593,27148,100,3447,161844,6633,108,3447,977.1,299.7
G,3232109,184392,102,3447,1899143,37891,102,3447,977.1,299.7
R,1300100,82970,4272,3447,768537,30933,4422,3447,977.1,299.7
D,NBXX,9999,5.276e-5,3.999e-5,2.653e-5,4.745e-6,4.357e-6,3.854e-6
Y,194797,977.1,299.7,295.4,73.4,13.0,5.7,0,0000
T,2014,08,24,18,43,41
B,266670,26951,119,3421,160944,6627,104,3422,977.1,299.7
G,3209928,183953,86,3421,1892816,37637,71,3422,977.1,299.7
R,1292810,82303,4379,3421,763796,30956,4356,3422,977.1,299.7
D,NBXX,9999,5.270e-5,4.026e-5,2.634e-5,4.808e-6,4.372e-6,3.905e-6
Y,194931,977.1,299.7,295.4,73.4,13.1,5.7,0,0008
T,2014,08,24,18,48,41
B,266714,27162,85,3420,159438,6664,104,3420,977.1,299.7
G,3211956,185371,122,3420,1868552,37150,75,3420,977.1,299.7
R,1290686,82283,4206,3420,753972,30884,4373,3420,977.1,299.7
D,NBXX,9999,5.345e-5,4.064e-5,2.651e-5,5.043e-6,4.204e-6,3.998e-6
Y,195112,977.1,299.7,295.4,73.6,13.1,5.7,0,0008
T,2014,08,24,18,53,41
B,268565,27605,131,3448,162635,6515,111,3447,977.0,299.7
G,3235294,188063,98,3448,1907627,37952,87,3447,977.0,299.7
R,1301634,83814,4362,3448,770471,31105,4437,3447,977.0,299.7
D,NBXX,9999,5.404e-5,4.106e-5,2.691e-5,4.276e-6,4.374e-6,3.874e-6
Y,194933,977.0,299.7,295.4,73.6,13.1,5.7,0,0000
T,2014,08,24,18,58,41
B,267686,28227,94,3447,163294,6624,98,3447,977.1,299.7
G,3231475,192690,100,3447,1906109,38701,90,3447,977.1,299.7
R,1300737,85026,4451,3447,768714,31038,4393,3447,977.1,299.7
D,NBXX,9999,5.638e-5,4.254e-5,2.765e-5,4.840e-6,4.612e-6,3.805e-6
Y,194759,977.1,299.7,295.4,73.7,13.1,5.7,0,0000
T,2014,08,24,19,03,41
B,268916,28003,137,3447,162820,6595,123,3447,977.2,299.7
G,3234736,189766,118,3447,1905642,38120,92,3447,977.2,299.7
R,1302730,84307,4352,3447,767997,31149,4467,3447,977.2,299.7
D,NBXX,9999,5.507e-5,4.158e-5,2.716e-5,4.424e-6,4.415e-6,3.871e-6
Y,194956,977.2,299.7,295.4,73.2,13.0,5.7,0,0000
T,2014,08,24,19,08,41
B,267800,27762,139,3447,163147,6594,147,3448,977.2,299.7
G,3236303,191234,111,3447,1905452,37789,96,3448,977.2,299.7
R,1300620,85398,4525,3447,768473,31524,4437,3448,977.2,299.7
D,NBXX,9999,5.460e-5,4.200e-5,2.780e-5,4.404e-6,4.307e-6,4.014e-6
Y,195051,977.2,299.7,295.4,73.1,13.1,5.7,0,0000
T,2014,08,24,19,13,41
B,267715,27865,131,3447,162621,6724,88,3447,977.3,299.7
G,3233121,189564,96,3447,1906895,38095,93,3447,977.3,299.7
R,1299777,83548,4440,3447,769209,30913,4427,3447,977.3,299.7
D,NBXX,9999,5.517e-5,4.155e-5,2.677e-5,5.047e-6,4.421e-6,3.722e-6
Y,194858,977.3,299.7,295.3,73.1,13.1,5.7,0,0000
T,2014,08,24,19,18,41
B,267159,27864,69,3448,161646,6521,110,3447,977.3,299.6
G,3238625,191765,96,3448,1900723,37949,89,3447,977.3,299.6
R,1299820,84523,4332,3448,769373,31280,4262,3447,977.3,299.6
D,NBXX,9999,5.548e-5,4.213e-5,2.755e-5,4.616e-6,4.362e-6,4.143e-6
Y,195135,977.3,299.6,295.3,73.1,13.1,5.7,0,0000
T,2014,08,24,19,23,41
B,267674,28161,128,3447,162835,6607,101,3447,977.4,299.6
G,3233538,192418,93,3447,1907520,38091,74,3447,977.4,299.6
R,1298898,85000,4447,3447,769507,31175,4373,3447,977.4,299.6
D,NBXX,9999,5.602e-5,4.242e-5,2.772e-5,4.645e-6,4.426e-6,3.924e-6
Y,194884,977.4,299.6,295.3,73.1,13.0,5.7,0,0000
T,2014,08,24,19,28,41
B,268665,28568,110,3447,163585,6603,89,3448,977.4,299.6
G,3235663,199874,96,3447,1922978,38870,104,3448,977.4,299.6
R,1301904,87017,4356,3447,775161,31511,4358,3448,977.4,299.6
D,NBXX,9999,5.705e-5,4.465e-5,2.892e-5,4.661e-6,4.641e-6,4.169e-6
Y,195012,977.4,299.6,295.3,73.2,13.1,5.7,0,0000
T,2014,08,24,19,33,41
B,268074,30220,91,3447,162235,6936,128,3447,977.4,299.6
G,3233881,204400,78,3447,1909090,39861,106,3447,977.4,299.6
R,1300937,89326,4416,3447,771442,31921,4457,3447,977.4,299.6
D,NBXX,9999,6.218e-5,4.607e-5,3.024e-5,5.650e-6,4.959e-6,4.321e-6
Y,194904,977.4,299.6,295.3,73.6,13.0,5.7,0,0000
T,2014,08,24,19,38,41
B,268630,30065,123,3448,162744,7070,107,3447,977.4,299.6
G,3229616,206589,94,3448,1908785,40448,114,3447,977.4,299.6
R,1300410,89732,4392,3448,769930,31772,4542,3447,977.4,299.6
D,NBXX,9999,6.149e-5,4.681e-5,3.047e-5,5.982e-6,5.150e-6,4.197e-6
Y,194590,977.4,299.6,295.3,73.7,13.0,5.7,0,0000
T,2014,08,24,19,43,41
B,267256,29691,124,3447,162353,7110,86,3447,977.4,299.6
G,3232997,205459,91,3447,1903026,39916,113,3447,977.4,299.6
R,1298939,89312,4463,3447,767652,31935,4454,3447,977.4,299.6
D,NBXX,9999,6.088e-5,4.640e-5,3.028e-5,6.274e-6,4.972e-6,4.318e-6
Y,194851,977.4,299.6,295.2,73.7,13.0,5.7,0,0000
T,2014,08,24,19,48,41
B,268945,29951,128,3447,162394,6890,126,3448,977.5,299.6
G,3232308,206810,121,3447,1904293,40041,82,3448,977.5,299.6
R,1302851,89640,4510,3447,766209,31769,4365,3448,977.5,299.6
D,NBXX,9999,6.095e-5,4.683e-5,3.036e-5,5.317e-6,5.010e-6,4.203e-6
Y,194809,977.5,299.6,295.2,73.9,13.0,5.7,0,0000
T,2014,08,24,19,53,41
B,268785,30151,135,3447,161982,6797,122,3447,977.5,299.6
G,3230102,206551,96,3447,1903050,39737,89,3447,977.5,299.6
R,1299553,89484,4376,3447,767302,31815,4396,3447,977.5,299.6
D,NBXX,9999,6.160e-5,4.680e-5,3.046e-5,5.042e-6,4.935e-6,4.341e-6
Y,194676,977.5,299.6,295.2,73.9,13.1,5.7,0,0000
T,2014,08,24,19,58,41
B,267509,29970,95,3448,161674,6734,113,3447,977.5,299.6
G,3230678,205193,115,3448,1895750,39939,82,3447,977.5,299.6
R,1299381,88817,4356,3448,764018,32003,4356,3447,977.5,299.6
D,NBXX,9999,6.165e-5,4.637e-5,3.010e-5,5.123e-6,4.994e-6,4.505e-6
Y,194654,977.5,299.6,295.2,73.9,13.0,5.7,0,0000
T,2014,08,24,20,03,41
B,255139,28171,110,3266,152406,6610,90,3267,977.5,299.6
G,3073892,194791,94,3266,1789238,37824,90,3267,977.5,299.6
R,1237288,84061,4052,3266,721545,30024,4018,3267,977.5,299.6
D,NBXX,9999,6.033e-5,4.623e-5,2.994e-5,5.703e-6,4.931e-6,4.375e-6
Y,195532,977.5,299.6,295.2,73.7,13.1,5.7,0,0008
T,2014,08,24,20,08,41
B,264244,28827,95,3377,157790,6827,125,3378,977.6,299.6
G,3169459,198671,91,3377,1862165,39171,88,3378,977.6,299.6
R,1274197,86637,4245,3377,751308,31075,4282,3378,977.6,299.6
D,NBXX,9999,5.921e-5,4.555e-5,2.983e-5,5.599e-6,4.988e-6,4.316e-6
Y,194982,977.6,299.6,295.2,73.6,13.0,5.7,0,0008
T,2014,08,24,20,13,41
B,248140,27305,128,3182,149556,6442,108,3179,977.6,299.5
G,2992158,189134,87,3182,1754945,36541,77,3179,977.6,299.5
R,1202822,81150,4051,3182,708466,29072,4052,3179,977.6,299.5
D,NBXX,9999,5.984e-5,4.608e-5,2.937e-5,5.601e-6,4.860e-6,4.122e-6
Y,195356,977.6,299.5,295.2,73.6,13.0,5.7,0,0008
T,2014,08,24,20,18,41
B,245194,28148,106,3147,147229,6211,108,3147,977.6,299.5
G,2962849,192449,68,3147,1734503,37300,73,3147,977.6,299.5
R,1192314,82110,3988,3147,698569,29235,4028,3147,977.6,299.5
D,NBXX,9999,6.379e-5,4.781e-5,3.049e-5,5.142e-6,5.229e-6,4.396e-6
Y,195595,977.6,299.5,295.1,73.4,13.0,5.7,0,0008
T,2014,08,24,20,23,41
B,266788,30307,121,3447,161164,6949,101,3447,977.7,299.5
G,3231089,208974,107,3447,1891970,40635,91,3447,977.7,299.5
R,1297725,89508,4393,3447,762627,32065,4231,3447,977.7,299.5
D,NBXX,9999,6.285e-5,4.752e-5,3.065e-5,5.763e-6,5.201e-6,4.618e-6
Y,194736,977.7,299.5,295.1,73.4,13.0,5.7,0,0000
T,2014,08,24,20,28,41
B,258581,28750,91,3319,155497,6647,117,3319,977.7,299.5
G,3121035,198602,94,3319,1828417,38909,91,3319,977.7,299.5
R,1252090,85339,4156,3319,736407,30743,4137,3319,977.7,299.5
D,NBXX,9999,6.091e-5,4.649e-5,3.002e-5,5.512e-6,5.095e-6,4.515e-6
Y,195359,977.7,299.5,295.1,73.2,13.0,5.7,0,0008
T,2014,08,24,20,33,41
B,268621,29386,104,3447,161479,6797,129,3447,977.7,299.5
G,3232694,201011,92,3447,1898965,39385,114,3447,977.7,299.5
R,1298141,87184,4278,3447,764906,31459,4349,3447,977.7,299.5
D,NBXX,9999,5.940e-5,4.505e-5,2.921e-5,5.125e-6,4.810e-6,4.241e-6
Y,194833,977.7,299.5,295.1,73.2,13.0,5.7,0,0000
T,2014,08,24,20,38,41
B,267798,28456,126,3448,160869,6705,91,3447,977.8,299.5
G,3230099,196077,114,3448,1894855,38525,82,3447,977.8,299.5
R,1301504,86213,4288,3448,765319,31583,4213,3447,977.8,299.5
D,NBXX,9999,5.689e-5,4.360e-5,2.859e-5,4.968e-6,4.564e-6,4.377e-6
Y,194619,977.8,299.5,295.1,73.2,13.1,5.7,0,0000
T,2014,08,24,20,43,41
B,268543,28215,116,3447,161775,6780,115,3447,977.8,299.5
G,3230649,192987,104,3447,1907005,38293,83,3447,977.8,299.5
R,1297128,84860,4417,3447,767093,30835,4381,3447,977.8,299.5
D,NBXX,9999,5.588e-5,4.264e-5,2.771e-5,5.086e-6,4.491e-6,3.749e-6
Y,194709,977.8,299.5,295.1,73.2,13.0,5.7,0,0000
T,2014,08,24,20,48,41
B,267738,28112,137,3447,161274,6613,106,3448,977.8,299.5
G,3233866,191716,70,3447,1902491,38256,83,3448,977.8,299.5
R,1299068,84262,4216,3447,766098,31334,4311,3448,977.8,299.5
D,NBXX,9999,5.578e-5,4.221e-5,2.747e-5,4.590e-6,4.477e-6,4.222e-6
Y,194904,977.8,299.5,295.1,73.2,13.1,5.7,0,0000
T,2014,08,24,20,53,41
B,267306,28025,103,3447,162097,6685,100,3447,977.9,299.4
G,3232047,190036,70,3447,1902796,38258,88,3447,977.9,299.4
R,1298951,84275,4280,3447,766462,30971,4331,3447,977.9,299.4
D,NBXX,9999,5.579e-5,4.173e-5,2.742e-5,4.987e-6,4.486e-6,3.947e-6
Y,194794,977.9,299.4,295.1,73.4,13.0,5.7,0,0000
T,2014,08,24,20,58,41
B,267745,27442,94,3448,162107,6694,99,3447,977.9,299.4
G,3236570,187742,109,3448,1904485,38185,85,3447,977.9,299.4
R,1300243,83008,4281,3448,767851,31183,4179,3447,977.9,299.4
D,NBXX,9999,5.391e-5,4.093e-5,2.671e-5,5.023e-6,4.438e-6,4.175e-6
Y,195010,977.9,299.4,295.0,73.2,13.0,5.7,0,0000
T,2014,08,24,21,03,41
B,267532,27394,94,3447,162728,6800,93,3447,978.0,299.4
G,3235692,187144,86,3447,1907256,38805,85,3447,978.0,299.4
R,1298686,83281,4311,3447,769340,31197,4347,3447,978.0,299.4
D,NBXX,9999,5.385e-5,4.078e-5,2.679e-5,5.376e-6,4.635e-6,4.054e-6
Y,195014,978.0,299.4,295.0,73.1,13.0,5.7,0,0000
T,2014,08,24,21,08,41
B,268026,27566,98,3447,162139,6689,90,3448,978.1,299.4
G,3230950,187153,104,3447,1897899,38425,68,3448,978.1,299.4
R,1299724,82672,4345,3447,765738,31236,4290,3448,978.1,299.4
D,NBXX,9999,5.422e-5,4.086e-5,2.640e-5,4.993e-6,4.532e-6,4.079e-6
Y,194727,978.1,299.4,295.0,73.1,13.0,5.7,0,0000
T,2014,08,24,21,13,41
B,268975,27519,111,3447,162593,6662,125,3447,978.2,299.4
G,3233363,183910,110,3447,1903652,38576,88,3447,978.2,299.4
R,1300549,82302,4308,3447,766730,31001,4243,3447,978.2,299.4
D,NBXX,9999,5.362e-5,3.982e-5,2.621e-5,4.680e-6,4.564e-6,3.992e-6
Y,194873,978.2,299.4,295.0,72.9,13.1,5.7,0,0000
T,2014,08,24,21,18,41
B,269130,26459,128,3447,162439,6682,97,3447,978.3,299.4
G,3235260,179781,109,3447,1905224,38418,76,3447,978.3,299.4
R,1300612,80901,4338,3447,767236,30850,4217,3447,978.3,299.4
D,NBXX,9999,5.040e-5,3.853e-5,2.535e-5,4.767e-6,4.513e-6,3.896e-6
Y,194988,978.3,299.4,295.0,72.9,13.0,5.7,0,0000
T,2014,08,24,21,23,41
B,268328,26288,92,3448,162175,6555,101,3447,978.4,299.4
G,3231204,175381,87,3448,1907699,37481,89,3447,978.4,299.4
R,1298023,80082,4286,3448,769393,30660,4254,3447,978.4,299.4
D,NBXX,9999,5.023e-5,3.726e-5,2.494e-5,4.558e-6,4.248e-6,3.821e-6
Y,194686,978.4,299.4,295.0,72.9,13.1,5.7,0,0000
T,2014,08,24,21,28,41
B,267979,25764,140,3447,162981,6554,81,3447,978.4,299.4
G,3236561,173654,82,3447,1906902,37144,82,3447,978.4,299.4
R,1300193,78745,4275,3447,768202,30491,4146,3447,978.4,299.4
D,NBXX,9999,4.865e-5,3.665e-5,2.414e-5,4.476e-6,4.128e-6,3.777e-6
Y,195067,978.4,299.4,295.0,72.9,13.1,5.7,0,0000
T,2014,08,24,21,33,41
B,266839,25729,112,3447,161530,6407,97,3448,978.5,299.4
G,3235516,172511,95,3447,1908888,37313,58,3448,978.5,299.4
R,1300626,78506,4136,3447,766911,30890,4225,3448,978.5,299.4
D,NBXX,9999,4.889e-5,3.632e-5,2.402e-5,4.133e-6,4.183e-6,4.053e-6
Y,195003,978.5,299.4,294.9,72.9,13.1,5.7,0,0000
T,2014,08,24,21,38,41
B,267641,25844,104,3447,162192,6519,101,3447,978.5,299.3
G,3233619,173505,85,3447,1898630,37296,106,3447,978.5,299.3
R,1299599,79012,4274,3447,764996,30250,4204,3447,978.5,299.3
D,NBXX,9999,4.902e-5,3.664e-5,2.428e-5,4.437e-6,4.175e-6,3.595e-6
Y,194889,978.5,299.3,294.9,73.1,13.0,5.7,0,0000
T,2014,08,24,21,43,41
B,267673,25795,106,3448,161525,6704,81,3447,978.5,299.3
G,3236191,174342,89,3448,1899280,37939,77,3447,978.5,299.3
R,1297978,79060,4328,3448,764161,30509,4345,3447,978.5,299.3
D,NBXX,9999,4.892e-5,3.686e-5,2.423e-5,5.066e-6,4.374e-6,3.635e-6
Y,194987,978.5,299.3,294.9,73.1,13.0,5.7,0,0000
T,2014,08,24,21,48,41
B,268004,25733,106,3447,162849,6717,105,3447,978.6,299.3
G,3233039,172252,92,3447,1895531,37739,80,3447,978.6,299.3
R,1298251,78133,4224,3447,765943,30317,4235,3447,978.6,299.3
D,NBXX,9999,4.855e-5,3.627e-5,2.380e-5,4.991e-6,4.319e-6,3.662e-6
Y,194854,978.6,299.3,294.9,73.1,13.0,5.7,0,0000
T,2014,08,24,21,53,41
B,267742,25434,106,3447,161259,6661,80,3448,978.7,299.3
G,3227564,169607,98,3447,1904475,37610,98,3448,978.7,299.3
R,1299157,77658,4127,3447,767620,30682,4085,3448,978.7,299.3
D,NBXX,9999,4.781e-5,3.552e-5,2.366e-5,4.922e-6,4.274e-6,4.047e-6
Y,194522,978.7,299.3,294.9,72.9,13.0,5.7,0,0000
T,2014,08,24,21,58,41
B,268487,25756,98,3447,162851,6628,103,3447,978.7,299.3
G,3233717,172616,78,3447,1898584,37993,88,3447,978.7,299.3
R,1297073,78111,4241,3447,768100,30678,4231,3447,978.7,299.3
D,NBXX,9999,4.852e-5,3.635e-5,2.382e-5,4.721e-6,4.383e-6,3.885e-6
Y,194895,978.7,299.3,294.9,72.9,13.0,5.7,0,0000
T,2014,08,24,22,03,41
B,268017,25807,120,3448,162362,6645,103,3447,978.7,299.3
G,3234461,173594,78,3448,1908830,38335,78,3447,978.7,299.3
R,1300444,78991,4265,3448,769326,30159,4105,3447,978.7,299.3
D,NBXX,9999,4.873e-5,3.664e-5,2.432e-5,4.735e-6,4.491e-6,3.612e-6
Y,194883,978.7,299.3,294.9,73.1,13.0,5.7,0,0000
T,2014,08,24,22,08,41
B,268164,24725,110,3447,163034,6446,112,3447,978.7,299.3
G,3232743,167231,101,3447,1906434,37109,78,3447,978.7,299.3
R,1298919,76432,4137,3447,767873,30350,4112,3447,978.7,299.3
D,NBXX,9999,4.541e-5,3.472e-5,2.289e-5,4.118e-6,4.112e-6,3.825e-6
Y,194836,978.7,299.3,294.9,72.9,13.0,5.7,0,0000
T,2014,08,24,22,13,41
B,268990,24482,90,3447,162189,6362,87,3448,978.8,299.3
G,3235982,165791,90,3447,1895742,36811,64,3448,978.8,299.3
R,1295836,76236,4132,3447,764365,30389,4130,3448,978.8,299.3
D,NBXX,9999,4.460e-5,3.423e-5,2.286e-5,3.958e-6,4.015e-6,3.865e-6
Y,195032,978.8,299.3,294.8,72.9,13.0,5.7,0,0000
T,2014,08,24,22,18,41
B,268681,24542,119,3447,161370,6472,107,3447,978.9,299.3
G,3235270,164649,92,3447,1897825,36486,72,3447,978.9,299.3
R,1297261,76195,4267,3447,765158,29898,4259,3447,978.9,299.3
D,NBXX,9999,4.470e-5,3.389e-5,2.261e-5,4.146e-6,3.918e-6,3.369e-6
Y,194989,978.9,299.3,294.8,73.1,13.1,5.7,0,0000
T,2014,08,24,22,23,41
B,268068,24294,112,3448,160996,6395,109,3447,978.9,299.2
G,3237869,164409,90,3448,1895501,36578,98,3447,978.9,299.2
R,1295300,75995,4136,3448,763426,29971,4281,3447,978.9,299.2
D,NBXX,9999,4.410e-5,3.377e-5,2.262e-5,3.965e-6,3.932e-6,3.514e-6
Y,195089,978.9,299.2,294.8,72.9,13.0,5.7,0,0000
T,2014,08,24,22,28,41
B,267163,23966,103,3447,161675,6491,101,3447,979.0,299.2
G,3232067,163916,87,3447,1897441,36972,92,3447,979.0,299.2
R,1299324,75824,4256,3447,763167,29890,4211,3447,979.0,299.2
D,NBXX,9999,4.341e-5,3.371e-5,2.236e-5,4.375e-6,4.072e-6,3.386e-6
Y,194795,979.0,299.2,294.8,73.1,13.0,5.7,0,0000
T,2014,08,24,22,33,41
B,267335,24531,104,3447,161682,6356,87,3448,979.0,299.2
G,3234354,164892,111,3447,1898709,36698,62,3448,979.0,299.2
R,1298390,76031,4109,3447,763695,29855,4150,3448,979.0,299.2
D,NBXX,9999,4.513e-5,3.398e-5,2.266e-5,3.992e-6,3.980e-6,3.516e-6
Y,194933,979.0,299.2,294.8,72.9,13.0,5.7,0,0000
T,2014,08,24,22,38,41
B,267227,24410,102,3447,161492,6484,110,3447,979.0,299.2
G,3233319,163671,102,3447,1891941,36905,92,3447,979.0,299.2
R,1297127,75466,4090,3447,762728,29956,4146,3447,979.0,299.2
D,NBXX,9999,4.472e-5,3.362e-5,2.237e-5,4.321e-6,4.042e-6,3.611e-6
Y,194870,979.0,299.2,294.8,72.9,13.0,5.7,0,0000
T,2014,08,24,22,43,41
B,257097,23606,101,3309,156247,6182,103,3307,979.0,299.2
G,3108804,158921,101,3309,1833459,35169,75,3307,979.0,299.2
R,1246484,73340,4104,3309,736861,29039,3949,3307,979.0,299.2
D,NBXX,9999,4.510e-5,3.411e-5,2.279e-5,4.154e-6,3.953e-6,3.679e-6
Y,195181,979.0,299.2,294.8,72.9,13.0,5.7,0,0008
T,2014,08,24,22,48,41
B,267883,24968,109,3447,162302,6335,101,3447,979.1,299.2
G,3235421,168647,69,3447,1906845,37755,59,3447,979.1,299.2
R,1298608,77015,4038,3447,768908,30006,4129,3447,979.1,299.2
D,NBXX,9999,4.624e-5,3.512e-5,2.332e-5,3.829e-6,4.318e-6,3.676e-6
Y,194998,979.1,299.2,294.7,72.9,13.1,5.7,0,0000
T,2014,08,24,22,53,41
B,268233,25368,123,3447,161639,6660,80,3448,979.1,299.2
G,3237555,168748,77,3447,1901894,37621,72,3448,979.1,299.2
R,1297749,77234,4195,3447,767610,30050,4118,3448,979.1,299.2
D,NBXX,9999,4.738e-5,3.511e-5,2.337e-5,4.810e-6,4.258e-6,3.603e-6
Y,195127,979.1,299.2,294.7,72.9,13.0,5.7,0,0000
T,2014,08,24,22,58,41
B,268119,25245,120,3447,161482,6701,108,3447,979.2,299.2
G,3240291,168450,89,3447,1894945,37870,85,3447,979.2,299.2
R,1298092,76553,4225,3447,762879,30282,3974,3447,979.2,299.2
D,NBXX,9999,4.695e-5,3.497e-5,2.303e-5,4.860e-6,4.319e-6,3.827e-6
Y,195292,979.2,299.2,294.7,72.9,13.1,5.7,0,0000
T,2014,08,24,23,03,41
B,267522,24711,123,3448,162830,6517,121,3447,979.3,299.1
G,3239211,167712,101,3448,1906431,37419,89,3447,979.3,299.1
R,1300002,76937,4073,3448,767403,29829,4074,3447,979.3,299.1
D,NBXX,9999,4.544e-5,3.476e-5,2.324e-5,4.293e-6,4.183e-6,3.573e-6
Y,195170,979.3,299.1,294.7,72.9,13.1,5.7,0,0000
T,2014,08,24,23,08,41
B,268445,24752,131,3447,163178,6453,89,3447,979.3,299.1
G,3240176,166025,98,3447,1909413,36959,84,3447,979.3,299.1
R,1299810,76054,4041,3447,767503,30028,4018,3447,979.3,299.1
D,NBXX,9999,4.539e-5,3.423e-5,2.277e-5,4.113e-6,4.039e-6,3.754e-6
Y,195285,979.3,299.1,294.7,72.9,13.0,5.7,0,0000
T,2014,08,24,23,13,41
B,268253,24489,119,3447,162360,6362,87,3448,979.3,299.1
G,3240279,164351,124,3447,1908052,36908,57,3448,979.3,299.1
R,1299669,75841,4138,3447,767910,29312,4164,3448,979.3,299.1
D,NBXX,9999,4.470e-5,3.372e-5,2.247e-5,3.894e-6,4.020e-6,3.143e-6
Y,195292,979.3,299.1,294.7,72.9,13.1,5.7,0,0000
T,2014,08,24,23,18,41
B,267962,24772,103,3447,161520,6270,92,3447,979.3,299.1
G,3237809,164847,75,3447,1900390,36577,82,3447,979.3,299.1
R,1298435,75794,4195,3447,764125,29382,4068,3447,979.3,299.1
D,NBXX,9999,4.567e-5,3.392e-5,2.251e-5,3.679e-6,3.940e-6,3.229e-6
Y,195142,979.3,299.1,294.7,72.9,13.0,5.7,0,0000
T,2014,08,24,23,23,41
B,267808,24310,105,3448,161498,6353,108,3447,979.2,299.1
G,3237277,164739,70,3448,1900583,36794,88,3447,979.2,299.1
R,1295119,76544,4281,3448,765574,29618,3992,3447,979.2,299.1
D,NBXX,9999,4.425e-5,3.389e-5,2.306e-5,3.884e-6,4.011e-6,3.402e-6
Y,195053,979.2,299.1,294.6,73.1,13.0,5.7,0,0000
T,2014,08,24,23,28,41
B,265975,24388,100,3422,160725,6278,96,3421,979.2,299.1
G,3218057,164404,107,3422,1899135,36606,119,3421,979.2,299.1
R,1291135,75394,3984,3422,764786,29444,3977,3421,979.2,299.1
D,NBXX,9999,4.505e-5,3.407e-5,2.270e-5,3.842e-6,3.995e-6,3.555e-6
Y,195369,979.2,299.1,294.6,72.9,13.0,5.7,0,0008
T,2014,08,24,23,33,41
B,268246,24474,143,3447,161914,6403,95,3447,979.3,299.1
G,3235000,163792,93,3447,1903156,36054,106,3447,979.3,299.1
R,1297538,75045,4118,3447,765530,29945,4187,3447,979.3,299.1
D,NBXX,9999,4.454e-5,3.362e-5,2.205e-5,3.912e-6,3.775e-6,3.551e-6
Y,194972,979.3,299.1,294.6,72.6,13.0,5.7,0,0000
T,2014,08,24,23,38,41
B,268163,24479,112,3447,161379,6304,107,3448,979.3,299.1
G,3237110,163558,83,3447,1900722,36818,70,3448,979.3,299.1
R,1297715,74540,4109,3447,764850,29627,4057,3448,979.3,299.1
D,NBXX,9999,4.465e-5,3.354e-5,2.183e-5,3.678e-6,4.014e-6,3.450e-6
Y,195100,979.3,299.1,294.6,72.4,13.1,5.7,0,0000
T,2014,08,24,23,43,41
B,266723,24891,109,3447,162167,6335,126,3447,979.3,299.1
G,3235038,165585,82,3447,1907028,36804,90,3447,979.3,299.1
R,1295398,75695,4044,3447,766572,29575,3982,3447,979.3,299.1
D,NBXX,9999,4.624e-5,3.418e-5,2.271e-5,3.821e-6,4.013e-6,3.544e-6
Y,194974,979.3,299.1,294.6,72.4,13.0,5.7,0,0000
T,2014,08,24,23,48,41
B,268919,24926,104,3448,161963,6364,114,3447,979.3,299.1
G,3239071,166783,71,3448,1906783,36793,64,3447,979.3,299.1
R,1295900,76188,4225,3448,765723,29810,4044,3447,979.3,299.1
D,NBXX,9999,4.579e-5,3.450e-5,2.282e-5,3.823e-6,4.012e-6,3.515e-6
Y,195162,979.3,299.1,294.6,72.4,13.1,5.7,0,0000
T,2014,08,24,23,53,41
B,268964,24923,122,3447,160804,6398,71,3447,979.3,299.0
G,3238031,167121,85,3447,1892850,37212,64,3447,979.3,299.0
R,1298828,75551,3990,3447,762518,29611,4061,3447,979.3,299.0
D,NBXX,9999,4.586e-5,3.458e-5,2.247e-5,4.005e-6,4.122e-6,3.502e-6
Y,195156,979.3,299.0,294.6,72.1,13.0,5.7,0,0000
T,2014,08,24,23,58,41
B,269023,24658,87,3447,161547,6346,94,3448,979.4,299.0
G,3238790,167819,79,3447,1891967,36751,86,3448,979.4,299.0
R,1299581,75863,4121,3447,762056,29640,3990,3448,979.4,299.0
D,NBXX,9999,4.508e-5,3.478e-5,2.259e-5,3.880e-6,3.970e-6,3.465e-6
Y,195201,979.4,299.0,294.6,71.8,13.0,5.7,0,0000
