T,2014,08,28,00,03,42
B,264944,30641,88,3447,160302,7493,76,3447,978.8,298.7
G,3216644,209704,87,3447,1903312,45397,76,3447,978.8,298.7
R,1285329,88685,3678,3447,761578,31815,3708,3447,978.8,298.7
D,NBXX,9999,6.463e-5,4.799e-5,3.146e-5,7.741e-6,6.704e-6,5.466e-6
Y,193862,978.8,298.7,294.3,63.8,13.0,5.7,0,0000
T,2014,08,28,00,08,43
B,264736,31277,134,3448,161544,7536,85,3447,978.8,298.8
G,3217947,212698,76,3448,1901827,45155,58,3447,978.8,298.8
R,1285743,89017,3697,3448,762456,32009,3669,3447,978.8,298.8
D,NBXX,9999,6.647e-5,4.889e-5,3.166e-5,7.702e-6,6.639e-6,5.600e-6
Y,193884,978.8,298.8,294.4,64.2,13.1,5.7,0,0000
T,2014,08,28,00,13,42
B,263382,29778,94,3423,160830,7277,81,3423,978.8,298.7
G,3196763,202225,76,3423,1890565,44332,72,3423,978.8,298.7
R,1278464,85318,3700,3423,755416,30932,3499,3423,978.8,298.7
D,NBXX,9999,6.248e-5,4.608e-5,2.977e-5,7.168e-6,6.467e-6,5.130e-6
Y,194015,978.8,298.7,294.3,63.3,13.0,5.7,0,0008
T,2014,08,28,00,18,43
B,265307,29615,93,3447,160123,7308,102,3448,978.8,298.7
G,3218931,197862,77,3447,1895891,43834,80,3448,978.8,298.7
R,1287152,83308,3714,3447,758850,31235,3668,3448,978.8,298.7
D,NBXX,9999,6.125e-5,4.431e-5,2.808e-5,7.027e-6,6.213e-6,5.087e-6
Y,194000,978.8,298.7,294.3,63.5,13.1,5.7,0,0000
T,2014,08,28,00,23,43
B,264196,29600,111,3447,160847,7264,89,3447,978.8,298.7
G,3219529,199427,112,3447,1895912,43500,83,3447,978.8,298.7
R,1286102,84821,3677,3447,759318,31924,3677,3447,978.8,298.7
D,NBXX,9999,6.157e-5,4.477e-5,2.907e-5,6.971e-6,6.099e-6,5.547e-6
Y,194036,978.8,298.7,294.3,63.7,13.0,5.7,0,0000
T,2014,08,28,00,28,43
B,264812,30008,109,3448,161007,7608,76,3447,978.8,298.7
G,3215871,207361,107,3448,1893403,44396,84,3447,978.8,298.7
R,1288192,86632,3681,3448,759242,31984,3824,3447,978.8,298.7
D,NBXX,9999,6.266e-5,4.727e-5,3.000e-5,8.038e-6,6.394e-6,5.458e-6
Y,193758,978.8,298.7,294.3,63.8,13.0,5.7,0,0000
T,2014,08,28,00,33,43
B,265956,31415,90,3447,160084,7692,91,3447,978.8,298.7
G,3217407,214986,96,3447,1888214,45449,71,3447,978.8,298.7
R,1286024,89777,3847,3447,758452,32336,3679,3447,978.8,298.7
D,NBXX,9999,6.659e-5,4.959e-5,3.201e-5,8.205e-6,6.715e-6,5.679e-6
Y,193908,978.8,298.7,294.2,64.3,13.0,5.7,0,0000
T,2014,08,28,00,38,43
B,266187,30416,115,3447,160947,7479,97,3448,978.8,298.7
G,3222135,207321,84,3447,1893704,44690,53,3448,978.8,298.7
R,1286003,86331,3749,3447,760931,31793,3799,3448,978.8,298.7
D,NBXX,9999,6.334e-5,4.716e-5,2.987e-5,7.417e-6,6.469e-6,5.324e-6
Y,194194,978.8,298.7,294.3,64.2,13.0,5.7,0,0000
T,2014,08,28,00,43,43
B,265654,30033,91,3447,161678,7274,96,3447,978.8,298.7
G,3217894,199954,70,3447,1899080,44058,92,3447,978.8,298.7
R,1287395,84132,3884,3447,760682,31518,3724,3447,978.8,298.7
D,NBXX,9999,6.244e-5,4.497e-5,2.842e-5,6.929e-6,6.288e-6,5.102e-6
Y,193937,978.8,298.7,294.3,63.8,13.0,5.7,0,0000
T,2014,08,28,00,48,42
B,266010,29303,110,3447,160571,7286,81,3447,978.8,298.7
G,3223525,197777,93,3447,1900360,43991,64,3447,978.8,298.7
R,1285434,83920,3647,3447,759570,31544,3745,3447,978.8,298.7
D,NBXX,9999,6.007e-5,4.420e-5,2.851e-5,6.923e-6,6.246e-6,5.293e-6
Y,194278,978.8,298.7,294.2,64.2,13.0,5.7,0,0000
T,2014,08,28,00,53,43
B,265452,29322,110,3448,160449,7268,64,3447,978.8,298.7
G,3219755,197402,71,3448,1892253,43740,66,3447,978.8,298.7
R,1287418,83272,3749,3448,757792,31131,3671,3447,978.8,298.7
D,NBXX,9999,6.038e-5,4.416e-5,2.802e-5,6.980e-6,6.196e-6,5.002e-6
Y,193993,978.8,298.7,294.2,64.2,13.0,5.7,0,0000
T,2014,08,28,00,58,43
B,266459,29354,97,3447,161714,7216,87,3447,978.8,298.7
G,3217855,196719,106,3447,1897212,43948,73,3447,978.8,298.7
R,1286479,82980,3789,3447,760313,31162,3615,3447,978.8,298.7
D,NBXX,9999,6.010e-5,4.397e-5,2.789e-5,6.697e-6,6.249e-6,5.038e-6
Y,193935,978.8,298.7,294.3,64.0,13.0,5.7,0,0000
T,2014,08,28,01,03,43
B,266290,28942,99,3447,160501,7416,104,3448,978.7,298.7
G,3218614,196221,82,3447,1897606,43845,70,3448,978.7,298.7
R,1286356,82533,3646,3447,760599,30891,3704,3448,978.7,298.7
D,NBXX,9999,5.883e-5,4.382e-5,2.766e-5,7.248e-6,6.220e-6,4.906e-6
Y,193981,978.7,298.7,294.3,64.0,13.1,5.7,0,0000
T,2014,08,28,01,08,43
B,264624,28787,123,3425,160226,7179,86,3425,978.7,298.7
G,3201700,192519,75,3425,1885946,42848,76,3425,978.7,298.7
R,1277672,81631,3614,3425,754594,31036,3625,3425,978.7,298.7
D,NBXX,9999,5.889e-5,4.299e-5,2.749e-5,6.643e-6,5.987e-6,5.175e-6
Y,194202,978.7,298.7,294.3,64.0,13.0,5.7,0,0008
T,2014,08,28,01,13,43
B,263592,28518,96,3426,160753,7130,94,3425,978.7,298.7
G,3203023,191736,80,3426,1890100,42923,76,3425,978.7,298.7
R,1278302,81721,3692,3426,755829,30594,3548,3425,978.7,298.7
D,NBXX,9999,5.847e-5,4.272e-5,2.752e-5,6.649e-6,6.007e-6,4.898e-6
Y,194225,978.7,298.7,294.3,64.2,13.0,5.7,0,0008
T,2014,08,28,01,18,43
B,266164,28851,132,3447,162289,7234,104,3447,978.7,298.6
G,3218225,195038,85,3447,1908207,43357,66,3447,978.7,298.6
R,1285449,82116,3622,3447,763062,30848,3746,3447,978.7,298.6
D,NBXX,9999,5.845e-5,4.346e-5,2.742e-5,6.578e-6,6.076e-6,4.882e-6
Y,193957,978.7,298.6,294.3,64.2,13.0,5.7,0,0000
T,2014,08,28,01,23,43
B,265041,29006,92,3447,161477,7348,93,3448,978.7,298.6
G,3217083,194812,85,3447,1905429,43312,84,3448,978.7,298.6
R,1285622,82150,3672,3447,761399,31108,3708,3448,978.7,298.6
D,NBXX,9999,5.948e-5,4.341e-5,2.743e-5,7.193e-6,6.056e-6,5.026e-6
Y,193888,978.7,298.6,294.3,64.2,13.0,5.7,0,0000
T,2014,08,28,01,28,43
B,265854,28593,81,3447,160675,7157,98,3447,978.7,298.6
G,3220478,191637,80,3447,1899227,43497,76,3447,978.7,298.6
R,1285986,81143,3559,3447,761442,30688,3556,3447,978.7,298.6
D,NBXX,9999,5.796e-5,4.237e-5,2.698e-5,6.569e-6,6.108e-6,4.958e-6
Y,194094,978.7,298.6,294.3,64.3,13.0,5.7,0,0000
T,2014,08,28,01,33,43
B,265193,27309,106,3448,161507,7017,77,3447,978.7,298.6
G,3219965,185172,66,3448,1902501,42048,70,3447,978.7,298.6
R,1284701,79245,3530,3448,761990,30542,3646,3447,978.7,298.6
D,NBXX,9999,5.423e-5,4.041e-5,2.581e-5,6.184e-6,5.676e-6,4.843e-6
Y,194006,978.7,298.6,294.2,64.0,13.0,5.7,0,0000
T,2014,08,28,01,38,43
B,265912,27373,104,3447,161293,6962,74,3447,978.7,298.6
G,3218852,184468,85,3447,1904566,42029,69,3447,978.7,298.6
R,1282992,78372,3521,3447,761505,30270,3706,3447,978.7,298.6
D,NBXX,9999,5.421e-5,4.021e-5,2.530e-5,5.971e-6,5.665e-6,4.652e-6
Y,193995,978.7,298.6,294.2,64.0,13.1,5.7,0,0000
T,2014,08,28,01,43,43
B,264932,27804,98,3447,162069,7011,90,3448,978.7,298.6
G,3219659,185178,73,3447,1903549,42051,68,3448,978.7,298.6
R,1283217,78285,3563,3447,761275,30143,3553,3448,978.7,298.6
D,NBXX,9999,5.581e-5,4.041e-5,2.531e-5,6.156e-6,5.669e-6,4.646e-6
Y,194044,978.7,298.6,294.2,64.2,13.0,5.7,0,0000
T,2014,08,28,01,48,43
B,265880,28029,112,3447,161826,7090,76,3447,978.7,298.5
G,3220955,187781,71,3447,1904615,42760,60,3447,978.7,298.5
R,1283652,79199,3504,3447,759326,30459,3524,3447,978.7,298.5
D,NBXX,9999,5.620e-5,4.119e-5,2.592e-5,6.330e-6,5.889e-6,4.904e-6
Y,194122,978.7,298.5,294.2,64.3,13.0,5.7,0,0000
T,2014,08,28,01,53,43
B,265662,29617,133,3448,161337,7362,73,3447,978.7,298.5
G,3220313,199349,98,3448,1902020,43016,76,3447,978.7,298.5
R,1285866,82923,3471,3448,760802,30641,3549,3447,978.7,298.5
D,NBXX,9999,6.107e-5,4.473e-5,2.815e-5,7.123e-6,5.958e-6,5.003e-6
Y,194027,978.7,298.5,294.2,64.6,13.0,5.7,0,0000
T,2014,08,28,01,58,43
B,265554,28982,74,3447,161280,7161,108,3447,978.7,298.5
G,3218563,193277,86,3447,1902516,42465,87,3447,978.7,298.5
R,1283540,79951,3619,3447,763542,30544,3505,3447,978.7,298.5
D,NBXX,9999,5.924e-5,4.291e-5,2.632e-5,6.595e-6,5.793e-6,4.889e-6
Y,193978,978.7,298.5,294.2,64.2,13.0,5.7,0,0000
T,2014,08,28,02,03,43
B,265501,28645,100,3447,161463,6968,86,3448,978.6,298.5
G,3220710,189346,88,3447,1903638,41688,60,3448,978.6,298.5
R,1284219,79100,3552,3447,761287,29906,3498,3448,978.6,298.5
D,NBXX,9999,5.821e-5,4.170e-5,2.583e-5,5.987e-6,5.565e-6,4.537e-6
Y,194108,978.6,298.5,294.2,63.5,13.0,5.7,0,0000
T,2014,08,28,02,08,43
B,264699,28096,65,3447,161658,7263,78,3447,978.6,298.5
G,3219738,187459,79,3447,1901690,41722,68,3447,978.6,298.5
R,1283356,78270,3404,3447,760721,29979,3528,3447,978.6,298.5
D,NBXX,9999,5.694e-5,4.114e-5,2.543e-5,7.116e-6,5.583e-6,4.680e-6
Y,194049,978.6,298.5,294.1,62.9,13.0,5.7,0,0000
T,2014,08,28,02,13,43
B,265560,28687,90,3448,161157,7102,92,3447,978.6,298.4
G,3220312,187520,109,3448,1901512,41811,76,3447,978.6,298.4
R,1283400,78752,3447,3448,759371,29944,3489,3447,978.6,298.4
D,NBXX,9999,5.834e-5,4.113e-5,2.572e-5,6.420e-6,5.598e-6,4.660e-6
Y,194027,978.6,298.4,294.1,63.0,13.0,5.7,0,0000
T,2014,08,28,02,18,43
B,264592,28334,72,3447,160919,7132,95,3447,978.5,298.4
G,3219609,188222,49,3447,1898439,41667,59,3447,978.5,298.4
R,1283920,78952,3501,3447,759406,29766,3460,3447,978.5,298.4
D,NBXX,9999,5.765e-5,4.139e-5,2.581e-5,6.650e-6,5.581e-6,4.522e-6
Y,194041,978.5,298.4,294.1,62.9,13.0,5.7,0,0000
T,2014,08,28,02,23,43
B,265248,28443,79,3447,161333,7017,100,3448,978.5,298.4
G,3221759,187288,79,3447,1903562,41939,58,3448,978.5,298.4
R,1285135,79236,3419,3447,761158,30184,3476,3448,978.5,298.4
D,NBXX,9999,5.773e-5,4.105e-5,2.599e-5,6.196e-6,5.641e-6,4.809e-6
Y,194171,978.5,298.4,294.1,62.7,13.0,5.7,0,0000
T,2014,08,28,02,28,43
B,265945,28148,82,3447,160819,7049,95,3447,978.4,298.4
G,3218493,186450,64,3447,1902770,41333,66,3447,978.4,298.4
R,1284853,78934,3360,3447,760520,29725,3445,3447,978.4,298.4
D,NBXX,9999,5.661e-5,4.086e-5,2.588e-5,6.252e-6,5.475e-6,4.599e-6
Y,193973,978.4,298.4,294.1,62.2,13.0,5.7,0,0000
T,2014,08,28,02,33,43
B,265757,27958,94,3448,160829,7091,102,3447,978.4,298.4
G,3220898,183964,88,3448,1900768,41072,45,3447,978.4,298.4
R,1283644,76714,3499,3448,759716,29902,3401,3447,978.4,298.4
D,NBXX,9999,5.602e-5,4.005e-5,2.448e-5,6.334e-6,5.388e-6,4.657e-6
Y,194062,978.4,298.4,294.1,61.4,13.0,5.7,0,0000
T,2014,08,28,02,38,43
B,264980,27677,103,3447,161291,6986,99,3447,978.4,298.4
G,3216536,181963,78,3447,1898250,41025,64,3447,978.4,298.4
R,1282890,76821,3412,3447,757829,29679,3438,3447,978.4,298.4
D,NBXX,9999,5.538e-5,3.951e-5,2.461e-5,6.046e-6,5.384e-6,4.559e-6
Y,193855,978.4,298.4,294.1,61.1,13.0,5.7,0,0000
T,2014,08,28,02,43,43
B,265174,27652,78,3447,161482,7014,78,3448,978.4,298.4
G,3216355,183449,80,3447,1905669,41450,75,3448,978.4,298.4
R,1283013,77116,3321,3447,760659,29550,3391,3448,978.4,298.4
D,NBXX,9999,5.541e-5,3.996e-5,2.489e-5,6.274e-6,5.506e-6,4.572e-6
Y,193844,978.4,298.4,294.1,60.6,13.0,5.7,0,0000
T,2014,08,28,02,48,43
B,265657,27680,78,3447,161281,7158,93,3447,978.4,298.4
G,3220522,184853,86,3447,1904527,41828,65,3447,978.4,298.4
R,1281920,77264,3485,3447,762098,29841,3382,3447,978.4,298.4
D,NBXX,9999,5.529e-5,4.032e-5,2.490e-5,6.630e-6,5.611e-6,4.657e-6
Y,194096,978.4,298.4,294.2,61.2,13.0,5.7,0,0000
T,2014,08,28,02,53,43
B,265653,27259,87,3448,161973,6868,60,3447,978.4,298.5
G,3221943,180016,74,3448,1904906,41371,87,3447,978.4,298.5
R,1281483,75674,3465,3448,761181,29266,3468,3447,978.4,298.5
D,NBXX,9999,5.408e-5,3.881e-5,2.389e-5,5.833e-6,5.465e-6,4.263e-6
Y,194126,978.4,298.5,294.2,62.2,13.0,5.7,0,0000
T,2014,08,28,02,58,43
B,263902,26998,99,3423,160728,6968,98,3423,978.5,298.5
G,3197039,176253,84,3423,1892278,40937,68,3423,978.5,298.5
R,1276323,74690,3404,3423,755155,29018,3382,3423,978.5,298.5
D,NBXX,9999,5.365e-5,3.808e-5,2.355e-5,6.093e-6,5.429e-6,4.264e-6
Y,194032,978.5,298.5,294.2,62.4,13.0,5.7,0,0008
T,2014,08,28,03,03,43
B,265605,27359,107,3447,161072,6785,68,3447,978.5,298.5
G,3216559,178684,110,3447,1902271,41201,98,3447,978.5,298.5
R,1280913,75467,3349,3447,757511,29153,3289,3447,978.5,298.5
D,NBXX,9999,5.431e-5,3.848e-5,2.399e-5,5.477e-6,5.414e-6,4.406e-6
Y,193856,978.5,298.5,294.2,62.2,13.0,5.7,0,0000
T,2014,08,28,03,08,43
B,265349,27378,75,3447,161332,7059,127,3448,978.5,298.5
G,3217183,181517,81,3447,1899401,41465,75,3448,978.5,298.5
R,1283668,76348,3441,3447,758749,29429,3375,3448,978.5,298.5
D,NBXX,9999,5.435e-5,3.936e-5,2.432e-5,6.235e-6,5.507e-6,4.416e-6
Y,193894,978.5,298.5,294.2,62.2,13.0,5.7,0,0000
T,2014,08,28,03,13,43
B,265879,28365,94,3447,160620,7219,118,3447,978.5,298.5
G,3218541,186060,70,3447,1898045,41749,57,3447,978.5,298.5
R,1282259,78074,3399,3447,757087,29865,3490,3447,978.5,298.5
D,NBXX,9999,5.717e-5,4.074e-5,2.538e-5,6.654e-6,5.603e-6,4.652e-6
Y,193976,978.5,298.5,294.2,62.0,13.0,5.7,0,0000
T,2014,08,28,03,18,43
B,264845,29320,111,3448,160840,7021,78,3447,978.5,298.5
G,3215934,192064,61,3448,1897138,42685,82,3447,978.5,298.5
R,1282122,79494,3339,3448,757823,30103,3403,3447,978.5,298.5
D,NBXX,9999,6.052e-5,4.262e-5,2.636e-5,6.217e-6,5.899e-6,4.911e-6
Y,193762,978.5,298.5,294.2,61.9,13.0,5.7,0,0000
T,2014,08,28,03,23,43
B,264661,29144,85,3447,160801,7110,112,3447,978.5,298.5
G,3218350,194813,72,3447,1897071,42562,63,3447,978.5,298.5
R,1283242,79620,3381,3447,760251,30253,3296,3447,978.5,298.5
D,NBXX,9999,6.002e-5,4.342e-5,2.645e-5,6.470e-6,5.850e-6,5.033e-6
Y,193965,978.5,298.5,294.2,61.6,13.0,5.7,0,0000
T,2014,08,28,03,28,43
B,266044,29688,93,3447,161513,7248,85,3448,978.5,298.6
G,3223712,195320,73,3447,1901083,42230,53,3448,978.5,298.6
R,1285192,80620,3482,3447,759662,30063,3314,3448,978.5,298.6
D,NBXX,9999,6.128e-5,4.348e-5,2.691e-5,6.843e-6,5.727e-6,4.805e-6
Y,194289,978.5,298.6,294.3,61.7,13.0,5.7,0,0000
T,2014,08,28,03,33,43
B,266125,29940,100,3447,161447,7151,74,3447,978.5,298.6
G,3218864,198586,89,3447,1901376,42950,61,3447,978.5,298.6
R,1285069,81651,3464,3447,758615,30230,3388,3447,978.5,298.6
D,NBXX,9999,6.204e-5,4.456e-5,2.751e-5,6.561e-6,5.962e-6,4.874e-6
Y,193996,978.5,298.6,294.3,61.6,13.0,5.7,0,0000
T,2014,08,28,03,38,43
B,265023,29866,97,3448,160840,7102,91,3447,978.5,298.6
G,3223137,197896,74,3448,1899719,42579,61,3447,978.5,298.6
R,1283576,81575,3454,3448,759604,30368,3457,3447,978.5,298.6
D,NBXX,9999,6.214e-5,4.428e-5,2.748e-5,6.455e-6,5.840e-6,4.938e-6
Y,194198,978.5,298.6,294.3,61.6,13.0,5.7,0,0000
T,2014,08,28,03,43,43
B,266429,29027,65,3447,162375,6979,79,3447,978.5,298.6
G,3218253,193795,77,3447,1904254,42171,75,3447,978.5,298.6
R,1283824,80345,3600,3447,760784,30130,3495,3447,978.5,298.6
D,NBXX,9999,5.925e-5,4.311e-5,2.658e-5,6.117e-6,5.725e-6,4.652e-6
Y,193959,978.5,298.6,294.4,61.6,13.0,5.7,0,0000
T,2014,08,28,03,48,43
B,266017,28720,96,3447,161636,7161,73,3448,978.6,298.7
G,3218957,191046,75,3447,1900738,42009,67,3448,978.6,298.7
R,1283494,79836,3481,3447,760380,30239,3514,3448,978.6,298.7
D,NBXX,9999,5.836e-5,4.225e-5,2.635e-5,6.611e-6,5.672e-6,4.789e-6
Y,194002,978.6,298.7,294.4,61.6,13.0,5.7,0,0000
T,2014,08,28,03,53,43
B,266296,28738,107,3447,161757,6971,79,3447,978.6,298.7
G,3216680,191069,59,3447,1904920,42202,87,3447,978.6,298.7
R,1284984,79240,3504,3447,758912,30052,3341,3447,978.6,298.7
D,NBXX,9999,5.827e-5,4.230e-5,2.603e-5,5.954e-6,5.743e-6,4.770e-6
Y,193864,978.6,298.7,294.4,61.4,13.1,5.7,0,0000
T,2014,08,28,03,58,43
B,266596,28413,90,3448,161561,7248,77,3447,978.6,298.7
G,3221119,188935,53,3448,1906799,42176,62,3447,978.6,298.7
R,1285652,79492,3605,3448,762552,30240,3464,3447,978.6,298.7
D,NBXX,9999,5.724e-5,4.158e-5,2.601e-5,6.850e-6,5.732e-6,4.723e-6
Y,194076,978.6,298.7,294.4,61.4,13.0,5.7,0,0000
T,2014,08,28,04,03,43
B,266388,28409,103,3447,161634,7254,118,3447,978.6,298.7
G,3216984,189640,81,3447,1903723,42092,78,3447,978.6,298.7
R,1284253,79161,3550,3447,759687,30143,3425,3447,978.6,298.7
D,NBXX,9999,5.711e-5,4.185e-5,2.592e-5,6.688e-6,5.703e-6,4.741e-6
Y,193882,978.6,298.7,294.4,61.2,13.0,5.7,0,0000
T,2014,08,28,04,08,43
B,265472,28905,91,3447,161913,7222,97,3448,978.6,298.7
G,3221316,190619,75,3447,1906372,42460,94,3448,978.6,298.7
R,1286327,80396,3457,3447,760260,30229,3531,3448,978.6,298.7
D,NBXX,9999,5.904e-5,4.207e-5,2.660e-5,6.774e-6,5.791e-6,4.758e-6
Y,194144,978.6,298.7,294.4,61.2,13.0,5.7,0,0000
T,2014,08,28,04,13,43
B,266335,28724,95,3447,161341,7097,83,3447,978.6,298.8
G,3229111,192691,66,3447,1904553,42314,74,3447,978.6,298.8
R,1284929,80782,3413,3447,758850,30476,3536,3447,978.6,298.8
D,NBXX,9999,5.824e-5,4.257e-5,2.691e-5,6.365e-6,5.729e-6,4.958e-6
Y,194616,978.6,298.8,294.5,61.1,13.1,5.7,0,0000
T,2014,08,28,04,18,43
B,265479,28664,90,3448,160880,7140,77,3447,978.6,298.8
G,3223766,188154,100,3448,1899341,42106,81,3447,978.6,298.8
R,1286466,79111,3529,3448,758723,30558,3542,3447,978.6,298.8
D,NBXX,9999,5.837e-5,4.127e-5,2.574e-5,6.610e-6,5.676e-6,4.909e-6
Y,194236,978.6,298.8,294.5,61.1,13.0,5.7,0,0000
T,2014,08,28,04,23,43
B,266024,28094,87,3447,161868,7263,97,3447,978.6,298.8
G,3221961,186511,84,3447,1901620,41713,100,3447,978.6,298.8
R,1286050,78789,3662,3447,760784,30240,3527,3447,978.6,298.8
D,NBXX,9999,5.639e-5,4.079e-5,2.548e-5,6.876e-6,5.558e-6,4.629e-6
Y,194183,978.6,298.8,294.5,61.2,13.0,5.7,0,0000
T,2014,08,28,04,28,43
B,266997,27984,101,3447,161369,7135,84,3448,978.6,298.8
G,3219721,186288,65,3447,1901142,42032,65,3448,978.6,298.8
R,1284355,79030,3505,3447,759847,30214,3522,3448,978.6,298.8
D,NBXX,9999,5.574e-5,4.078e-5,2.580e-5,6.397e-6,5.680e-6,4.742e-6
Y,194048,978.6,298.8,294.5,61.2,13.0,5.7,0,0000
T,2014,08,28,04,33,43
B,266665,28330,118,3447,161829,7170,86,3447,978.6,298.8
G,3221217,185652,84,3447,1903611,41913,76,3447,978.6,298.8
R,1287042,77896,3577,3447,761105,30020,3532,3447,978.6,298.8
D,NBXX,9999,5.684e-5,4.055e-5,2.495e-5,6.469e-6,5.631e-6,4.540e-6
Y,194138,978.6,298.8,294.5,61.2,13.0,5.7,0,0000
T,2014,08,28,04,38,43
B,266015,27452,132,3448,162563,6884,85,3447,978.5,298.8
G,3218996,182381,70,3448,1903560,41539,48,3447,978.5,298.8
R,1286974,77315,3667,3448,761447,30320,3606,3447,978.5,298.8
D,NBXX,9999,5.434e-5,3.960e-5,2.448e-5,5.620e-6,5.544e-6,4.613e-6
Y,193947,978.5,298.8,294.5,61.2,13.0,5.7,0,0000
T,2014,08,28,04,43,43
B,266473,27260,126,3447,161390,6839,87,3447,978.5,298.8
G,3219369,179102,63,3447,1903484,41144,64,3447,978.5,298.8
R,1285965,76463,3547,3447,761299,29599,3641,3447,978.5,298.8
D,NBXX,9999,5.363e-5,3.859e-5,2.405e-5,5.456e-6,5.414e-6,4.235e-6
Y,194026,978.5,298.8,294.4,61.4,13.1,5.7,0,0000
T,2014,08,28,04,48,43
B,265789,27242,94,3447,161654,7076,75,3448,978.5,298.7
G,3219787,178324,81,3447,1904257,40674,60,3448,978.5,298.7
R,1286971,75679,3709,3447,761826,29280,3698,3448,978.5,298.7
D,NBXX,9999,5.394e-5,3.834e-5,2.338e-5,6.383e-6,5.260e-6,3.868e-6
Y,194052,978.5,298.7,294.4,61.4,13.1,5.7,0,0000
T,2014,08,28,04,53,43
B,265077,26847,74,3447,161828,6848,116,3447,978.5,298.7
G,3220348,178361,91,3447,1907592,41164,55,3447,978.5,298.7
R,1284054,76604,3724,3447,762451,29928,3664,3447,978.5,298.7
D,NBXX,9999,5.287e-5,3.834e-5,2.405e-5,5.671e-6,5.410e-6,4.315e-6
Y,194086,978.5,298.7,294.4,61.4,13.0,5.7,0,0000
T,2014,08,28,04,58,43
B,266517,27417,99,3448,161492,7129,98,3447,978.5,298.7
G,3214189,178668,68,3448,1906188,41101,76,3447,978.5,298.7
R,1284503,75733,3667,3448,761717,29839,3491,3447,978.5,298.7
D,NBXX,9999,5.415e-5,3.854e-5,2.367e-5,6.401e-6,5.419e-6,4.424e-6
Y,193657,978.5,298.7,294.4,61.4,13.0,5.7,0,0000
T,2014,08,28,05,03,43
B,265947,27028,68,3447,161107,6942,88,3447,978.5,298.7
G,3216288,177264,71,3447,1902996,40956,83,3447,978.5,298.7
R,1286163,75614,3565,3447,760179,29663,3494,3447,978.5,298.7
D,NBXX,9999,5.328e-5,3.807e-5,2.361e-5,6.013e-6,5.359e-6,4.365e-6
Y,193840,978.5,298.7,294.3,61.4,13.0,5.7,0,0000
T,2014,08,28,05,08,43
B,265737,27280,99,3447,160879,6851,116,3448,978.5,298.6
G,3214792,179666,70,3447,1902758,41035,65,3448,978.5,298.6
R,1282729,76141,3561,3447,760907,29768,3596,3448,978.5,298.6
D,NBXX,9999,5.388e-5,3.884e-5,2.398e-5,5.521e-6,5.392e-6,4.391e-6
Y,193750,978.5,298.6,294.3,61.4,13.0,5.7,0,0000
T,2014,08,28,05,13,43
B,266564,27929,92,3447,162175,6990,75,3447,978.5,298.6
G,3215086,184129,94,3447,1903080,41927,83,3447,978.5,298.6
R,1281854,77189,3605,3447,763158,29869,3585,3447,978.5,298.6
D,NBXX,9999,5.577e-5,4.019e-5,2.463e-5,6.059e-6,5.654e-6,4.443e-6
Y,193767,978.5,298.6,294.3,61.6,13.0,5.7,0,0000
T,2014,08,28,05,18,43
B,264979,28531,101,3447,161986,7096,98,3447,978.5,298.6
G,3214403,188986,77,3447,1903650,42282,63,3447,978.5,298.6
R,1284013,78486,3542,3447,761007,30247,3567,3447,978.5,298.6
D,NBXX,9999,5.802e-5,4.170e-5,2.541e-5,6.395e-6,5.779e-6,4.712e-6
Y,193726,978.5,298.6,294.3,61.6,13.0,5.7,0,0000
T,2014,08,28,05,23,43
B,266214,27933,92,3448,161227,7013,91,3447,978.5,298.6
G,3215127,184739,89,3448,1901700,42009,60,3447,978.5,298.6
R,1284750,77179,3500,3448,760892,29961,3448,3447,978.5,298.6
D,NBXX,9999,5.584e-5,4.038e-5,2.470e-5,6.106e-6,5.693e-6,4.647e-6
Y,193713,978.5,298.6,294.2,61.6,13.0,5.7,0,0000
T,2014,08,28,05,28,43
B,266037,28022,123,3447,161969,7153,102,3447,978.5,298.6
G,3216478,183667,71,3447,1903720,41760,45,3447,978.5,298.6
R,1282685,77534,3434,3447,760705,29912,3586,3447,978.5,298.6
D,NBXX,9999,5.603e-5,4.004e-5,2.494e-5,6.393e-6,5.619e-6,4.583e-6
Y,193852,978.5,298.6,294.2,61.7,13.0,5.7,0,0000
T,2014,08,28,05,33,43
B,265147,27569,126,3447,161160,6995,79,3448,978.5,298.5
G,3218288,181255,85,3447,1906563,41622,66,3448,978.5,298.5
R,1284028,77414,3582,3447,763158,29971,3511,3448,978.5,298.5
D,NBXX,9999,5.499e-5,3.926e-5,2.477e-5,6.044e-6,5.553e-6,4.548e-6
Y,193961,978.5,298.5,294.2,61.6,13.1,5.7,0,0000
T,2014,08,28,05,38,43
B,266417,27569,94,3447,161690,7078,90,3447,978.5,298.5
G,3214394,182703,101,3447,1900148,41391,73,3447,978.5,298.5
R,1283705,77065,3528,3447,762547,29997,3501,3447,978.5,298.5
D,NBXX,9999,5.466e-5,3.976e-5,2.461e-5,6.279e-6,5.493e-6,4.618e-6
Y,193725,978.5,298.5,294.2,61.6,13.0,5.7,0,0000
T,2014,08,28,05,43,43
B,266373,27890,62,3448,161821,7065,70,3447,978.5,298.5
G,3220236,183871,56,3448,1896934,41519,83,3447,978.5,298.5
R,1286172,76996,3528,3448,759009,29801,3572,3447,978.5,298.5
D,NBXX,9999,5.584e-5,4.003e-5,2.443e-5,6.433e-6,5.525e-6,4.425e-6
Y,194022,978.5,298.5,294.2,61.9,13.0,5.7,0,0000
T,2014,08,28,05,48,43
B,265575,27700,66,3447,161735,7048,78,3447,978.5,298.5
G,3213297,182713,71,3447,1901709,41062,67,3447,978.5,298.5
R,1282715,76982,3371,3447,760283,30053,3426,3447,978.5,298.5
D,NBXX,9999,5.547e-5,3.980e-5,2.475e-5,6.395e-6,5.409e-6,4.829e-6
Y,193659,978.5,298.5,294.1,61.7,13.0,5.7,0,0000
T,2014,08,28,05,53,43
B,265564,26924,101,3447,160577,7038,100,3448,978.6,298.5
G,3216188,180419,94,3447,1900142,41793,59,3448,978.6,298.5
R,1282431,76787,3453,3447,760367,29713,3439,3448,978.6,298.5
D,NBXX,9999,5.287e-5,3.904e-5,2.457e-5,6.143e-6,5.613e-6,4.550e-6
Y,193834,978.6,298.5,294.1,61.6,13.0,5.7,0,0000
T,2014,08,28,05,58,43
B,266797,26902,81,3447,161332,6931,87,3447,978.6,298.5
G,3217017,179045,69,3447,1905185,41224,72,3447,978.6,298.5
R,1284289,76220,3405,3447,760742,29876,3447,3447,978.6,298.5
D,NBXX,9999,5.254e-5,3.861e-5,2.419e-5,5.843e-6,5.443e-6,4.664e-6
Y,193884,978.6,298.5,294.1,61.6,13.0,5.7,0,0000
T,2014,08,28,06,03,43
B,266304,26751,75,3448,161935,6938,88,3447,978.7,298.5
G,3215001,178086,84,3448,1899803,41358,86,3447,978.7,298.5
R,1281769,76290,3447,3448,759678,29583,3581,3447,978.7,298.5
D,NBXX,9999,5.224e-5,3.831e-5,2.419e-5,5.926e-6,5.472e-6,4.388e-6
Y,193706,978.7,298.5,294.2,61.2,13.0,5.7,0,0000
T,2014,08,28,06,08,43
B,265209,31045,99,3447,162262,8200,53,3447,978.7,298.5
G,3212965,202397,103,3447,1906711,47629,80,3447,978.7,298.5
R,1281104,82567,3573,3447,762636,31199,3483,3447,978.7,298.5
D,NBXX,9999,6.579e-5,4.581e-5,2.807e-5,9.918e-6,7.399e-6,5.369e-6
Y,193639,978.7,298.5,294.2,60.9,13.0,5.7,0,0000
T,2014,08,28,06,13,43
B,264950,26842,103,3447,160856,7077,100,3448,978.7,298.5
G,3212870,178296,71,3447,1902888,41150,48,3448,978.7,298.5
R,1282521,75412,3396,3447,762151,30065,3449,3448,978.7,298.5
D,NBXX,9999,5.280e-5,3.843e-5,2.376e-5,6.304e-6,5.428e-6,4.800e-6
Y,193633,978.7,298.5,294.2,60.7,13.0,5.7,0,0000
T,2014,08,28,06,18,43
B,266374,27284,109,3447,162150,7222,88,3447,978.7,298.5
G,3213594,180700,106,3447,1900678,41646,66,3447,978.7,298.5
R,1282088,76641,3487,3447,759444,29532,3327,3447,978.7,298.5
D,NBXX,9999,5.373e-5,3.913e-5,2.455e-5,6.662e-6,5.562e-6,4.502e-6
Y,193677,978.7,298.5,294.2,60.7,13.0,5.7,0,0000
T,2014,08,28,06,23,43
B,265828,27729,92,3448,162316,7176,82,3447,978.7,298.5
G,3216311,184316,87,3448,1907000,41968,57,3447,978.7,298.5
R,1284008,78416,3444,3448,762630,30243,3362,3447,978.7,298.5
D,NBXX,9999,5.534e-5,4.021e-5,2.559e-5,6.653e-6,5.664e-6,4.931e-6
Y,193785,978.7,298.5,294.2,60.7,13.0,5.7,0,0000
T,2014,08,28,06,28,43
B,265442,27843,98,3447,162068,7083,79,3447,978.7,298.5
G,3210191,188973,98,3447,1903038,42938,75,3447,978.7,298.5
R,1282939,79391,3466,3447,759455,30287,3423,3447,978.7,298.5
D,NBXX,9999,5.581e-5,4.174e-5,2.617e-5,6.382e-6,5.972e-6,4.905e-6
Y,193471,978.7,298.5,294.2,60.9,13.1,5.7,0,0000
T,2014,08,28,06,33,43
B,265872,29417,105,3447,162375,7194,98,3448,978.8,298.5
G,3215925,196427,74,3447,1912052,43168,67,3448,978.8,298.5
R,1283601,81945,3436,3447,762482,30383,3334,3448,978.8,298.5
D,NBXX,9999,6.040e-5,4.393e-5,2.780e-5,6.589e-6,6.027e-6,5.038e-6
Y,193818,978.8,298.5,294.2,60.7,13.0,5.7,0,0000
T,2014,08,28,06,38,43
B,266313,30671,79,3447,161298,7328,85,3447,978.8,298.5
G,3215815,203238,55,3447,1901938,44040,69,3447,978.8,298.5
R,1280141,83767,3544,3447,759633,30570,3499,3447,978.8,298.5
D,NBXX,9999,6.422e-5,4.603e-5,2.886e-5,7.108e-6,6.305e-6,5.000e-6
Y,193811,978.8,298.5,294.2,60.3,13.0,5.7,0,0000
T,2014,08,28,06,43,43
B,265792,30019,92,3448,161832,7449,76,3447,978.8,298.5
G,3215205,201635,89,3448,1906757,43687,77,3447,978.8,298.5
R,1280840,83438,3369,3448,762051,30697,3539,3447,978.8,298.5
D,NBXX,9999,6.239e-5,4.554e-5,2.873e-5,7.514e-6,6.188e-6,5.173e-6
Y,193718,978.8,298.5,294.2,60.3,13.0,5.7,0,0000
T,2014,08,28,06,48,43
B,265340,29817,99,3447,160772,7139,88,3447,978.8,298.6
G,3214861,199341,81,3447,1902623,43264,58,3447,978.8,298.6
R,1282469,82875,3468,3447,761112,30658,3422,3447,978.8,298.6
D,NBXX,9999,6.186e-5,4.485e-5,2.833e-5,6.527e-6,6.065e-6,5.139e-6
Y,193754,978.8,298.6,294.2,60.1,13.1,5.7,0,0000
T,2014,08,28,06,53,43
B,266280,29751,108,3447,161172,7339,71,3448,978.9,298.6
G,3214503,196957,88,3447,1902246,43287,52,3448,978.9,298.6
R,1284150,81360,3366,3447,761328,30711,3390,3448,978.9,298.6
D,NBXX,9999,6.136e-5,4.412e-5,2.743e-5,7.085e-6,6.070e-6,5.244e-6
Y,193732,978.9,298.6,294.2,59.9,13.0,5.7,0,0000
T,2014,08,28,06,58,43
B,265828,29594,93,3447,161310,7319,105,3447,978.9,298.6
G,3211848,197311,87,3447,1896555,42864,84,3447,978.9,298.6
R,1282890,81235,3414,3447,760827,30053,3482,3447,978.9,298.6
D,NBXX,9999,6.097e-5,4.427e-5,2.730e-5,7.000e-6,5.944e-6,4.756e-6
Y,193571,978.9,298.6,294.2,59.8,13.0,5.7,0,0000
T,2014,08,28,07,03,43
B,266370,30357,103,3448,160976,7274,78,3447,979.0,298.6
G,3209244,202580,92,3448,1901395,43308,78,3447,979.0,298.6
R,1281343,83212,3525,3448,759335,30360,3463,3447,979.0,298.6
D,NBXX,9999,6.318e-5,4.594e-5,2.851e-5,6.885e-6,6.095e-6,4.901e-6
Y,193358,979.0,298.6,294.2,59.9,13.0,5.7,0,0000
T,2014,08,28,07,08,43
B,265993,30496,68,3447,162294,7417,90,3447,979.0,298.6
G,3213146,204558,113,3447,1900374,44471,76,3447,979.0,298.6
R,1282897,84488,3504,3447,759536,30880,3427,3447,979.0,298.6
D,NBXX,9999,6.381e-5,4.647e-5,2.928e-5,7.428e-6,6.426e-6,5.242e-6
Y,193650,979.0,298.6,294.2,59.8,13.0,5.7,0,0000
T,2014,08,28,07,13,43
B,266009,31228,102,3447,161254,7454,93,3448,979.0,298.6
G,3214724,207983,66,3447,1901822,44420,67,3448,979.0,298.6
R,1281981,85721,3403,3447,761008,30954,3450,3448,979.0,298.6
D,NBXX,9999,6.592e-5,4.751e-5,3.014e-5,7.402e-6,6.419e-6,5.349e-6
Y,193745,979.0,298.6,294.3,59.4,13.0,5.7,0,0000
T,2014,08,28,07,18,43
B,267175,31124,84,3447,162802,7496,99,3447,979.1,298.6
G,3209768,211853,71,3447,1907174,44846,62,3447,979.1,298.6
R,1280383,86771,3586,3447,762338,31089,3418,3447,979.1,298.6
D,NBXX,9999,6.523e-5,4.880e-5,3.074e-5,7.482e-6,6.575e-6,5.346e-6
Y,193446,979.1,298.6,294.3,59.1,13.0,5.7,0,0000
T,2014,08,28,07,23,43
B,265715,32119,85,3447,163277,7584,76,3447,979.1,298.7
G,3214454,217622,60,3447,1903029,45556,63,3447,979.1,298.7
R,1283294,89738,3453,3447,761054,31410,3483,3447,979.1,298.7
D,NBXX,9999,6.890e-5,5.048e-5,3.251e-5,7.966e-6,6.777e-6,5.561e-6
Y,193729,979.1,298.7,294.3,59.0,13.0,5.7,0,0000
T,2014,08,28,07,28,43
B,266433,34750,94,3448,162262,7999,91,3447,979.2,298.7
G,3213137,244116,77,3448,1896395,48447,59,3447,979.2,298.7
R,1281750,99280,3442,3448,760976,32555,3465,3447,979.2,298.7
D,NBXX,9999,7.659e-5,5.864e-5,3.848e-5,9.095e-6,7.670e-6,6.312e-6
Y,193593,979.2,298.7,294.3,59.0,13.0,5.7,0,0000
T,2014,08,28,07,33,43
B,266869,34419,96,3447,161884,7926,111,3447,979.2,298.7
G,3210681,238665,64,3447,1903925,48334,65,3447,979.2,298.7
R,1281319,98259,3504,3447,762542,32709,3638,3447,979.2,298.7
D,NBXX,9999,7.533e-5,5.702e-5,3.770e-5,8.748e-6,7.645e-6,6.238e-6
Y,193501,979.2,298.7,294.3,59.0,13.0,5.7,0,0000
T,2014,08,28,07,38,43
B,265689,34043,86,3447,162176,7941,111,3448,979.2,298.7
G,3213694,234896,101,3447,1901681,47878,68,3448,979.2,298.7
R,1282319,96230,3496,3447,761552,32845,3416,3448,979.2,298.7
D,NBXX,9999,7.468e-5,5.578e-5,3.657e-5,8.927e-6,7.473e-6,6.470e-6
Y,193683,979.2,298.7,294.3,59.0,13.1,5.7,0,0000
T,2014,08,28,07,43,43
B,266082,33698,93,3447,160563,8070,89,3447,979.2,298.7
G,3214174,232595,65,3447,1903011,47890,64,3447,979.2,298.7
R,1280686,95802,3601,3447,760981,32709,3515,3447,979.2,298.7
D,NBXX,9999,7.352e-5,5.508e-5,3.623e-5,9.347e-6,7.493e-6,6.264e-6
Y,193712,979.2,298.7,294.3,59.0,13.0,5.7,0,0000
T,2014,08,28,07,48,43
B,265879,34420,94,3448,161585,7944,120,3447,979.3,298.7
G,3212652,237976,74,3448,1899742,48492,73,3447,979.3,298.7
R,1283874,97403,3554,3448,762139,33418,3536,3447,979.3,298.7
D,NBXX,9999,7.570e-5,5.676e-5,3.710e-5,8.873e-6,7.682e-6,6.688e-6
Y,193564,979.3,298.7,294.3,59.3,13.0,5.7,0,0000
T,2014,08,28,07,53,43
B,264836,33140,55,3447,161992,7863,84,3447,979.3,298.7
G,3212899,226178,99,3447,1899937,47124,61,3447,979.3,298.7
R,1282034,91779,3540,3447,759758,32099,3584,3447,979.3,298.7
D,NBXX,9999,7.244e-5,5.312e-5,3.368e-5,8.977e-6,7.252e-6,5.866e-6
Y,193635,979.3,298.7,294.3,59.4,13.0,5.7,0,0000
T,2014,08,28,07,58,43
B,265518,34235,111,3447,161163,7739,93,3448,979.3,298.7
G,3212601,233903,75,3447,1896961,47412,58,3448,979.3,298.7
R,1282802,93961,3579,3447,761662,32297,3661,3448,979.3,298.7
D,NBXX,9999,7.531e-5,5.551e-5,3.492e-5,8.298e-6,7.347e-6,5.891e-6
Y,193617,979.3,298.7,294.3,59.8,12.9,5.7,0,0000
T,2014,08,28,08,03,43
B,265376,34017,91,3447,162082,7604,77,3447,979.3,298.7
G,3211852,233887,80,3447,1905677,47751,57,3447,979.3,298.7
R,1284021,94824,3553,3447,761800,32544,3607,3447,979.3,298.7
D,NBXX,9999,7.482e-5,5.552e-5,3.546e-5,8.031e-6,7.458e-6,6.092e-6
Y,193572,979.3,298.7,294.3,59.9,13.0,5.7,0,0000
T,2014,08,28,08,08,43
B,266983,34086,93,3448,161681,7919,76,3447,979.3,298.7
G,3211187,231243,87,3448,1899103,47113,62,3447,979.3,298.7
R,1285259,93298,3591,3448,761858,32534,3612,3447,979.3,298.7
D,NBXX,9999,7.440e-5,5.472e-5,3.443e-5,8.858e-6,7.264e-6,6.046e-6
Y,193475,979.3,298.7,294.2,60.6,13.0,5.7,0,0000
T,2014,08,28,08,13,43
B,266804,32340,81,3447,161980,7779,94,3447,979.3,298.6
G,3210757,220343,108,3447,1902178,46155,73,3447,979.3,298.6
R,1282838,90421,3662,3447,762623,31309,3527,3447,979.3,298.6
D,NBXX,9999,6.910e-5,5.137e-5,3.277e-5,8.405e-6,6.956e-6,5.322e-6
Y,193505,979.3,298.6,294.2,60.1,13.0,5.7,0,0000
T,2014,08,28,08,18,43
B,265727,33867,107,3447,161457,7915,98,3448,979.4,298.6
G,3212453,231500,84,3447,1898605,47002,73,3448,979.4,298.6
R,1285768,94068,3700,3447,760956,32231,3571,3448,979.4,298.6
D,NBXX,9999,7.407e-5,5.477e-5,3.484e-5,8.802e-6,7.213e-6,5.794e-6
Y,193608,979.4,298.6,294.2,60.3,13.0,5.7,0,0000
T,2014,08,28,08,23,43
B,264968,33449,74,3447,161372,7698,92,3447,979.4,298.6
G,3210602,226392,84,3447,1899342,46883,75,3447,979.4,298.6
R,1282671,92111,3699,3447,761237,32586,3520,3447,979.4,298.6
D,NBXX,9999,7.322e-5,5.324e-5,3.380e-5,8.348e-6,7.189e-6,6.091e-6
Y,193496,979.4,298.6,294.2,60.4,13.0,5.7,0,0000
T,2014,08,28,08,28,43
B,266172,33152,115,3448,161523,7608,94,3447,979.4,298.6
G,3213994,222525,69,3448,1900367,46755,59,3447,979.4,298.6
R,1286085,90815,3604,3448,758229,32181,3646,3447,979.4,298.6
D,NBXX,9999,7.170e-5,5.199e-5,3.284e-5,7.823e-6,7.149e-6,5.785e-6
Y,193645,979.4,298.6,294.2,60.6,13.0,5.7,0,0000
T,2014,08,28,08,33,43
B,265640,32517,118,3447,161755,7734,67,3447,979.4,298.5
G,3210058,220963,64,3447,1900204,46667,54,3447,979.4,298.5
R,1284014,90804,3460,3447,760120,31825,3435,3447,979.4,298.5
D,NBXX,9999,7.004e-5,5.160e-5,3.316e-5,8.333e-6,7.139e-6,5.838e-6
Y,193463,979.4,298.5,294.1,60.9,13.0,5.7,0,0000
T,2014,08,28,08,38,43
B,266940,31985,77,3447,162325,7751,89,3448,979.4,298.5
G,3213727,219683,92,3447,1904254,46476,69,3448,979.4,298.5
R,1282889,89734,3448,3447,762342,31926,3428,3448,979.4,298.5
D,NBXX,9999,6.800e-5,5.111e-5,3.256e-5,8.333e-6,7.045e-6,5.922e-6
Y,193685,979.4,298.5,294.1,61.2,13.0,5.7,0,0000
T,2014,08,28,08,43,43
B,265273,32044,103,3447,161270,7568,78,3447,979.4,298.5
G,3208720,218175,89,3447,1897852,45642,61,3447,979.4,298.5
R,1284274,90022,3566,3447,758696,31689,3504,3447,979.4,298.5
D,NBXX,9999,6.874e-5,5.076e-5,3.255e-5,7.870e-6,6.819e-6,5.626e-6
Y,193382,979.4,298.5,294.1,61.6,13.0,5.7,0,0000
T,2014,08,28,08,48,43
B,266350,33537,89,3448,161549,7780,99,3447,979.4,298.5
G,3215597,225189,73,3448,1904242,46335,94,3447,979.4,298.5
R,1284115,91267,3460,3448,763763,31992,3583,3447,979.4,298.5
D,NBXX,9999,7.288e-5,5.276e-5,3.334e-5,8.408e-6,6.999e-6,5.839e-6
Y,193742,979.4,298.5,294.0,61.9,13.0,5.7,0,0000
T,2014,08,28,08,53,43
B,267092,32661,93,3447,161488,7646,105,3447,979.4,298.5
G,3209226,224847,68,3447,1902481,46602,76,3447,979.4,298.5
R,1282003,90343,3509,3447,759915,31922,3397,3447,979.4,298.5
D,NBXX,9999,6.989e-5,5.280e-5,3.295e-5,7.893e-6,7.114e-6,5.913e-6
Y,193413,979.4,298.5,294.0,62.2,13.0,5.7,0,0000
T,2014,08,28,08,58,43
B,265883,33566,119,3447,161875,7751,81,3448,979.4,298.4
G,3212411,225984,86,3447,1899823,46316,68,3448,979.4,298.4
R,1282098,91188,3445,3447,762098,32203,3556,3448,979.4,298.4
D,NBXX,9999,7.311e-5,5.308e-5,3.340e-5,8.304e-6,7.004e-6,6.013e-6
Y,193606,979.4,298.4,294.0,62.5,13.0,5.7,0,0000
T,2014,08,28,09,03,43
B,266404,33892,82,3447,161716,7718,63,3447,979.3,298.4
G,3209169,231605,74,3447,1906874,47034,75,3447,979.3,298.4
R,1280390,92698,3387,3447,760567,31929,3406,3447,979.3,298.4
D,NBXX,9999,7.409e-5,5.488e-5,3.455e-5,8.359e-6,7.245e-6,6.017e-6
Y,193409,979.3,298.4,294.0,62.9,13.0,5.7,0,0000
T,2014,08,28,09,08,43
B,264568,35062,83,3448,163092,7742,76,3447,979.3,298.4
G,3212002,240109,77,3448,1903321,48065,76,3447,979.3,298.4
R,1281942,96026,3500,3448,762667,32818,3481,3447,979.3,298.4
D,NBXX,9999,7.836e-5,5.743e-5,3.641e-5,8.550e-6,7.552e-6,6.419e-6
Y,193524,979.3,298.4,294.0,63.2,13.0,5.7,0,0000
T,2014,08,28,09,13,43
B,266976,34062,113,3447,161494,7679,75,3447,979.3,298.4
G,3212635,232504,75,3447,1903747,47351,84,3447,979.3,298.4
R,1281527,92928,3467,3447,762297,32119,3429,3447,979.3,298.4
D,NBXX,9999,7.424e-5,5.507e-5,3.458e-5,8.039e-6,7.323e-6,6.048e-6
Y,193619,979.3,298.4,294.0,63.3,13.0,5.7,0,0000
T,2014,08,28,09,18,43
B,266374,33225,87,3447,161163,7576,63,3448,979.3,298.4
G,3211328,224283,86,3447,1899598,46440,73,3448,979.3,298.4
R,1280110,90226,3511,3447,760898,31686,3415,3448,979.3,298.4
D,NBXX,9999,7.205e-5,5.258e-5,3.294e-5,7.904e-6,7.045e-6,5.770e-6
Y,193540,979.3,298.4,294.0,63.5,13.0,5.7,0,0000
T,2014,08,28,09,23,43
B,265429,33841,92,3447,162275,7665,70,3447,979.3,298.4
G,3216386,228988,85,3447,1908045,47213,64,3447,979.3,298.4
R,1282896,92056,3457,3447,762754,32291,3373,3447,979.3,298.4
D,NBXX,9999,7.425e-5,5.392e-5,3.403e-5,8.221e-6,7.268e-6,6.185e-6
Y,193846,979.3,298.4,294.0,64.2,13.0,5.7,0,0000
T,2014,08,28,09,28,43
B,266558,33886,87,3448,161973,7695,85,3447,979.3,298.4
G,3215371,232983,46,3448,1904000,47422,75,3447,979.3,298.4
R,1281818,93360,3367,3448,759561,32171,3537,3447,979.3,298.4
D,NBXX,9999,7.392e-5,5.517e-5,3.482e-5,8.187e-6,7.350e-6,6.076e-6
Y,193728,979.3,298.4,294.1,64.0,13.0,5.7,0,0000
T,2014,08,28,09,33,43
B,264714,35204,102,3447,161593,7956,86,3447,979.3,298.4
G,3214303,241490,69,3447,1898571,48998,35,3447,979.3,298.4
R,1281751,96418,3361,3447,761477,32721,3428,3447,979.3,298.4
D,NBXX,9999,7.863e-5,5.782e-5,3.680e-5,9.085e-6,7.841e-6,6.494e-6
Y,193720,979.3,298.4,294.1,65.0,13.0,5.7,0,0000
T,2014,08,28,09,38,43
B,266247,33905,94,3447,162113,7839,97,3447,979.3,298.4
G,3211256,228889,89,3447,1899113,47533,46,3447,979.3,298.4
R,1282805,92596,3436,3447,762282,31893,3324,3447,979.3,298.4
D,NBXX,9999,7.403e-5,5.400e-5,3.441e-5,8.580e-6,7.394e-6,5.991e-6
Y,193536,979.3,298.4,294.1,64.0,13.0,5.7,0,0000
T,2014,08,28,09,43,43
B,265739,33640,99,3447,162150,7858,110,3448,979.2,298.4
G,3214989,227997,84,3447,1902949,47253,72,3448,979.2,298.4
R,1283048,92486,3418,3447,761755,31736,3425,3448,979.2,298.4
D,NBXX,9999,7.336e-5,5.364e-5,3.428e-5,8.612e-6,7.279e-6,5.827e-6
Y,193761,979.2,298.4,294.1,64.5,13.0,5.7,0,0000
T,2014,08,28,09,48,43
B,264875,33840,92,3447,162172,7848,88,3447,979.2,298.4
G,3214204,229707,74,3447,1900816,47832,36,3447,979.2,298.4
R,1282031,92856,3459,3447,761469,32147,3329,3447,979.2,298.4
D,NBXX,9999,7.441e-5,5.420e-5,3.459e-5,8.767e-6,7.481e-6,6.137e-6
Y,193714,979.2,298.4,294.2,64.2,13.0,5.7,0,0000
T,2014,08,28,09,53,43
B,266310,32895,86,3448,161632,7679,92,3447,979.2,298.4
G,3216990,225367,70,3448,1906041,46738,56,3447,979.2,298.4
R,1283884,91457,3409,3448,759819,31777,3346,3447,979.2,298.4
D,NBXX,9999,7.097e-5,5.280e-5,3.367e-5,8.138e-6,7.131e-6,5.915e-6
Y,193826,979.2,298.4,294.2,64.5,13.0,5.7,0,0000
T,2014,08,28,09,58,43
B,265701,33047,97,3447,162229,7795,101,3447,979.3,298.5
G,3216114,225916,62,3447,1900611,46838,88,3447,979.3,298.5
R,1282094,92142,3340,3447,761333,31969,3410,3447,979.3,298.5
D,NBXX,9999,7.159e-5,5.298e-5,3.417e-5,8.468e-6,7.153e-6,6.053e-6
Y,193830,979.3,298.5,294.2,63.8,13.0,5.7,0,0000
T,2014,08,28,10,03,43
B,265421,29823,73,3447,163212,7324,75,3448,979.2,298.5
G,3218905,200830,51,3447,1905105,44054,73,3448,979.2,298.5
R,1283268,83482,3424,3447,764028,30814,3419,3448,979.2,298.5
D,NBXX,9999,6.199e-5,4.523e-5,2.871e-5,7.219e-6,6.292e-6,5.255e-6
Y,193998,979.2,298.5,294.3,61.4,13.0,5.7,0,0000
T,2014,08,28,10,08,43
B,266339,29502,99,3447,161652,7301,103,3447,979.2,298.5
G,3218900,197637,56,3447,1903887,43556,67,3447,979.2,298.5
R,1284183,81667,3376,3447,759817,30198,3511,3447,979.2,298.5
D,NBXX,9999,6.050e-5,4.425e-5,2.753e-5,6.889e-6,6.144e-6,4.839e-6
Y,193998,979.2,298.5,294.3,61.1,13.0,5.7,0,0000
T,2014,08,28,10,13,43
B,266800,28136,79,3448,161361,7203,69,3447,979.2,298.5
G,3220615,188030,74,3448,1901507,42706,54,3447,979.2,298.5
R,1282347,78325,3481,3448,761510,29540,3500,3447,979.2,298.5
D,NBXX,9999,5.637e-5,4.128e-5,2.546e-5,6.750e-6,5.878e-6,4.389e-6
Y,194045,979.2,298.5,294.3,60.3,13.1,5.7,0,0000
T,2014,08,28,10,18,43
B,265869,27720,88,3447,160740,7238,72,3447,979.2,298.5
G,3212144,186819,102,3447,1902761,42324,53,3447,979.2,298.5
R,1282861,78358,3445,3447,757878,29666,3402,3447,979.2,298.5
D,NBXX,9999,5.535e-5,4.105e-5,2.556e-5,6.883e-6,5.782e-6,4.553e-6
Y,193589,979.2,298.5,294.3,60.1,13.0,5.7,0,0000
T,2014,08,28,10,23,43
B,266521,27042,111,3447,161890,7009,84,3448,979.2,298.5
G,3215725,180005,86,3447,1904435,41343,76,3448,979.2,298.5
R,1283745,75927,3337,3447,761026,29564,3358,3448,979.2,298.5
D,NBXX,9999,5.295e-5,3.889e-5,2.414e-5,6.001e-6,5.460e-6,4.585e-6
Y,193806,979.2,298.5,294.4,58.3,13.0,5.7,0,0000
T,2014,08,28,10,28,43
B,265387,29639,128,3447,162606,7481,66,3447,979.2,298.5
G,3212048,203079,61,3447,1909166,43741,77,3447,979.2,298.5
R,1282292,84179,3512,3447,763891,30580,3352,3447,979.2,298.5
D,NBXX,9999,6.127e-5,4.605e-5,2.916e-5,7.547e-6,6.224e-6,5.111e-6
Y,193584,979.2,298.5,294.4,58.3,13.0,5.7,0,0000
T,2014,08,28,10,33,43
B,265329,26104,92,3448,161252,6813,60,3447,979.2,298.5
G,3214731,174586,58,3448,1899377,40403,62,3447,979.2,298.5
R,1282624,75241,3570,3448,760935,29265,3339,3447,979.2,298.5
D,NBXX,9999,5.059e-5,3.726e-5,2.360e-5,5.658e-6,5.198e-6,4.268e-6
Y,193689,979.2,298.5,294.4,57.0,13.0,5.7,0,0000
T,2014,08,28,10,38,43
B,265953,25585,97,3447,161332,7024,56,3447,979.3,298.5
G,3212984,169925,81,3447,1899989,40106,44,3447,979.3,298.5
R,1282638,74153,3401,3447,760329,28834,3390,3447,979.3,298.5
D,NBXX,9999,4.882e-5,3.585e-5,2.301e-5,6.246e-6,5.108e-6,4.082e-6
Y,193640,979.3,298.5,294.4,55.7,13.1,5.7,0,0000
T,2014,08,28,10,43,43
B,264528,25439,94,3447,161355,6689,75,3448,979.3,298.6
G,3214940,166763,84,3447,1905877,39352,96,3448,979.3,298.6
R,1282869,72479,3501,3447,762195,28812,3451,3448,979.3,298.6
D,NBXX,9999,4.873e-5,3.483e-5,2.186e-5,5.265e-6,4.846e-6,3.946e-6
Y,193759,979.3,298.6,294.4,55.4,13.0,5.7,0,0000
T,2014,08,28,10,48,43
B,266342,26269,103,3447,161927,7060,97,3447,979.3,298.5
G,3212138,172847,58,3447,1902834,40755,65,3447,979.3,298.5
R,1280843,73664,3398,3447,761745,29082,3306,3447,979.3,298.5
D,NBXX,9999,5.063e-5,3.676e-5,2.283e-5,6.159e-6,5.311e-6,4.316e-6
Y,193589,979.3,298.5,294.4,55.6,13.0,5.7,0,0000
T,2014,08,28,10,53,43
B,266759,26101,105,3448,161512,6987,79,3447,979.3,298.5
G,3210754,171777,73,3448,1896732,40156,85,3447,979.3,298.5
R,1279375,72796,3347,3448,758817,29253,3458,3447,979.3,298.5
D,NBXX,9999,5.005e-5,3.645e-5,2.227e-5,5.967e-6,5.124e-6,4.369e-6
Y,193449,979.3,298.5,294.4,56.7,13.0,5.7,0,0000
T,2014,08,28,10,58,43
B,265599,26617,85,3447,161866,6979,75,3447,979.3,298.5
G,3212671,175792,89,3447,1902356,41239,60,3447,979.3,298.5
R,1283777,75090,3342,3447,761483,29258,3344,3447,979.3,298.5
D,NBXX,9999,5.206e-5,3.765e-5,2.363e-5,6.111e-6,5.449e-6,4.407e-6
Y,193621,979.3,298.5,294.4,56.7,13.0,5.7,0,0000
T,2014,08,28,11,03,43
B,266301,26963,97,3447,162143,6939,80,3448,979.4,298.5
G,3213612,177582,80,3447,1902507,41496,50,3448,979.4,298.5
R,1279569,75278,3552,3447,760455,29677,3502,3448,979.4,298.5
D,NBXX,9999,5.284e-5,3.819e-5,2.362e-5,5.868e-6,5.527e-6,4.441e-6
Y,193678,979.4,298.5,294.3,57.3,13.0,5.7,0,0000
T,2014,08,28,11,08,43
B,265700,27103,85,3447,161268,7003,66,3447,979.3,298.5
G,3213157,177432,77,3447,1904839,41212,74,3447,979.3,298.5
R,1279981,74660,3462,3447,763073,29435,3392,3447,979.3,298.5
D,NBXX,9999,5.355e-5,3.815e-5,2.337e-5,6.209e-6,5.438e-6,4.435e-6
Y,193651,979.3,298.5,294.3,57.7,13.0,5.7,0,0000
T,2014,08,28,11,13,43
B,266049,28397,92,3448,162091,7028,104,3447,979.3,298.5
G,3212588,185174,65,3448,1906253,41918,65,3447,979.3,298.5
R,1281414,76910,3352,3448,762252,29868,3378,3447,979.3,298.5
D,NBXX,9999,5.724e-5,4.054e-5,2.480e-5,6.105e-6,5.668e-6,4.782e-6
Y,193560,979.3,298.5,294.3,59.1,13.0,5.7,0,0000
T,2014,08,28,11,18,43
B,265590,32141,86,3447,162379,8177,89,3447,979.3,298.5
G,3214152,213219,88,3447,1906394,48754,70,3447,979.3,298.5
R,1281002,84982,3431,3447,763586,31824,3425,3447,979.3,298.5
D,NBXX,9999,6.894e-5,4.912e-5,2.971e-5,9.730e-6,7.748e-6,5.900e-6
Y,193711,979.3,298.5,294.3,58.5,13.0,5.7,0,0000
T,2014,08,28,11,23,43
B,265128,29159,101,3447,161666,7373,89,3448,979.3,298.5
G,3210030,192674,103,3447,1902219,43747,82,3448,979.3,298.5
R,1281119,79359,3350,3447,761651,30235,3384,3448,979.3,298.5
D,NBXX,9999,5.990e-5,4.287e-5,2.632e-5,7.245e-6,6.214e-6,4.999e-6
Y,193461,979.3,298.5,294.3,57.7,13.1,5.7,0,0000
T,2014,08,28,11,28,43
B,265784,27930,88,3447,161500,6871,81,3447,979.2,298.5
G,3210972,183086,73,3447,1899669,41645,68,3447,979.2,298.5
R,1282199,76676,3328,3447,761743,29791,3391,3447,979.2,298.5
D,NBXX,9999,5.599e-5,3.992e-5,2.463e-5,5.734e-6,5.583e-6,4.729e-6
Y,193518,979.2,298.5,294.3,59.3,13.0,5.7,0,0000
T,2014,08,28,11,33,43
B,265968,28817,98,3448,161709,7157,84,3447,979.2,298.5
G,3214744,191007,60,3448,1900094,42916,43,3447,979.2,298.5
R,1282646,79084,3453,3448,760572,30250,3407,3447,979.2,298.5
D,NBXX,9999,5.860e-5,4.230e-5,2.601e-5,6.556e-6,5.976e-6,4.911e-6
Y,193690,979.2,298.5,294.4,61.2,13.0,5.7,0,0000
T,2014,08,28,11,38,43
B,265308,27935,81,3447,160765,7150,63,3447,979.2,298.5
G,3212694,183601,76,3447,1899800,41871,67,3447,979.2,298.5
R,1280977,76609,3430,3447,759465,29661,3379,3447,979.2,298.5
D,NBXX,9999,5.625e-5,4.005e-5,2.457e-5,6.716e-6,5.645e-6,4.597e-6
Y,193623,979.2,298.5,294.4,60.6,13.0,5.7,0,0000
T,2014,08,28,11,43,43
B,265470,27824,99,3447,162160,7065,94,3448,979.2,298.5
G,3211995,181838,58,3447,1906162,41889,54,3448,979.2,298.5
R,1281412,75876,3259,3447,761804,29688,3377,3448,979.2,298.5
D,NBXX,9999,5.568e-5,3.953e-5,2.423e-5,6.262e-6,5.661e-6,4.729e-6
Y,193580,979.2,298.5,294.4,59.4,13.0,5.7,0,0000
T,2014,08,28,11,48,43
B,264477,28135,102,3447,161682,7033,97,3447,979.2,298.5
G,3212283,184976,67,3447,1904604,41224,70,3447,979.2,298.5
R,1283423,76982,3377,3447,760422,29901,3476,3447,979.2,298.5
D,NBXX,9999,5.694e-5,4.048e-5,2.469e-5,6.227e-6,5.450e-6,4.688e-6
Y,193598,979.2,298.5,294.4,61.1,13.0,5.7,0,0000
T,2014,08,28,11,53,43
B,265147,28343,64,3447,162254,6965,98,3447,979.2,298.5
G,3213495,184980,74,3447,1906655,41792,65,3447,979.2,298.5
R,1281454,76407,3360,3447,761142,29572,3417,3447,979.2,298.5
D,NBXX,9999,5.749e-5,4.046e-5,2.445e-5,6.097e-6,5.619e-6,4.560e-6
Y,193671,979.2,298.5,294.4,61.7,13.0,5.7,0,0000
T,2014,08,28,11,58,43
B,265211,28859,80,3448,161814,7216,111,3447,979.1,298.5
G,3217417,187529,73,3448,1905304,42533,70,3447,979.1,298.5
R,1282233,77576,3520,3448,761286,29958,3460,3447,979.1,298.5
D,NBXX,9999,5.895e-5,4.117e-5,2.500e-5,6.765e-6,5.833e-6,4.649e-6
Y,193852,979.1,298.5,294.4,61.1,13.1,5.7,0,0000
T,2014,08,28,12,03,43
B,266579,28158,100,3447,162089,6926,106,3447,979.1,298.6
G,3212790,185142,86,3447,1901266,41519,75,3447,979.1,298.6
R,1281960,77271,3355,3447,759053,29449,3259,3447,979.1,298.6
D,NBXX,9999,5.631e-5,4.052e-5,2.508e-5,5.710e-6,5.530e-6,4.595e-6
Y,193628,979.1,298.6,294.5,62.7,13.0,5.7,0,0000
T,2014,08,28,12,08,43
B,264379,27931,77,3447,160955,6868,74,3448,979.1,298.6
G,3213009,182476,61,3447,1902387,41585,77,3448,979.1,298.6
R,1284385,75708,3461,3447,760337,29508,3506,3448,979.1,298.6
D,NBXX,9999,5.651e-5,3.970e-5,2.379e-5,5.892e-6,5.554e-6,4.349e-6
Y,193642,979.1,298.6,294.5,61.1,13.0,5.7,0,0000
T,2014,08,28,12,13,43
B,266836,27662,84,3447,160859,6889,78,3447,979.0,298.6
G,3217399,180335,101,3447,1904876,40947,47,3447,979.0,298.6
R,1280589,75547,3450,3447,759740,29422,3500,3447,979.0,298.6
D,NBXX,9999,5.486e-5,3.897e-5,2.383e-5,5.733e-6,5.341e-6,4.352e-6
Y,193907,979.0,298.6,294.5,60.7,13.0,5.7,0,0000
T,2014,08,28,12,18,43
B,265049,28041,93,3448,161436,6940,112,3447,979.0,298.6
G,3218226,184121,100,3448,1899736,40732,69,3447,979.0,298.6
R,1281900,76256,3309,3448,759373,29676,3403,3447,979.0,298.6
D,NBXX,9999,5.644e-5,4.010e-5,2.439e-5,5.881e-6,5.268e-6,4.671e-6
Y,193901,979.0,298.6,294.5,61.9,13.0,5.7,0,0000
T,2014,08,28,12,23,43
B,265373,27936,84,3447,161308,7015,102,3447,979.0,298.6
G,3215463,181795,62,3447,1899616,40796,71,3447,979.0,298.6
R,1281931,75282,3408,3447,760111,29241,3542,3447,979.0,298.6
D,NBXX,9999,5.608e-5,3.945e-5,2.362e-5,6.147e-6,5.308e-6,4.226e-6
Y,193790,979.0,298.6,294.5,61.9,13.0,5.7,0,0000
T,2014,08,28,12,28,43
B,265766,28293,73,3447,161799,7072,89,3448,979.0,298.6
G,3215387,187127,63,3447,1905940,41514,59,3448,979.0,298.6
R,1281398,76912,3325,3447,759863,29728,3349,3448,979.0,298.6
D,NBXX,9999,5.713e-5,4.109e-5,2.484e-5,6.370e-6,5.528e-6,4.726e-6
Y,193786,979.0,298.6,294.6,62.2,13.0,5.7,0,0000
T,2014,08,28,12,33,43
B,264720,29259,98,3447,161721,7003,80,3447,979.0,298.6
G,3211697,192846,83,3447,1901684,42276,68,3447,979.0,298.6
R,1282041,78896,3510,3447,757317,30165,3419,3447,979.0,298.6
D,NBXX,9999,6.039e-5,4.291e-5,2.586e-5,6.190e-6,5.771e-6,4.811e-6
Y,193562,979.0,298.6,294.6,63.0,13.0,5.7,0,0000
T,2014,08,28,12,38,43
B,265967,30344,67,3448,162089,7166,84,3447,978.9,298.6
G,3216157,197338,102,3448,1907503,44099,76,3447,978.9,298.6
R,1278281,80184,3504,3448,764217,30664,3425,3447,978.9,298.6
D,NBXX,9999,6.338e-5,4.420e-5,2.679e-5,6.693e-6,6.306e-6,5.165e-6
Y,193776,978.9,298.6,294.6,62.2,13.0,5.7,0,0000
T,2014,08,28,12,43,43
B,265949,28506,82,3447,161019,7118,79,3447,978.9,298.6
G,3216031,186563,91,3447,1903171,42205,55,3447,978.9,298.6
R,1282280,77281,3325,3447,762653,29735,3376,3447,978.9,298.6
D,NBXX,9999,5.773e-5,4.090e-5,2.502e-5,6.506e-6,5.733e-6,4.706e-6
Y,193825,978.9,298.6,294.6,60.4,13.0,5.7,0,0000
T,2014,08,28,12,48,43
B,266134,27462,87,3447,161950,7038,94,3448,978.9,298.6
G,3212473,178761,79,3447,1908735,40916,57,3448,978.9,298.6
R,1283377,73824,3462,3447,763686,29376,3525,3448,978.9,298.6
D,NBXX,9999,5.441e-5,3.857e-5,2.265e-5,6.169e-6,5.351e-6,4.264e-6
Y,193609,978.9,298.6,294.6,59.9,13.0,5.7,0,0000
T,2014,08,28,12,53,43
B,265810,28211,66,3447,160042,7037,97,3447,978.8,298.6
G,3212982,183392,77,3447,1902538,41230,66,3447,978.8,298.6
R,1282795,75733,3473,3447,762323,29485,3325,3447,978.8,298.6
D,NBXX,9999,5.686e-5,3.998e-5,2.398e-5,6.262e-6,5.447e-6,4.477e-6
Y,193640,978.8,298.6,294.6,61.7,13.1,5.7,0,0000
T,2014,08,28,12,58,43
B,266090,27160,80,3448,162840,6983,72,3447,978.8,298.6
G,3214924,177672,83,3448,1908854,40701,71,3447,978.8,298.6
R,1282465,73305,3429,3448,763662,29472,3370,3447,978.8,298.6
D,NBXX,9999,5.360e-5,3.819e-5,2.249e-5,6.120e-6,5.277e-6,4.476e-6
Y,193701,978.8,298.6,294.6,59.9,13.0,5.7,0,0000
T,2014,08,28,13,03,43
B,264956,28089,103,3447,161899,7046,90,3447,978.8,298.7
G,3215822,182515,69,3447,1906888,41548,70,3447,978.8,298.7
R,1281213,76308,3477,3447,760362,29509,3488,3447,978.8,298.7
D,NBXX,9999,5.669e-5,3.966e-5,2.427e-5,6.264e-6,5.535e-6,4.389e-6
Y,193812,978.8,298.7,294.7,61.1,13.0,5.7,0,0000
T,2014,08,28,13,08,43
B,265065,27086,85,3447,161488,6867,95,3448,978.8,298.7
G,3214449,175791,74,3447,1902753,40712,62,3448,978.8,298.7
R,1284407,73116,3355,3447,758833,29197,3453,3448,978.8,298.7
D,NBXX,9999,5.362e-5,3.762e-5,2.230e-5,5.746e-6,5.281e-6,4.271e-6
Y,193729,978.8,298.7,294.7,60.3,13.0,5.7,0,0000
T,2014,08,28,13,13,43
B,265262,26951,68,3447,162953,6862,82,3447,978.8,298.7
G,3208831,174906,65,3447,1906739,39891,74,3447,978.8,298.7
R,1281335,72834,3489,3447,761607,29223,3470,3447,978.8,298.7
D,NBXX,9999,5.325e-5,3.745e-5,2.212e-5,5.828e-6,5.053e-6,4.215e-6
Y,193389,978.8,298.7,294.7,58.8,13.0,5.7,0,0000
T,2014,08,28,13,18,43
B,265510,26903,105,3448,161139,6962,78,3447,978.7,298.7
G,3216683,174208,86,3448,1907538,39867,70,3447,978.7,298.7
R,1283872,73070,3319,3448,764232,29344,3367,3447,978.7,298.7
D,NBXX,9999,5.291e-5,3.709e-5,2.238e-5,6.005e-6,5.013e-6,4.464e-6
Y,193808,978.7,298.7,294.7,58.8,13.0,5.7,0,0000
T,2014,08,28,13,23,43
B,265109,27131,104,3447,161647,6973,91,3447,978.6,298.7
G,3214256,176107,64,3447,1900442,40749,66,3447,978.6,298.7
R,1281485,73155,3471,3447,760894,29158,3411,3447,978.6,298.7
D,NBXX,9999,5.369e-5,3.775e-5,2.237e-5,6.021e-6,5.312e-6,4.228e-6
Y,193717,978.6,298.7,294.7,59.1,13.0,5.7,0,0000
T,2014,08,28,13,28,43
B,265603,28748,105,3447,161363,7141,87,3448,978.6,298.7
G,3211541,187685,57,3447,1906198,42880,66,3448,978.6,298.7
R,1282786,77281,3463,3447,761104,30126,3456,3448,978.6,298.7
D,NBXX,9999,5.850e-5,4.136e-5,2.485e-5,6.502e-6,5.976e-6,4.781e-6
Y,193553,978.6,298.7,294.7,59.4,13.0,5.7,0,0000
T,2014,08,28,13,33,43
B,266282,27950,110,3447,161653,6948,77,3447,978.5,298.7
G,3210140,183281,90,3447,1907505,41620,79,3447,978.5,298.7
R,1281369,75287,3484,3447,763149,29785,3577,3447,978.5,298.7
D,NBXX,9999,5.589e-5,4.002e-5,2.356e-5,5.895e-6,5.582e-6,4.489e-6
Y,193468,978.5,298.7,294.8,58.5,13.0,5.7,0,0000
T,2014,08,28,13,38,43
B,266215,30531,69,3448,161991,7602,97,3447,978.5,298.7
G,3215624,202669,71,3448,1901867,46753,86,3447,978.5,298.7
R,1284553,82356,3445,3448,762792,31367,3461,3447,978.5,298.7
D,NBXX,9999,6.387e-5,4.588e-5,2.793e-5,7.981e-6,7.144e-6,5.547e-6
Y,193743,978.5,298.7,294.8,58.3,13.1,5.7,0,0000
T,2014,08,28,13,43,43
B,265489,28063,100,3447,161427,7084,73,3447,978.4,298.7
G,3210131,181190,88,3447,1903521,41624,46,3447,978.4,298.7
R,1280862,75004,3443,3447,761029,29388,3541,3447,978.4,298.7
D,NBXX,9999,5.653e-5,3.939e-5,2.346e-5,6.423e-6,5.596e-6,4.304e-6
Y,193468,978.4,298.7,294.8,60.3,13.0,5.7,0,0000
T,2014,08,28,13,48,43
B,265140,35467,69,3447,161764,8885,76,3448,978.4,298.8
G,3209002,236581,81,3447,1902712,53817,62,3448,978.4,298.8
R,1280783,93134,3691,3447,762086,33461,3532,3448,978.4,298.8
D,NBXX,9999,7.947e-5,5.644e-5,3.450e-5,1.207e-5,9.343e-6,6.646e-6
Y,193399,978.4,298.8,294.8,58.0,13.1,5.7,0,0000
T,2014,08,28,13,53,43
B,264806,27205,118,3447,162700,6870,95,3447,978.3,298.8
G,3211233,178683,75,3447,1902910,41588,56,3447,978.3,298.8
R,1280624,74766,3512,3447,760410,29257,3518,3447,978.3,298.8
D,NBXX,9999,5.398e-5,3.860e-5,2.329e-5,5.678e-6,5.581e-6,4.192e-6
Y,193534,978.3,298.8,294.8,58.5,13.0,5.7,0,0000
T,2014,08,28,13,58,43
B,265591,26503,83,3448,160955,6880,101,3447,978.3,298.8
G,3215183,171341,89,3448,1903148,40092,44,3447,978.3,298.8
R,1281551,72110,3518,3448,762731,29374,3449,3447,978.3,298.8
D,NBXX,9999,5.168e-5,3.627e-5,2.166e-5,5.757e-6,5.109e-6,4.305e-6
Y,193717,978.3,298.8,294.9,57.5,13.0,5.7,0,0000
T,2014,08,28,14,03,43
B,265824,26101,70,3447,161651,6822,86,3447,978.2,298.8
G,3213598,171179,88,3447,1901259,40014,66,3447,978.2,298.8
R,1282231,72024,3527,3447,761438,29689,3442,3447,978.2,298.8
D,NBXX,9999,5.048e-5,3.624e-5,2.158e-5,5.655e-6,5.080e-6,4.486e-6
Y,193677,978.2,298.8,294.9,57.5,13.1,5.7,0,0000
T,2014,08,28,14,08,43
B,266202,28779,116,3447,160322,7534,103,3447,978.2,298.8
G,3211798,187729,79,3447,1900796,43852,87,3447,978.2,298.8
R,1282285,77816,3469,3447,760085,30441,3557,3447,978.2,298.8
D,NBXX,9999,5.834e-5,4.136e-5,2.512e-5,7.580e-6,6.262e-6,4.909e-6
Y,193568,978.2,298.8,294.9,56.4,13.0,5.7,0,0000
T,2014,08,28,14,13,43
B,265208,30541,109,3447,161550,7722,77,3448,978.1,298.9
G,3213421,200245,95,3447,1904267,45784,69,3448,978.1,298.9
R,1281741,81718,3516,3447,762827,31359,3597,3448,978.1,298.9
D,NBXX,9999,6.418e-5,4.517e-5,2.749e-5,8.351e-6,6.846e-6,5.415e-6
Y,193667,978.1,298.9,294.9,56.9,13.0,5.7,0,0000
T,2014,08,28,14,18,43
B,266734,26836,105,3447,161748,7111,111,3447,978.1,298.9
G,3212400,175649,89,3447,1903137,41400,58,3447,978.1,298.9
R,1283313,74242,3537,3447,762773,29665,3572,3447,978.1,298.9
D,NBXX,9999,5.224e-5,3.764e-5,2.282e-5,6.255e-6,5.513e-6,4.360e-6
Y,193605,978.1,298.9,295.0,57.7,13.0,5.7,0,0000
T,2014,08,28,14,23,43
B,266078,28831,114,3448,161986,7485,80,3447,978.0,298.9
G,3212216,189801,73,3448,1905423,44747,66,3447,978.0,298.9
R,1284658,78325,3526,3448,764619,31088,3542,3447,978.0,298.9
D,NBXX,9999,5.862e-5,4.199e-5,2.532e-5,7.536e-6,6.549e-6,5.257e-6
Y,193537,978.0,298.9,295.0,54.4,13.1,5.7,0,0000
T,2014,08,28,14,28,43
B,265136,26300,71,3447,161519,6773,89,3447,978.0,299.0
G,3210881,170124,67,3447,1901253,40121,78,3447,978.0,299.0
R,1283966,72504,3576,3447,760785,29311,3562,3447,978.0,299.0
D,NBXX,9999,5.131e-5,3.597e-5,2.171e-5,5.557e-6,5.127e-6,4.114e-6
Y,193513,978.0,299.0,295.0,56.9,13.0,5.7,0,0000
T,2014,08,28,14,33,43
B,265475,26518,90,3447,162088,6989,90,3448,978.0,299.0
G,3212333,174274,87,3447,1900861,40749,70,3448,978.0,299.0
R,1281545,73959,3669,3447,763246,29643,3610,3448,978.0,299.0
D,NBXX,9999,5.180e-5,3.721e-5,2.258e-5,6.116e-6,5.306e-6,4.238e-6
Y,193601,978.0,299.0,295.0,55.4,13.0,5.7,0,0000
T,2014,08,28,14,38,43
B,265454,26977,97,3447,160509,6856,114,3447,977.9,299.0
G,3209852,178710,96,3447,1904558,41928,56,3447,977.9,299.0
R,1284193,76209,3645,3447,761974,29837,3715,3447,977.9,299.0
D,NBXX,9999,5.311e-5,3.862e-5,2.383e-5,5.606e-6,5.684e-6,4.277e-6
Y,193451,977.9,299.0,295.1,56.0,13.0,5.7,0,0000
T,2014,08,28,14,43,43
B,265578,29156,85,3448,161827,7483,99,3447,977.9,299.1
G,3214383,190760,92,3448,1902670,44827,60,3447,977.9,299.1
R,1282523,79754,3767,3448,761665,31302,3597,3447,977.9,299.1
D,NBXX,9999,5.984e-5,4.227e-5,2.609e-5,7.621e-6,6.573e-6,5.214e-6
Y,193668,977.9,299.1,295.2,53.6,13.1,5.7,0,0000
T,2014,08,28,14,48,43
B,265982,26581,94,3447,162307,7113,102,3447,977.9,299.2
G,3209016,175105,44,3447,1901649,41534,62,3447,977.9,299.2
R,1285240,74162,3708,3447,763803,29930,3665,3447,977.9,299.2
D,NBXX,9999,5.179e-5,3.757e-5,2.255e-5,6.405e-6,5.596e-6,4.328e-6
Y,193400,977.9,299.2,295.2,53.6,13.0,5.7,0,0000
T,2014,08,28,14,53,43
B,266020,29183,87,3447,161496,7466,104,3448,977.8,299.2
G,3212242,192002,83,3447,1908782,44957,77,3448,977.8,299.2
R,1282204,79789,3641,3447,765497,31405,3778,3448,977.8,299.2
D,NBXX,9999,5.976e-5,4.269e-5,2.609e-5,7.494e-6,6.612e-6,5.232e-6
Y,193595,977.8,299.2,295.3,54.7,13.0,5.7,0,0000
T,2014,08,28,14,58,43
B,265147,29242,100,3447,161674,7569,59,3447,977.8,299.3
G,3215935,190676,85,3447,1906219,44431,65,3447,977.8,299.3
R,1286846,78817,3735,3447,765102,30897,3718,3447,977.8,299.3
D,NBXX,9999,6.037e-5,4.222e-5,2.531e-5,8.017e-6,6.442e-6,4.849e-6
Y,193819,977.8,299.3,295.3,55.2,13.1,5.7,0,0000
T,2014,08,28,15,03,43
B,264703,26486,99,3448,161843,7048,77,3447,977.8,299.3
G,3218347,174856,119,3448,1904740,41577,65,3447,977.8,299.3
R,1284848,74444,3673,3448,763398,30488,3663,3447,977.8,299.3
D,NBXX,9999,5.198e-5,3.731e-5,2.276e-5,6.399e-6,5.548e-6,4.707e-6
Y,193908,977.8,299.3,295.4,54.9,13.0,5.7,0,0000
T,2014,08,28,15,08,43
B,265110,27620,91,3447,160987,6951,87,3447,977.8,299.4
G,3213034,179237,109,3447,1899696,42868,61,3447,977.8,299.4
R,1287108,76265,3784,3447,762883,30700,3731,3447,977.8,299.4
D,NBXX,9999,5.533e-5,3.875e-5,2.368e-5,6.055e-6,5.967e-6,4.681e-6
Y,193643,977.8,299.4,295.4,53.3,13.0,5.7,0,0000
T,2014,08,28,15,13,43
B,265207,26807,121,3447,161361,6833,68,3448,977.8,299.4
G,3213599,173703,108,3447,1909716,40966,83,3448,977.8,299.4
R,1285040,74362,3701,3447,764349,30439,3686,3448,977.8,299.4
D,NBXX,9999,5.277e-5,3.703e-5,2.267e-5,5.640e-6,5.369e-6,4.629e-6
Y,193677,977.8,299.4,295.5,52.8,13.0,5.7,0,0000
T,2014,08,28,15,18,43
B,265263,27393,92,3447,160798,7039,96,3447,977.7,299.5
G,3215137,176517,72,3447,1900373,41341,93,3447,977.7,299.5
R,1283781,75868,3888,3447,762777,30815,3843,3447,977.7,299.5
D,NBXX,9999,5.455e-5,3.788e-5,2.339e-5,6.278e-6,5.491e-6,4.632e-6
Y,193770,977.7,299.5,295.4,53.8,13.0,5.7,0,0000
T,2014,08,28,15,23,43
B,264618,26164,83,3448,160821,7009,108,3447,977.7,299.6
G,3216320,171436,107,3448,1893291,40830,93,3447,977.7,299.6
R,1284062,73754,3935,3448,759856,30616,3917,3447,977.7,299.6
D,NBXX,9999,5.099e-5,3.629e-5,2.199e-5,6.246e-6,5.321e-6,4.425e-6
Y,193786,977.7,299.6,295.5,52.8,13.0,5.7,0,0000
T,2014,08,28,15,28,43
B,265518,26598,97,3447,160651,6877,91,3447,977.7,299.6
G,3213808,172862,80,3447,1891262,40127,90,3447,977.7,299.6
R,1289726,74201,3934,3447,760391,30709,3888,3447,977.7,299.6
D,NBXX,9999,5.206e-5,3.678e-5,2.211e-5,5.775e-6,5.122e-6,4.440e-6
Y,193690,977.7,299.6,295.5,52.5,13.1,5.7,0,0000
T,2014,08,28,15,33,43
B,264405,25770,129,3447,160255,6899,109,3448,977.6,299.7
G,3218728,167983,77,3447,1894048,40218,73,3448,977.6,299.7
R,1288871,73435,3882,3447,761477,30211,4028,3448,977.6,299.7
D,NBXX,9999,4.968e-5,3.521e-5,2.161e-5,5.744e-6,5.134e-6,4.076e-6
Y,193988,977.6,299.7,295.5,53.0,13.1,5.7,0,0000
T,2014,08,28,15,38,43
B,265263,25533,100,3447,160912,6717,94,3447,977.6,299.7
G,3214724,167784,102,3447,1897112,39476,78,3447,977.6,299.7
R,1290891,73440,4041,3447,761110,30357,4030,3447,977.6,299.7
D,NBXX,9999,4.885e-5,3.520e-5,2.144e-5,5.282e-6,4.915e-6,4.035e-6
Y,193745,977.6,299.7,295.6,54.3,13.0,5.7,0,0000
T,2014,08,28,15,43,43
B,266075,25929,95,3448,160794,6737,128,3447,977.5,299.8
G,3214116,167221,95,3448,1900220,39736,67,3447,977.5,299.8
R,1290426,73196,4097,3448,761496,30664,4046,3447,977.5,299.8
D,NBXX,9999,4.973e-5,3.507e-5,2.125e-5,5.186e-6,5.020e-6,4.181e-6
Y,193652,977.5,299.8,295.6,54.6,13.1,5.7,0,0000
T,2014,08,28,15,48,43
B,265213,25341,105,3447,160684,6874,105,3447,977.5,299.8
G,3217921,164749,97,3447,1890426,39307,79,3447,977.5,299.8
R,1287805,71935,4244,3447,760664,30723,4166,3447,977.5,299.8
D,NBXX,9999,4.822e-5,3.425e-5,2.036e-5,5.711e-6,4.866e-6,4.049e-6
Y,193939,977.5,299.8,295.6,53.3,13.1,5.7,0,0000
T,2014,08,28,15,53,43
B,265384,25961,169,3447,160859,7046,164,3448,977.5,299.8
G,3213385,169583,98,3447,1895537,40095,86,3448,977.5,299.8
R,1290875,73943,4220,3447,763418,30901,4319,3448,977.5,299.8
D,NBXX,9999,4.965e-5,3.580e-5,2.142e-5,5.782e-6,5.118e-6,4.031e-6
Y,193664,977.5,299.8,295.6,54.1,13.1,5.7,0,0000
T,2014,08,28,15,58,43
B,264269,27135,110,3424,160150,7017,114,3425,977.4,299.9
G,3196518,175609,91,3424,1883836,41670,80,3425,977.4,299.9
R,1282362,76653,4166,3424,756215,31319,4060,3425,977.4,299.9
D,NBXX,9999,5.400e-5,3.794e-5,2.357e-5,6.182e-6,5.674e-6,4.599e-6
Y,193943,977.4,299.9,295.7,52.6,13.0,5.7,0,0008
T,2014,08,28,16,03,43
B,264831,26060,112,3448,161432,6956,176,3447,977.4,299.9
G,3222226,168569,110,3448,1895850,40135,93,3447,977.4,299.9
R,1291705,74252,4148,3448,762708,30955,4277,3447,977.4,299.9
D,NBXX,9999,5.030e-5,3.534e-5,2.166e-5,5.734e-6,5.097e-6,4.146e-6
Y,194143,977.4,299.9,295.7,52.8,13.1,5.7,0,0000
T,2014,08,28,16,08,43
B,265061,25429,147,3447,160995,6865,141,3447,977.4,300.0
G,3212893,162830,69,3447,1893082,39297,97,3447,977.4,300.0
R,1289596,72013,4251,3447,762255,30822,4401,3447,977.4,300.0
D,NBXX,9999,4.829e-5,3.374e-5,2.019e-5,5.431e-6,4.885e-6,3.919e-6
Y,193635,977.4,300.0,295.7,52.3,13.1,5.7,0,0000
T,2014,08,28,16,13,43
B,264609,25362,131,3447,160964,6873,151,3448,977.4,300.0
G,3210119,163382,104,3447,1893008,39733,75,3448,977.4,300.0
R,1287960,73174,4302,3447,762112,31241,4434,3448,977.4,300.0
D,NBXX,9999,4.824e-5,3.395e-5,2.089e-5,5.506e-6,5.021e-6,4.128e-6
Y,193467,977.4,300.0,295.7,50.7,13.1,5.7,0,0000
T,2014,08,28,16,18,43
B,264860,24975,165,3447,160735,6991,141,3447,977.3,300.0
G,3205298,163273,94,3447,1894211,39348,70,3447,977.3,300.0
R,1289027,73292,4481,3447,762552,31421,4465,3447,977.3,300.0
D,NBXX,9999,4.692e-5,3.400e-5,2.078e-5,5.783e-6,4.930e-6,4.083e-6
Y,193175,977.3,300.0,295.7,50.8,13.1,5.7,0,0000
T,2014,08,28,16,23,43
B,265540,25310,128,3447,161531,6863,134,3447,977.3,300.1
G,3208255,163377,93,3447,1892584,39849,76,3447,977.3,300.1
R,1289150,73008,4503,3447,762865,31249,4442,3447,977.3,300.1
D,NBXX,9999,4.791e-5,3.398e-5,2.061e-5,5.495e-6,5.071e-6,3.977e-6
Y,193354,977.3,300.1,295.8,49.9,13.1,5.7,0,0000
T,2014,08,28,16,28,43
B,265494,26156,147,3448,160919,7084,141,3447,977.3,300.1
G,3211148,168432,84,3448,1891998,40456,113,3447,977.3,300.1
R,1288717,74165,4524,3448,763963,31758,4534,3447,977.3,300.1
D,NBXX,9999,5.042e-5,3.548e-5,2.125e-5,6.090e-6,5.240e-6,4.218e-6
Y,193473,977.3,300.1,295.8,49.5,13.1,5.7,0,0000
T,2014,08,28,16,33,43
B,264621,29370,135,3447,161081,7742,138,3447,977.3,300.1
G,3206715,190436,115,3447,1891725,45310,99,3447,977.3,300.1
R,1289155,81762,4599,3447,761689,33314,4621,3447,977.3,300.1
D,NBXX,9999,6.062e-5,4.232e-5,2.579e-5,8.230e-6,6.742e-6,5.050e-6
Y,193261,977.3,300.1,295.8,50.2,13.1,5.7,0,0000
T,2014,08,28,16,38,43
B,266038,24919,130,3447,160879,6816,153,3448,977.3,300.1
G,3204580,165952,100,3447,1893062,39528,100,3448,977.3,300.1
R,1291330,74182,4579,3447,764660,31550,4593,3448,977.3,300.1
D,NBXX,9999,4.649e-5,3.482e-5,2.110e-5,5.233e-6,4.972e-6,3.973e-6
Y,193132,977.3,300.1,295.9,52.3,13.1,5.7,0,0000
T,2014,08,28,16,43,43
B,264601,25159,160,3447,161314,6857,158,3447,977.3,300.2
G,3208027,162531,107,3447,1894734,39811,81,3447,977.3,300.2
R,1289732,72836,4645,3447,763447,31358,4766,3447,977.3,300.2
D,NBXX,9999,4.752e-5,3.372e-5,2.015e-5,5.348e-6,5.054e-6,3.705e-6
Y,193340,977.3,300.2,295.9,52.0,13.0,5.7,0,0000
T,2014,08,28,16,48,43
B,265077,25121,142,3448,160859,6932,116,3447,977.3,300.2
G,3208156,161921,114,3448,1890326,39354,88,3447,977.3,300.2
R,1291664,73389,4618,3448,764384,31895,4597,3447,977.3,300.2
D,NBXX,9999,4.747e-5,3.352e-5,2.057e-5,5.762e-6,4.911e-6,4.160e-6
Y,193292,977.3,300.2,295.9,51.2,13.1,5.7,0,0000
T,2014,08,28,16,53,43
B,265578,27323,140,3447,161797,7339,138,3447,977.3,300.2
G,3209000,178778,104,3447,1891467,42911,85,3447,977.3,300.2
R,1289126,78331,4628,3447,764509,33007,4748,3447,977.3,300.2
D,NBXX,9999,5.401e-5,3.870e-5,2.357e-5,6.894e-6,6.003e-6,4.750e-6
Y,193399,977.3,300.2,295.9,50.8,13.1,5.7,0,0000
T,2014,08,28,16,58,43
B,264904,25433,130,3447,160614,6702,150,3448,977.3,300.2
G,3206389,163601,97,3447,1889785,39457,94,3448,977.3,300.2
R,1288556,73358,4659,3447,762579,31424,4757,3448,977.3,300.2
D,NBXX,9999,4.841e-5,3.407e-5,2.051e-5,4.979e-6,4.946e-6,3.749e-6
Y,193241,977.3,300.2,295.9,52.5,13.1,5.7,0,0000
T,2014,08,28,17,03,43
B,264616,25295,132,3447,161133,6813,121,3447,977.3,300.2
G,3204432,162268,94,3447,1893302,39147,89,3447,977.3,300.2
R,1289874,72988,4816,3447,763189,31613,4711,3447,977.3,300.2
D,NBXX,9999,4.816e-5,3.369e-5,2.016e-5,5.444e-6,4.864e-6,3.778e-6
Y,193123,977.3,300.2,295.9,52.6,12.9,5.7,0,0000
T,2014,08,28,17,08,43
B,264873,25328,119,3448,160797,6834,130,3447,977.3,300.2
G,3212622,165465,111,3448,1886573,39231,91,3447,977.3,300.2
R,1293053,75296,4831,3448,763574,32035,4795,3447,977.3,300.2
D,NBXX,9999,4.820e-5,3.454e-5,2.141e-5,5.509e-6,4.856e-6,3.940e-6
Y,193562,977.3,300.2,295.9,54.4,13.1,5.7,0,0000
T,2014,08,28,17,13,43
B,265320,26851,143,3447,160447,7253,136,3447,977.2,300.2
G,3207546,175779,111,3447,1884130,42169,73,3447,977.2,300.2
R,1289960,78136,4695,3447,763484,32653,4705,3447,977.2,300.2
D,NBXX,9999,5.264e-5,3.780e-5,2.341e-5,6.648e-6,5.782e-6,4.507e-6
Y,193311,977.2,300.2,295.9,53.0,13.1,5.7,0,0000
T,2014,08,28,17,18,43
B,265068,25435,138,3447,160797,6901,140,3448,977.2,300.2
G,3202742,164087,123,3447,1887663,39639,98,3448,977.2,300.2
R,1290094,74000,4840,3447,761840,32226,4795,3448,977.2,300.2
D,NBXX,9999,4.837e-5,3.427e-5,2.070e-5,5.585e-6,5.005e-6,4.071e-6
Y,193021,977.2,300.2,295.9,53.0,13.1,5.7,0,0000
T,2014,08,28,17,23,43
B,234577,22552,112,3030,142937,5936,125,3031,977.2,300.2
G,2830057,145890,80,3030,1677081,34597,91,3031,977.2,300.2
R,1140640,65272,4122,3030,677883,28034,4188,3031,977.2,300.2
D,NBXX,9999,4.855e-5,3.459e-5,2.076e-5,5.026e-6,4.865e-6,3.920e-6
Y,194037,977.2,300.2,296.0,52.5,13.1,5.7,0,0008
T,2014,08,28,17,28,43
B,198477,18850,92,2599,119058,5018,84,2606,977.2,300.2
G,2394799,122957,75,2599,1398904,29213,64,2606,977.2,300.2
R,965730,55063,3464,2599,564671,24019,3558,2606,977.2,300.2
D,NBXX,9999,4.772e-5,3.439e-5,2.062e-5,5.077e-6,4.814e-6,4.127e-6
Y,191413,977.2,300.2,296.0,51.8,13.1,5.7,0,0008
T,2014,08,28,17,33,43
B,243641,23236,168,3193,146492,6363,111,3194,977.2,300.2
G,2954026,150526,87,3193,1725269,36305,74,3194,977.2,300.2
R,1190738,67398,4414,3193,697468,29158,4433,3194,977.2,300.2
D,NBXX,9999,4.780e-5,3.401e-5,2.013e-5,5.560e-6,4.936e-6,3.716e-6
Y,192190,977.2,300.2,296.0,50.5,13.1,5.7,0,0008
T,2014,08,28,17,38,43
B,265264,26026,148,3447,160826,7038,104,3448,977.2,300.2
G,3204853,167568,114,3447,1886753,40091,91,3448,977.2,300.2
R,1291251,75428,4683,3447,762244,31983,4723,3448,977.2,300.2
D,NBXX,9999,5.022e-5,3.531e-5,2.170e-5,6.082e-6,5.142e-6,4.073e-6
Y,193148,977.2,300.2,296.0,52.1,13.1,5.7,0,0000
T,2014,08,28,17,43,43
B,261088,25116,151,3402,159734,6854,147,3403,977.2,300.2
G,3162895,162167,91,3402,1869151,38919,82,3403,977.2,300.2
R,1276606,73171,4801,3402,754387,31834,4668,3403,977.2,300.2
D,NBXX,9999,4.848e-5,3.432e-5,2.071e-5,5.674e-6,4.951e-6,4.083e-6
Y,193141,977.2,300.2,296.0,52.3,13.1,5.7,0,0008
T,2014,08,28,17,48,43
B,265961,25549,145,3448,160142,6993,121,3447,977.2,300.2
G,3206621,163303,101,3448,1883872,39503,93,3447,977.2,300.2
R,1293717,72971,4831,3448,760220,31861,4902,3447,977.2,300.2
D,NBXX,9999,4.850e-5,3.397e-5,1.989e-5,5.853e-6,4.965e-6,3.750e-6
Y,193199,977.2,300.2,296.0,51.0,13.1,5.7,0,0000
T,2014,08,28,17,53,43
B,266049,25739,134,3447,160756,6879,141,3447,977.2,300.2
G,3202735,164250,110,3447,1890239,39622,74,3447,977.2,300.2
R,1290934,74005,4733,3447,763523,31875,4771,3447,977.2,300.2
D,NBXX,9999,4.903e-5,3.433e-5,2.077e-5,5.459e-6,5.017e-6,3.945e-6
Y,193020,977.2,300.2,296.0,50.8,13.0,5.7,0,0000
T,2014,08,28,17,58,43
B,265350,26212,153,3447,161248,7042,141,3448,977.2,300.2
G,3208084,170447,88,3447,1890941,41017,73,3448,977.2,300.2
R,1289486,75154,4776,3447,764404,32239,4656,3448,977.2,300.2
D,NBXX,9999,5.062e-5,3.616e-5,2.157e-5,5.939e-6,5.430e-6,4.229e-6
Y,193344,977.2,300.2,296.0,50.4,13.1,5.7,0,0000
T,2014,08,28,18,03,43
B,260592,24850,135,3383,157136,6715,147,3383,977.2,300.2
G,3145136,159283,107,3383,1846358,38386,92,3383,977.2,300.2
R,1267332,71998,4708,3383,748123,31362,4768,3383,977.2,300.2
D,NBXX,9999,4.785e-5,3.369e-5,2.026e-5,5.342e-6,4.846e-6,3.883e-6
Y,193135,977.2,300.2,296.0,52.0,13.1,5.7,0,0008
T,2014,08,28,18,08,43
B,258778,26351,103,3360,156237,7011,148,3360,977.2,300.2
G,3122868,171478,104,3360,1835356,40507,87,3360,977.2,300.2
R,1259746,76912,4699,3360,742881,32173,4648,3360,977.2,300.2
D,NBXX,9999,5.322e-5,3.791e-5,2.367e-5,6.526e-6,5.605e-6,4.564e-6
Y,193080,977.2,300.2,296.0,53.3,13.1,5.7,0,0008
T,2014,08,28,18,13,43
B,263789,25841,144,3425,160300,7010,141,3425,977.2,300.2
G,3181933,166105,90,3425,1878720,39820,106,3425,977.2,300.2
R,1285610,74734,4800,3425,759325,32187,4836,3425,977.2,300.2
D,NBXX,9999,4.997e-5,3.523e-5,2.129e-5,6.000e-6,5.153e-6,4.096e-6
Y,192998,977.2,300.2,296.0,53.6,13.0,5.7,0,0008
T,2014,08,28,18,18,43
B,264489,24440,129,3447,160566,6647,144,3448,977.2,300.3
G,3207219,158614,115,3447,1885028,38219,86,3448,977.2,300.3
R,1291989,72600,4921,3447,763416,32205,4782,3448,977.2,300.3
D,NBXX,9999,4.552e-5,3.252e-5,1.974e-5,4.879e-6,4.559e-6,3.990e-6
Y,193291,977.2,300.3,296.0,53.8,13.1,5.7,0,0000
T,2014,08,28,18,23,43
B,264087,24935,118,3425,159371,6748,164,3425,977.2,300.3
G,3186705,161032,95,3425,1874606,39163,109,3425,977.2,300.3
R,1283560,72917,4790,3425,758979,31893,4785,3425,977.2,300.3
D,NBXX,9999,4.713e-5,3.358e-5,2.027e-5,5.194e-6,4.929e-6,3.978e-6
Y,193289,977.2,300.3,296.0,53.9,13.1,5.7,0,0008
T,2014,08,28,18,28,43
B,259655,24408,124,3357,156918,6575,128,3356,977.2,300.3
G,3135817,156172,97,3357,1843786,38078,94,3356,977.2,300.3
R,1264623,71236,4717,3357,743093,30822,4810,3356,977.2,300.3
D,NBXX,9999,4.688e-5,3.286e-5,1.982e-5,5.104e-6,4.791e-6,3.539e-6
Y,194058,977.2,300.3,296.0,54.3,13.1,5.7,0,0008
T,2014,08,28,18,33,43
B,261059,26224,153,3394,156927,6947,125,3395,977.2,300.3
G,3154407,168240,105,3394,1855792,40176,99,3395,977.2,300.3
R,1270820,74334,4838,3394,749987,32205,4703,3395,977.2,300.3
D,NBXX,9999,5.204e-5,3.635e-5,2.156e-5,6.052e-6,5.365e-6,4.321e-6
Y,193076,977.2,300.3,296.0,53.1,13.0,5.7,0,0008
T,2014,08,28,18,38,43
B,265232,26385,125,3447,160180,7171,148,3447,977.3,300.3
G,3208284,172883,89,3447,1890709,40554,98,3447,977.3,300.3
R,1292628,76635,4795,3447,762405,32915,4867,3447,977.3,300.3
D,NBXX,9999,5.126e-5,3.690e-5,2.222e-5,6.425e-6,5.282e-6,4.453e-6
Y,193356,977.3,300.3,296.0,53.3,13.1,5.7,0,0000
T,2014,08,28,18,43,43
B,264643,24816,146,3447,160607,6769,120,3448,977.2,300.3
G,3210448,162192,97,3447,1891488,39272,98,3448,977.2,300.3
R,1289885,74787,4895,3447,766660,32551,4889,3448,977.2,300.3
D,NBXX,9999,4.666e-5,3.357e-5,2.108e-5,5.268e-6,4.873e-6,4.166e-6
Y,193487,977.2,300.3,296.0,52.5,13.1,5.7,0,0000
T,2014,08,28,18,48,43
B,264439,24389,155,3447,159940,6865,115,3447,977.3,300.3
G,3202662,158828,139,3447,1888574,38825,72,3447,977.3,300.3
R,1291185,73055,4914,3447,760981,31791,4925,3447,977.3,300.3
D,NBXX,9999,4.536e-5,3.265e-5,1.994e-5,5.556e-6,4.762e-6,3.652e-6
Y,193016,977.3,300.3,296.0,52.8,13.1,5.7,0,0000
T,2014,08,28,18,53,43
B,264802,24562,156,3448,160930,6845,152,3447,977.3,300.3
G,3202991,156737,124,3448,1884869,38618,97,3447,977.3,300.3
R,1294229,72607,4811,3448,759905,32044,4838,3447,977.3,300.3
D,NBXX,9999,4.566e-5,3.200e-5,1.971e-5,5.338e-6,4.697e-6,3.917e-6
Y,192979,977.3,300.3,296.0,53.1,13.1,5.7,0,0000
T,2014,08,28,18,58,43
B,264691,23651,146,3447,159846,6694,122,3447,977.3,300.3
G,3197722,153220,116,3447,1887270,37952,121,3447,977.3,300.3
R,1291083,70784,4859,3447,762990,31659,4811,3447,977.3,300.3
D,NBXX,9999,4.303e-5,3.099e-5,1.867e-5,5.018e-6,4.501e-6,3.692e-6
Y,192717,977.3,300.3,296.0,52.5,13.1,5.7,0,0000
T,2014,08,28,19,03,43
B,264834,23893,138,3447,160325,6768,136,3448,977.3,300.3
G,3197034,152845,114,3447,1886451,37983,104,3448,977.3,300.3
R,1289593,70645,4797,3447,764473,31289,4791,3448,977.3,300.3
D,NBXX,9999,4.371e-5,3.089e-5,1.869e-5,5.208e-6,4.517e-6,3.533e-6
Y,192675,977.3,300.3,296.1,52.3,13.1,5.7,0,0000
T,2014,08,28,19,08,43
B,264939,24596,151,3447,160704,6882,139,3447,977.3,300.3
G,3196413,158412,99,3447,1887227,39164,80,3447,977.3,300.3
R,1288668,72282,4925,3447,764438,31792,4770,3447,977.3,300.3
D,NBXX,9999,4.579e-5,3.263e-5,1.964e-5,5.499e-6,4.901e-6,3.780e-6
Y,192638,977.3,300.3,296.0,52.8,13.1,5.7,0,0000
T,2014,08,28,19,13,43
B,265048,24585,155,3448,160521,6892,152,3447,977.3,300.3
G,3204869,156195,101,3448,1886419,38935,86,3447,977.3,300.3
R,1289637,71911,4902,3448,764584,31884,4863,3447,977.3,300.3
D,NBXX,9999,4.566e-5,3.181e-5,1.934e-5,5.467e-6,4.800e-6,3.782e-6
Y,193093,977.3,300.3,296.0,52.1,13.1,5.7,0,0000
T,2014,08,28,19,18,43
B,264098,25510,142,3447,160948,7255,143,3447,977.3,300.3
G,3198155,166013,103,3447,1889609,40433,115,3447,977.3,300.3
R,1290798,75633,4935,3447,764574,32788,5032,3447,977.3,300.3
D,NBXX,9999,4.886e-5,3.494e-5,2.145e-5,6.731e-6,5.272e-6,4.177e-6
Y,192743,977.3,300.3,296.0,52.0,13.1,5.7,0,0000
T,2014,08,28,19,23,43
B,263440,24155,143,3447,160287,6924,142,3448,977.3,300.3
G,3196865,156910,98,3447,1885094,38389,93,3448,977.3,300.3
R,1291396,72549,4846,3447,763637,31776,4957,3448,977.3,300.3
D,NBXX,9999,4.487e-5,3.215e-5,1.965e-5,5.756e-6,4.653e-6,3.662e-6
Y,192665,977.3,300.3,296.0,52.0,13.1,5.7,0,0000
T,2014,08,28,19,28,43
B,264582,25144,125,3447,160418,6808,120,3447,977.3,300.3
G,3197626,162674,115,3447,1884891,39448,97,3447,977.3,300.3
R,1287344,74588,4805,3447,762716,32400,4752,3447,977.3,300.3
D,NBXX,9999,4.773e-5,3.392e-5,2.120e-5,5.459e-6,4.973e-6,4.266e-6
Y,192711,977.3,300.3,296.0,52.3,13.1,5.7,0,0000
T,2014,08,28,19,33,43
B,264894,25776,163,3448,160821,6943,193,3447,977.3,300.3
G,3204018,168827,114,3448,1886169,39677,90,3447,977.3,300.3
R,1292441,77097,4900,3448,764942,32464,4932,3447,977.3,300.3
D,NBXX,9999,4.920e-5,3.571e-5,2.239e-5,5.461e-6,5.025e-6,4.062e-6
Y,193042,977.3,300.3,296.0,53.9,13.1,5.7,0,0000
T,2014,08,28,19,38,43
B,263923,25430,150,3447,160546,6763,156,3447,977.3,300.3
G,3202225,166531,110,3447,1885559,39330,111,3447,977.3,300.3
R,1290714,76978,4900,3447,762486,32473,4840,3447,977.3,300.3
D,NBXX,9999,4.859e-5,3.503e-5,2.244e-5,5.153e-6,4.916e-6,4.146e-6
Y,192989,977.3,300.3,296.0,53.8,13.1,5.7,0,0000
T,2014,08,28,19,43,43
B,265173,25156,124,3447,161365,6701,136,3448,977.3,300.3
G,3197157,163104,113,3447,1884285,38897,127,3448,977.3,300.3
R,1290391,74797,4886,3447,762590,32088,5004,3448,977.3,300.3
D,NBXX,9999,4.755e-5,3.405e-5,2.100e-5,5.027e-6,4.791e-6,3.801e-6
Y,192683,977.3,300.3,296.0,53.6,13.0,5.7,0,0000
T,2014,08,28,19,48,43
B,264981,24244,129,3447,160408,6736,119,3447,977.3,300.3
G,3200678,158382,107,3447,1883558,38933,108,3447,977.3,300.3
R,1287985,73622,4976,3447,761878,31732,4784,3447,977.3,300.3
D,NBXX,9999,4.484e-5,3.254e-5,2.044e-5,5.197e-6,4.801e-6,3.703e-6
Y,192896,977.3,300.3,296.0,53.4,13.1,5.7,0,0000
T,2014,08,28,19,53,43
B,265216,24460,157,3448,160555,6746,152,3447,977.3,300.3
G,3201984,158945,112,3448,1889619,38786,86,3447,977.3,300.3
R,1290737,73451,5032,3448,763020,32415,4822,3447,977.3,300.3
D,NBXX,9999,4.523e-5,3.270e-5,2.019e-5,4.999e-6,4.761e-6,4.033e-6
Y,192918,977.3,300.3,296.0,52.8,13.1,5.7,0,0000
T,2014,08,28,19,58,43
B,264674,24645,127,3447,159691,6893,123,3447,977.3,300.3
G,3198237,158397,110,3447,1881522,38491,67,3447,977.3,300.3
R,1291120,73259,4885,3447,762775,32227,5029,3447,977.3,300.3
D,NBXX,9999,4.615e-5,3.260e-5,2.002e-5,5.696e-6,4.688e-6,3.867e-6
Y,192748,977.3,300.3,296.0,52.8,13.1,5.7,0,0000
T,2014,08,28,20,03,43
B,265138,24495,151,3447,160568,6948,140,3448,977.4,300.3
G,3198896,160806,120,3447,1888723,39383,99,3448,977.4,300.3
R,1291271,74081,4918,3447,765021,32146,5064,3448,977.4,300.3
D,NBXX,9999,4.542e-5,3.332e-5,2.047e-5,5.677e-6,4.942e-6,3.762e-6
Y,192788,977.4,300.3,296.0,53.4,13.1,5.7,0,0000
T,2014,08,28,20,08,43
B,265573,25108,125,3447,160907,6776,135,3447,977.4,300.3
G,3197108,165310,94,3447,1890433,39579,78,3447,977.4,300.3
R,1288582,75157,4857,3447,763391,32715,4999,3447,977.4,300.3
D,NBXX,9999,4.728e-5,3.475e-5,2.130e-5,5.233e-6,5.029e-6,4.233e-6
Y,192680,977.4,300.3,296.0,53.6,13.1,5.7,0,0000
T,2014,08,28,20,13,43
B,264708,25509,149,3448,159954,6816,123,3447,977.4,300.3
G,3197321,166046,115,3448,1890536,39897,115,3447,977.4,300.3
R,1290687,75504,4955,3448,764139,32629,4901,3447,977.4,300.3
D,NBXX,9999,4.872e-5,3.495e-5,2.145e-5,5.384e-6,5.110e-6,4.164e-6
Y,192636,977.4,300.3,296.0,53.3,13.1,5.7,0,0000
T,2014,08,28,20,18,43
B,263222,25658,131,3447,160822,6991,137,3447,977.5,300.3
G,3199699,167669,96,3447,1884425,40277,84,3447,977.5,300.3
R,1289263,76092,4956,3447,762723,32063,4992,3447,977.5,300.3
D,NBXX,9999,4.964e-5,3.543e-5,2.179e-5,6.047e-6,5.232e-6,3.760e-6
Y,192836,977.5,300.3,296.0,53.1,13.1,5.7,0,0000
T,2014,08,28,20,23,43
B,264614,26102,148,3447,160390,7138,119,3448,977.5,300.3
G,3196300,172409,107,3447,1881549,40639,94,3448,977.5,300.3
R,1291568,78020,5121,3447,763785,32600,4859,3448,977.5,300.3
D,NBXX,9999,5.059e-5,3.695e-5,2.288e-5,6.387e-6,5.346e-6,4.039e-6
Y,192631,977.5,300.3,296.0,53.8,13.1,5.7,0,0000
T,2014,08,28,20,28,43
B,264653,26769,132,3447,160880,6946,109,3447,977.5,300.3
G,3194212,176699,112,3447,1887888,41267,109,3447,977.5,300.3
R,1288111,80471,4708,3447,762802,33302,4865,3447,977.5,300.3
D,NBXX,9999,5.272e-5,3.830e-5,2.478e-5,5.893e-6,5.545e-6,4.801e-6
Y,192504,977.5,300.3,296.0,54.7,13.0,5.7,0,0000
T,2014,08,28,20,33,43
B,264906,26131,134,3448,160778,7000,166,3447,977.5,300.3
G,3200494,172322,117,3448,1887073,40213,118,3447,977.5,300.3
R,1291981,77804,4996,3448,762810,32932,4986,3447,977.5,300.3
D,NBXX,9999,5.048e-5,3.684e-5,2.273e-5,5.835e-6,5.193e-6,4.247e-6
Y,192828,977.5,300.3,296.0,55.4,13.1,5.7,0,0000
T,2014,08,28,20,38,43
B,264337,25448,145,3447,159600,6743,134,3447,977.6,300.3
G,3199316,167029,129,3447,1883289,39473,97,3447,977.6,300.3
R,1289967,76186,4942,3447,763390,32391,4909,3447,977.6,300.3
D,NBXX,9999,4.862e-5,3.523e-5,2.189e-5,5.156e-6,4.969e-6,4.024e-6
Y,192813,977.6,300.3,296.0,54.9,13.1,5.7,0,0000
T,2014,08,28,20,43,43
B,264916,24954,158,3447,160319,6908,123,3448,977.6,300.3
G,3198957,164290,114,3447,1884264,39411,112,3448,977.6,300.3
R,1289326,74497,4774,3447,763795,32051,4906,3448,977.6,300.3
D,NBXX,9999,4.693e-5,3.439e-5,2.100e-5,5.607e-6,4.948e-6,3.939e-6
Y,192792,977.6,300.3,296.0,54.1,13.0,5.7,0,0000
T,2014,08,28,20,48,43
B,264371,24714,133,3447,160800,7103,141,3447,977.7,300.3
G,3192058,161043,117,3447,1889340,39428,99,3447,977.7,300.3
R,1288667,74200,4866,3447,763283,32110,4929,3447,977.7,300.3
D,NBXX,9999,4.637e-5,3.350e-5,2.075e-5,6.280e-6,4.986e-6,3.904e-6
Y,192374,977.7,300.3,296.0,53.6,13.1,5.7,0,0000
T,2014,08,28,20,53,43
B,264170,24875,161,3447,159635,6832,131,3447,977.7,300.3
G,3195452,160775,106,3447,1886375,39038,63,3447,977.7,300.3
R,1288939,73235,4797,3447,763464,32074,4863,3447,977.7,300.3
D,NBXX,9999,4.686e-5,3.338e-5,2.025e-5,5.397e-6,4.870e-6,3.976e-6
Y,192580,977.7,300.3,296.0,52.8,13.1,5.7,0,0000
T,2014,08,28,20,58,43
B,264289,25794,186,3448,159999,6949,123,3447,977.8,300.3
G,3195115,167248,123,3448,1885096,40620,99,3447,977.8,300.3
R,1290456,75509,4827,3448,762943,32358,4890,3447,977.8,300.3
D,NBXX,9999,4.960e-5,3.536e-5,2.156e-5,5.694e-6,5.344e-6,4.099e-6
Y,192503,977.8,300.3,296.0,52.8,13.1,5.7,0,0000
T,2014,08,28,21,03,43
B,264693,26414,142,3447,160575,7150,140,3447,977.8,300.3
G,3196148,175990,110,3447,1884868,41041,116,3447,977.8,300.3
R,1288838,78439,4816,3447,763518,33195,4924,3447,977.8,300.3
D,NBXX,9999,5.148e-5,3.805e-5,2.339e-5,6.371e-6,5.465e-6,4.609e-6
Y,192622,977.8,300.3,296.0,53.4,13.1,5.7,0,0000
T,2014,08,28,21,08,43
B,263878,25870,151,3447,160648,6940,153,3448,977.9,300.2
G,3193929,170405,107,3447,1884832,40890,74,3448,977.9,300.2
R,1289193,76528,4804,3447,762100,32511,4789,3448,977.9,300.2
D,NBXX,9999,4.994e-5,3.637e-5,2.231e-5,5.689e-6,5.440e-6,4.285e-6
Y,192487,977.9,300.2,296.0,52.3,13.1,5.7,0,0000
T,2014,08,28,21,13,43
B,265494,25043,125,3447,160514,7055,123,3447,977.9,300.2
G,3191412,162456,109,3447,1884377,39211,129,3447,977.9,300.2
R,1288145,73948,4815,3447,764270,32758,4900,3447,977.9,300.2
D,NBXX,9999,4.712e-5,3.394e-5,2.067e-5,6.123e-6,4.914e-6,4.365e-6
Y,192335,977.9,300.2,296.0,52.6,13.0,5.7,0,0000
T,2014,08,28,21,18,43
B,264625,25562,131,3448,160702,6783,114,3447,977.9,300.2
G,3196248,161995,89,3448,1885453,39452,80,3447,977.9,300.2
R,1291394,73903,4896,3448,763266,31565,4777,3447,977.9,300.2
D,NBXX,9999,4.898e-5,3.374e-5,2.057e-5,5.371e-6,4.998e-6,3.634e-6
Y,192572,977.9,300.2,296.0,53.0,13.0,5.7,0,0000
T,2014,08,28,21,23,43
B,265796,25504,153,3447,160759,7058,113,3447,978.0,300.2
G,3194835,166837,99,3447,1886229,40158,116,3447,978.0,300.2
R,1289526,75556,4874,3447,765298,32244,4979,3447,978.0,300.2
D,NBXX,9999,4.839e-5,3.524e-5,2.152e-5,6.045e-6,5.202e-6,3.936e-6
Y,192542,978.0,300.2,296.0,54.1,13.1,5.7,0,0000
T,2014,08,28,21,28,43
B,264029,25707,172,3447,160221,6858,146,3448,978.1,300.2
G,3198986,168594,93,3447,1888075,40296,79,3448,978.1,300.2
R,1289875,77656,4842,3447,763047,32457,4881,3448,978.1,300.2
D,NBXX,9999,4.935e-5,3.573e-5,2.289e-5,5.375e-6,5.240e-6,4.152e-6
Y,192793,978.1,300.2,296.0,54.3,13.1,5.7,0,0000
T,2014,08,28,21,33,43
B,264551,26433,145,3447,160309,7020,128,3447,978.1,300.2
G,3195361,173924,124,3447,1884185,40694,115,3447,978.1,300.2
R,1288065,79290,4860,3447,763850,32577,4865,3447,978.1,300.2
D,NBXX,9999,5.158e-5,3.742e-5,2.395e-5,6.000e-6,5.356e-6,4.247e-6
Y,192574,978.1,300.2,296.0,54.6,13.1,5.7,0,0000
T,2014,08,28,21,38,43
B,264665,27746,107,3448,160680,7241,122,3447,978.1,300.2
G,3199348,183031,92,3448,1887574,41801,82,3447,978.1,300.2
R,1288164,82126,4802,3448,763403,32884,4795,3447,978.1,300.2
D,NBXX,9999,5.574e-5,4.018e-5,2.578e-5,6.834e-6,5.709e-6,4.531e-6
Y,192759,978.1,300.2,296.0,56.0,13.1,5.7,0,0000
T,2014,08,28,21,43,43
B,265033,28046,111,3447,161020,7284,151,3447,978.2,300.2
G,3197869,183065,89,3447,1886495,42098,73,3447,978.2,300.2
R,1287049,80956,4728,3447,763779,33653,4723,3447,978.2,300.2
D,NBXX,9999,5.643e-5,4.022e-5,2.520e-5,6.813e-6,5.808e-6,5.116e-6
Y,192726,978.2,300.2,296.0,55.9,13.1,5.7,0,0000
T,2014,08,28,21,48,43
B,263915,27437,143,3447,160209,7061,136,3448,978.2,300.2
G,3193511,181298,116,3447,1887762,42516,77,3448,978.2,300.2
R,1288712,80391,5014,3447,762527,33243,4807,3448,978.2,300.2
D,NBXX,9999,5.485e-5,3.974e-5,2.454e-5,6.149e-6,5.940e-6,4.577e-6
Y,192462,978.2,300.2,296.0,55.6,13.1,5.7,0,0000
T,2014,08,28,21,53,43
B,263740,26756,158,3447,160656,6993,118,3447,978.3,300.2
G,3196285,175105,105,3447,1891505,41385,109,3447,978.3,300.2
R,1287367,77797,4711,3447,762576,32786,4836,3447,978.3,300.2
D,NBXX,9999,5.282e-5,3.777e-5,2.318e-5,5.970e-6,5.575e-6,4.510e-6
Y,192630,978.3,300.2,296.0,55.7,13.1,5.7,0,0000
T,2014,08,28,21,58,43
B,265470,27617,118,3448,160579,7328,117,3447,978.3,300.2
G,3202049,183829,89,3448,1889485,42434,89,3447,978.3,300.2
R,1287099,81763,4733,3448,761521,33404,4839,3447,978.3,300.2
D,NBXX,9999,5.507e-5,4.038e-5,2.561e-5,7.015e-6,5.892e-6,4.881e-6
Y,192922,978.3,300.2,296.0,57.3,13.0,5.7,0,0000
T,2014,08,28,22,03,43
B,264911,28209,158,3447,160384,7285,97,3447,978.4,300.2
G,3197738,184073,112,3447,1887446,42553,67,3447,978.4,300.2
R,1287036,80523,4910,3447,762375,33120,4742,3447,978.4,300.2
D,NBXX,9999,5.697e-5,4.053e-5,2.480e-5,6.837e-6,5.943e-6,4.644e-6
Y,192718,978.4,300.2,296.0,57.7,13.1,5.7,0,0000
T,2014,08,28,22,08,43
B,264583,27803,121,3447,160685,7323,135,3448,978.4,300.2
G,3198509,185699,116,3447,1888414,42724,106,3448,978.4,300.2
R,1290651,80670,4816,3447,761915,33054,4812,3448,978.4,300.2
D,NBXX,9999,5.582e-5,4.100e-5,2.478e-5,6.970e-6,5.973e-6,4.578e-6
Y,192764,978.4,300.2,296.0,57.8,13.1,5.7,0,0000
T,2014,08,28,22,13,43
B,264206,28035,134,3447,160080,7158,146,3447,978.4,300.2
G,3196777,182611,145,3447,1885715,41938,106,3447,978.4,300.2
R,1288466,79889,4757,3447,762369,33424,4860,3447,978.4,300.2
D,NBXX,9999,5.657e-5,4.007e-5,2.438e-5,6.414e-6,5.731e-6,4.841e-6
Y,192660,978.4,300.2,295.9,57.7,13.1,5.7,0,0000
T,2014,08,28,22,18,43
B,257584,27218,127,3357,157066,7018,125,3355,978.5,300.2
G,3118035,177807,97,3357,1831637,41033,84,3355,978.5,300.2
R,1255642,78041,4761,3357,741546,32197,4632,3355,978.5,300.2
D,NBXX,9999,5.629e-5,4.000e-5,2.448e-5,6.628e-6,5.802e-6,4.599e-6
Y,192953,978.5,300.2,295.9,57.7,13.1,5.7,0,0008
T,2014,08,28,22,23,43
B,229359,24229,123,2961,138868,6116,132,2962,978.5,300.2
G,2757455,158314,76,2961,1635812,36366,63,2962,978.5,300.2
R,1113532,68902,4135,2961,661661,28313,4041,2962,978.5,300.2
D,NBXX,9999,5.614e-5,4.039e-5,2.439e-5,6.010e-6,5.827e-6,4.540e-6
Y,193462,978.5,300.2,295.9,57.5,13.1,5.7,0,0008
T,2014,08,28,22,28,43
B,265184,28241,139,3447,161339,7227,133,3448,978.5,300.2
G,3200255,182574,100,3447,1897769,42155,94,3448,978.5,300.2
R,1288426,79646,4873,3447,767779,33241,4883,3448,978.5,300.2
D,NBXX,9999,5.692e-5,4.002e-5,2.414e-5,6.570e-6,5.800e-6,4.625e-6
Y,192870,978.5,300.2,295.9,57.5,13.1,5.7,0,0000
T,2014,08,28,22,33,43
B,264716,28032,160,3447,160728,7212,126,3447,978.5,300.2
G,3196849,181360,117,3447,1892849,42269,89,3447,978.5,300.2
R,1291874,80254,4933,3447,765956,33333,4801,3447,978.5,300.2
D,NBXX,9999,5.638e-5,3.970e-5,2.441e-5,6.518e-6,5.849e-6,4.666e-6
Y,192664,978.5,300.2,295.9,58.3,13.1,5.7,0,0000
T,2014,08,28,22,38,43
B,264330,28142,129,3448,160131,7268,114,3447,978.6,300.2
G,3201799,184415,122,3448,1895004,42512,96,3447,978.6,300.2
R,1292505,80720,4801,3448,766790,33260,4802,3447,978.6,300.2
D,NBXX,9999,5.699e-5,4.052e-5,2.477e-5,6.881e-6,5.890e-6,4.713e-6
Y,192907,978.6,300.2,295.9,58.6,13.1,5.7,0,0000
T,2014,08,28,22,43,43
B,264859,27526,124,3447,160829,7206,104,3447,978.6,300.2
G,3199367,182268,89,3447,1892911,41987,87,3447,978.6,300.2
R,1290340,80146,4913,3447,764348,33495,4796,3447,978.6,300.2
D,NBXX,9999,5.498e-5,3.992e-5,2.441e-5,6.694e-6,5.749e-6,4.799e-6
Y,192816,978.6,300.2,295.9,60.1,13.0,5.7,0,0000
T,2014,08,28,22,48,43
B,264555,29658,123,3447,159818,7582,148,3447,978.6,300.2
G,3192954,196415,102,3447,1886689,45568,82,3447,978.6,300.2
R,1287524,84218,4934,3447,763519,33959,4804,3447,978.6,300.2
D,NBXX,9999,6.148e-5,4.440e-5,2.699e-5,7.723e-6,6.879e-6,5.094e-6
Y,192428,978.6,300.2,295.9,60.1,13.1,5.7,0,0000
T,2014,08,28,22,53,43
B,242102,25933,138,3185,146808,6734,97,3185,978.6,300.2
G,2945445,172332,75,3185,1732302,39423,91,3185,978.6,300.2
R,1185743,75101,4384,3185,699321,30834,4562,3185,978.6,300.2
D,NBXX,9999,5.747e-5,4.144e-5,2.537e-5,7.086e-6,6.005e-6,4.817e-6
Y,192113,978.6,300.2,295.9,60.6,13.0,5.7,0,000C
T,2014,08,28,22,58,43
B,263698,27515,143,3447,160606,7226,143,3447,978.7,300.2
G,3192142,181060,130,3447,1889424,41848,90,3447,978.7,300.2
R,1284977,79866,4870,3447,764327,33100,4839,3447,978.7,300.2
D,NBXX,9999,5.511e-5,3.966e-5,2.442e-5,6.643e-6,5.720e-6,4.613e-6
Y,192379,978.7,300.2,295.9,61.1,13.1,5.7,0,0000
T,2014,08,28,23,03,43
B,264607,27565,117,3447,159811,7257,117,3448,978.7,300.2
G,3192803,180919,77,3447,1886990,41850,109,3448,978.7,300.2
R,1287457,79917,5002,3447,763749,32611,4851,3448,978.7,300.2
D,NBXX,9999,5.516e-5,3.961e-5,2.427e-5,6.844e-6,5.726e-6,4.178e-6
Y,192419,978.7,300.2,295.9,61.4,13.1,5.7,0,0000
T,2014,08,28,23,08,43
B,264194,27763,153,3447,161197,7197,146,3447,978.7,300.2
G,3195939,183303,129,3447,1890099,41827,66,3447,978.7,300.2
R,1289760,79663,4749,3447,765104,32808,4758,3447,978.7,300.2
D,NBXX,9999,5.567e-5,4.029e-5,2.428e-5,6.467e-6,5.707e-6,4.528e-6
Y,192609,978.7,300.2,295.9,61.1,13.1,5.7,0,0000
T,2014,08,28,23,13,43
B,264200,27563,115,3448,161412,7042,131,3447,978.6,300.2
G,3197966,178821,95,3448,1889074,41529,72,3447,978.6,300.2
R,1291222,79220,4829,3448,765382,32694,4926,3447,978.6,300.2
D,NBXX,9999,5.524e-5,3.888e-5,2.378e-5,6.184e-6,5.620e-6,4.270e-6
Y,192675,978.6,300.2,295.9,60.6,13.0,5.7,0,0000
T,2014,08,28,23,18,43
B,264169,27217,135,3447,160450,7280,132,3447,978.6,300.2
G,3195352,179209,102,3447,1890628,41480,107,3447,978.6,300.2
R,1287479,78277,4817,3447,764748,33187,4761,3447,978.6,300.2
D,NBXX,9999,5.411e-5,3.903e-5,2.345e-5,6.839e-6,5.597e-6,4.734e-6
Y,192573,978.6,300.2,295.9,59.9,13.1,5.7,0,0000
T,2014,08,28,23,23,43
B,264523,27333,118,3447,159851,7240,140,3448,978.6,300.1
G,3194024,178515,81,3447,1883301,41564,92,3448,978.6,300.1
R,1288272,78283,4888,3447,762647,32946,4859,3448,978.6,300.1
D,NBXX,9999,5.439e-5,3.885e-5,2.331e-5,6.713e-6,5.637e-6,4.452e-6
Y,192493,978.6,300.1,295.9,59.6,13.1,5.7,0,0000
T,2014,08,28,23,28,43
B,264110,27260,148,3447,161403,7159,145,3447,978.6,300.1
G,3192758,178856,102,3447,1889307,41247,92,3447,978.6,300.1
R,1286154,78376,4742,3447,764169,33156,4778,3447,978.6,300.1
D,NBXX,9999,5.417e-5,3.897e-5,2.360e-5,6.378e-6,5.541e-6,4.770e-6
Y,192417,978.6,300.1,295.9,59.4,13.1,5.7,0,0000
T,2014,08,28,23,33,43
B,264622,27361,153,3448,161164,7162,117,3447,978.6,300.1
G,3194639,178121,96,3448,1891483,41635,89,3447,978.6,300.1
R,1285597,79102,4818,3448,766286,32688,4857,3447,978.6,300.1
D,NBXX,9999,5.440e-5,3.872e-5,2.395e-5,6.435e-6,5.660e-6,4.382e-6
Y,192474,978.6,300.1,295.9,59.3,13.1,5.7,0,0000
T,2014,08,28,23,38,43
B,263747,27334,159,3447,160714,7017,126,3447,978.6,300.1
G,3193298,177888,100,3447,1890120,41499,110,3447,978.6,300.1
R,1291116,78083,4818,3447,763354,32569,4757,3447,978.6,300.1
D,NBXX,9999,5.454e-5,3.866e-5,2.322e-5,5.997e-6,5.611e-6,4.318e-6
Y,192449,978.6,300.1,295.9,58.8,13.0,5.7,0,0000
T,2014,08,28,23,43,43
B,264566,28102,174,3447,161139,7387,126,3448,978.6,300.1
G,3192897,182362,96,3447,1888966,41896,75,3448,978.6,300.1
R,1287835,79241,4784,3447,764805,33132,4835,3448,978.6,300.1
D,NBXX,9999,5.659e-5,4.006e-5,2.400e-5,7.012e-6,5.745e-6,4.662e-6
Y,192425,978.6,300.1,295.9,59.1,13.1,5.7,0,0000
T,2014,08,28,23,48,43
B,264968,26663,163,3447,161572,6986,132,3447,978.5,300.1
G,3196864,174767,115,3447,1893520,40871,84,3447,978.5,300.1
R,1286650,77419,4756,3447,766721,32802,4712,3447,978.5,300.1
D,NBXX,9999,5.206e-5,3.767e-5,2.303e-5,5.771e-6,5.420e-6,4.584e-6
Y,192665,978.5,300.1,295.9,58.6,13.0,5.7,0,0000
T,2014,08,28,23,53,43
B,264810,27516,150,3448,160261,7117,122,3447,978.5,300.1
G,3195400,177305,88,3448,1889297,41524,89,3447,978.5,300.1
R,1288746,77836,4824,3448,761272,32816,4879,3447,978.5,300.1
D,NBXX,9999,5.481e-5,3.848e-5,2.305e-5,6.274e-6,5.639e-6,4.408e-6
Y,192520,978.5,300.1,295.9,58.5,13.0,5.7,0,0000
T,2014,08,28,23,58,43
B,264171,27564,155,3447,160514,7022,128,3447,978.5,300.1
G,3193659,179545,101,3447,1891759,41795,85,3447,978.5,300.1
R,1287009,78767,4642,3447,764896,32546,4791,3447,978.5,300.1
D,NBXX,9999,5.512e-5,3.920e-5,2.387e-5,5.987e-6,5.722e-6,4.448e-6
Y,192471,978.5,300.1,295.9,59.3,13.1,5.7,0,0000
