T,2014,09,10,00,02,17
B,260206,20337,120,3447,157982,6155,87,3447,980.0,299.7
G,3142873,126181,98,3447,1852198,33959,74,3447,980.0,299.7
R,1262203,60732,4213,3447,745491,28700,4379,3447,980.0,299.7
D,NBXX,9999,3.401e-5,2.329e-5,1.398e-5,3.837e-6,3.448e-6,2.908e-6
Y,189399,980.0,299.7,295.5,70.3,13.1,5.7,0,0000
T,2014,09,10,00,07,17
B,259883,19976,120,3447,158411,6101,124,3448,980.1,299.6
G,3139119,125580,105,3447,1855531,34041,74,3448,980.1,299.6
R,1264015,60242,4429,3447,747580,28221,4258,3448,980.1,299.6
D,NBXX,9999,3.282e-5,2.314e-5,1.356e-5,3.551e-6,3.481e-6,2.518e-6
Y,189172,980.1,299.6,295.5,70.2,13.1,5.7,0,0000
T,2014,09,10,00,12,17
B,261975,19820,86,3447,157968,6116,118,3447,980.0,299.6
G,3143840,123834,60,3447,1851701,33709,73,3447,980.0,299.6
R,1262144,60464,4249,3447,746163,28422,4256,3447,980.0,299.6
D,NBXX,9999,3.199e-5,2.255e-5,1.388e-5,3.601e-6,3.381e-6,2.798e-6
Y,189457,980.0,299.6,295.5,70.2,13.1,5.7,0,0000
T,2014,09,10,00,17,17
B,258117,19736,95,3415,156048,5864,118,3414,980.0,299.6
G,3117179,121709,91,3415,1834576,33338,92,3414,980.0,299.6
R,1249255,58902,4146,3415,737862,28338,4243,3414,980.0,299.6
D,NBXX,9999,3.260e-5,2.219e-5,1.330e-5,3.052e-6,3.338e-6,2.954e-6
Y,189611,980.0,299.6,295.5,70.2,13.1,5.7,0,0008
T,2014,09,10,00,27,17
B,261095,19790,100,3447,157474,6014,103,3448,980.1,299.6
G,3149416,122804,106,3447,1858153,33732,75,3448,980.1,299.6
R,1263282,59616,4242,3447,749062,28513,4291,3448,980.1,299.6
D,NBXX,9999,3.210e-5,2.214e-5,1.330e-5,3.343e-6,3.349e-6,2.819e-6
Y,189795,980.1,299.6,295.4,70.2,13.1,5.7,0,0000
T,2014,09,10,00,32,17
B,260004,19783,125,3447,156963,5924,87,3447,980.1,299.6
G,3144076,123429,92,3447,1842603,33385,79,3447,980.1,299.6
R,1262994,59450,4206,3447,742006,28548,4381,3447,980.1,299.6
D,NBXX,9999,3.230e-5,2.241e-5,1.316e-5,3.110e-6,3.264e-6,2.809e-6
Y,189472,980.1,299.6,295.4,70.2,13.1,5.7,0,0000
T,2014,09,10,00,42,17
B,254202,19887,82,3361,153396,5917,115,3361,980.1,299.5
G,3067328,123402,76,3361,1803097,33291,67,3361,980.1,299.5
R,1231834,59118,4174,3361,724786,27883,4113,3361,980.1,299.5
D,NBXX,9999,3.406e-5,2.338e-5,1.395e-5,3.535e-6,3.505e-6,2.900e-6
Y,189577,980.1,299.5,295.3,70.2,13.1,5.7,0,0008
T,2014,09,10,00,47,17
B,258311,20569,155,3425,158651,6143,128,3427,980.1,299.5
G,3129345,128555,88,3425,1848164,34249,104,3427,980.1,299.5
R,1256787,61013,4145,3425,742174,29039,4123,3427,980.1,299.5
D,NBXX,9999,3.490e-5,2.420e-5,1.453e-5,3.632e-6,3.572e-6,3.401e-6
Y,189796,980.1,299.5,295.3,70.3,13.1,5.7,0,0008
T,2014,09,10,00,52,17
B,259607,20375,109,3425,157315,5965,109,3425,980.0,299.5
G,3127242,128594,72,3425,1847309,34699,94,3425,980.0,299.5
R,1256113,61373,4285,3425,743384,28382,4180,3425,980.0,299.5
D,NBXX,9999,3.421e-5,2.425e-5,1.463e-5,3.230e-6,3.737e-6,2.858e-6
Y,189668,980.0,299.5,295.4,70.2,13.1,5.7,0,0008
T,2014,09,10,00,57,17
B,251028,19820,104,3335,152602,5861,88,3335,980.1,299.5
G,3041574,123044,60,3335,1787580,33213,78,3335,980.1,299.5
R,1219620,58849,4038,3335,720010,27450,4057,3335,980.1,299.5
D,NBXX,9999,3.466e-5,2.360e-5,1.424e-5,3.602e-6,3.572e-6,2.881e-6
Y,189450,980.1,299.5,295.4,70.2,13.0,5.7,0,0008
T,2014,09,10,01,02,17
B,257910,20074,108,3403,155233,5890,91,3403,980.2,299.6
G,3125031,122876,103,3403,1824027,33616,84,3403,980.2,299.6
R,1253067,59051,4176,3403,733299,28237,4105,3403,980.2,299.6
D,NBXX,9999,3.377e-5,2.246e-5,1.335e-5,3.194e-6,3.395e-6,2.916e-6
Y,190764,980.2,299.6,295.4,70.2,13.1,5.7,0,0008
T,2014,09,10,01,07,17
B,261430,19856,135,3447,158147,6130,110,3448,980.2,299.6
G,3153699,125365,84,3447,1856531,34180,77,3448,980.2,299.6
R,1266956,60056,4051,3447,746038,28267,4192,3448,980.2,299.6
D,NBXX,9999,3.208e-5,2.290e-5,1.366e-5,3.530e-6,3.482e-6,2.829e-6
Y,190054,980.2,299.6,295.4,70.0,13.1,5.7,0,0000
T,2014,09,10,01,12,17
B,261520,20228,107,3447,158565,6145,91,3447,980.2,299.5
G,3152861,125535,94,3447,1857964,34159,100,3447,980.2,299.5
R,1264661,59635,4111,3447,747859,28563,4223,3447,980.2,299.5
D,NBXX,9999,3.336e-5,2.295e-5,1.339e-5,3.731e-6,3.469e-6,2.974e-6
Y,190003,980.2,299.5,295.4,70.0,13.1,5.7,0,0000
T,2014,09,10,01,17,17
B,261573,19849,115,3448,158412,6126,72,3447,980.2,299.5
G,3158033,124468,84,3448,1857302,34081,81,3447,980.2,299.5
R,1266738,59817,4269,3448,749211,28663,4224,3447,980.2,299.5
D,NBXX,9999,3.220e-5,2.256e-5,1.334e-5,3.713e-6,3.441e-6,2.906e-6
Y,190260,980.2,299.5,295.4,70.0,13.1,5.7,0,0000
T,2014,09,10,01,37,17
B,260993,18910,132,3448,157708,5924,109,3447,980.0,299.6
G,3153114,118300,92,3448,1859938,32988,103,3447,980.0,299.6
R,1265906,58580,4229,3448,750868,27843,4174,3447,980.0,299.6
D,NBXX,9999,2.925e-5,2.068e-5,1.267e-5,2.943e-6,3.104e-6,2.479e-6
Y,189963,980.0,299.6,295.4,69.8,13.1,5.7,0,0000
T,2014,09,10,01,42,17
B,261747,18615,102,3447,157420,5805,106,3447,980.0,299.6
G,3150977,115301,93,3447,1857505,32605,63,3447,980.0,299.6
R,1264891,56478,4202,3447,745884,27919,4043,3447,980.0,299.6
D,NBXX,9999,2.828e-5,1.978e-5,1.150e-5,2.636e-6,3.003e-6,2.646e-6
Y,189889,980.0,299.6,295.4,69.7,13.1,5.7,0,0000
T,2014,09,10,01,47,17
B,259462,18062,131,3422,156809,5659,113,3423,980.0,299.6
G,3124159,113185,87,3422,1840708,32022,67,3423,980.0,299.6
R,1254477,55608,4107,3422,741797,27363,4110,3423,980.0,299.6
D,NBXX,9999,2.692e-5,1.943e-5,1.121e-5,2.194e-6,2.903e-6,2.407e-6
Y,189647,980.0,299.6,295.5,69.7,13.1,5.7,0,0008
T,2014,09,10,01,52,17
B,261834,18381,150,3447,158076,5652,132,3447,980.0,299.7
G,3147980,112328,80,3447,1847232,32047,89,3447,980.0,299.7
R,1260431,56260,4085,3447,745692,27957,4097,3447,980.0,299.7
D,NBXX,9999,2.727e-5,1.888e-5,1.151e-5,1.887e-6,2.833e-6,2.757e-6
Y,189708,980.0,299.7,295.5,69.5,13.1,5.7,0,0000
T,2014,09,10,01,57,17
B,261486,18053,105,3447,158008,5908,89,3447,980.0,299.7
G,3141289,109979,86,3447,1852802,32311,81,3447,980.0,299.7
R,1261935,55179,4261,3447,746717,27494,4202,3447,980.0,299.7
D,NBXX,9999,2.664e-5,1.822e-5,1.059e-5,3.024e-6,2.938e-6,2.248e-6
Y,189303,980.0,299.7,295.6,69.5,13.1,5.7,0,0000
T,2014,09,10,02,02,17
B,260403,18009,102,3448,157004,5653,117,3447,980.0,299.7
G,3143663,108562,110,3448,1849220,31563,86,3447,980.0,299.7
R,1261392,54762,4087,3448,745458,27203,4167,3447,980.0,299.7
D,NBXX,9999,2.664e-5,1.774e-5,1.049e-5,2.215e-6,2.687e-6,2.226e-6
Y,189391,980.0,299.7,295.6,69.2,13.1,5.7,0,0000
T,2014,09,10,02,07,17
B,259827,18094,116,3447,158801,5745,89,3447,980.1,299.7
G,3142556,108708,103,3447,1854239,31334,95,3447,980.1,299.7
R,1259929,55504,4283,3447,743662,27820,4011,3447,980.1,299.7
D,NBXX,9999,2.708e-5,1.779e-5,1.097e-5,2.586e-6,2.615e-6,2.594e-6
Y,189380,980.1,299.7,295.6,69.2,13.1,5.7,0,0000
T,2014,09,10,02,12,17
B,260772,17842,115,3447,158439,5805,114,3448,980.1,299.7
G,3141908,108597,88,3447,1853288,31151,81,3448,980.1,299.7
R,1261425,54152,4237,3447,746739,27462,4160,3448,980.1,299.7
D,NBXX,9999,2.600e-5,1.778e-5,1.001e-5,2.619e-6,2.568e-6,2.276e-6
Y,189340,980.1,299.7,295.6,69.2,13.1,5.7,0,0000
T,2014,09,10,02,17,17
B,261479,17420,108,3447,156954,5697,98,3447,980.1,299.8
G,3140606,106684,98,3447,1847176,31307,65,3447,980.1,299.8
R,1261408,54497,4258,3447,744501,27659,4219,3447,980.1,299.8
D,NBXX,9999,2.462e-5,1.722e-5,1.017e-5,2.324e-6,2.639e-6,2.346e-6
Y,189262,980.1,299.8,295.7,69.0,13.1,5.7,0,0000
T,2014,09,10,02,22,17
B,261319,17625,126,3448,157228,5749,96,3447,980.1,299.8
G,3144472,107318,89,3448,1849032,31411,98,3447,980.1,299.8
R,1261664,55169,4303,3448,744220,27567,4144,3447,980.1,299.8
D,NBXX,9999,2.524e-5,1.737e-5,1.060e-5,2.444e-6,2.654e-6,2.312e-6
Y,189440,980.1,299.8,295.7,68.9,13.1,5.7,0,0000
T,2014,09,10,02,27,17
B,260895,17385,105,3447,156794,5638,131,3447,980.1,299.8
G,3137791,106797,86,3447,1845521,31043,76,3447,980.1,299.8
R,1259674,54817,4311,3447,743979,27654,4212,3447,980.1,299.8
D,NBXX,9999,2.453e-5,1.729e-5,1.037e-5,2.070e-6,2.565e-6,2.324e-6
Y,189091,980.1,299.8,295.7,68.9,13.1,5.7,0,0000
T,2014,09,10,02,32,17
B,260900,17372,103,3447,157879,5780,93,3448,980.0,299.8
G,3142638,106577,73,3447,1853505,30750,84,3448,980.0,299.8
R,1260232,54395,4198,3447,747512,27388,4115,3448,980.0,299.8
D,NBXX,9999,2.463e-5,1.717e-5,1.025e-5,2.652e-6,2.457e-6,2.301e-6
Y,189385,980.0,299.8,295.7,68.9,13.1,5.7,0,0000
T,2014,09,10,02,37,17
B,260539,17172,115,3447,157984,5634,99,3447,980.0,299.8
G,3137901,106372,94,3447,1853172,31328,78,3447,980.0,299.8
R,1261151,54312,4192,3447,746833,27327,4142,3447,980.0,299.8
D,NBXX,9999,2.401e-5,1.715e-5,1.016e-5,2.160e-6,2.651e-6,2.244e-6
Y,189098,980.0,299.8,295.7,68.7,13.1,5.7,0,0000
T,2014,09,10,02,42,17
B,258882,17240,113,3448,158345,5638,91,3447,980.0,299.8
G,3143449,105372,72,3448,1850146,31307,105,3447,980.0,299.8
R,1259608,53967,4341,3448,744915,27181,4142,3447,980.0,299.8
D,NBXX,9999,2.460e-5,1.677e-5,9.872e-6,2.322e-6,2.628e-6,2.061e-6
Y,189379,980.0,299.8,295.7,68.9,13.0,5.7,0,0000
T,2014,09,10,02,47,17
B,260219,17257,112,3447,157702,5778,112,3447,980.0,299.9
G,3139863,105183,91,3447,1846635,30740,75,3447,980.0,299.9
R,1260524,53413,4398,3447,744336,27358,4222,3447,980.0,299.9
D,NBXX,9999,2.434e-5,1.675e-5,9.405e-6,2.609e-6,2.462e-6,2.060e-6
Y,189217,980.0,299.9,295.8,68.9,13.1,5.7,0,0000
T,2014,09,10,02,52,17
B,256443,16983,121,3395,155910,5706,98,3398,979.9,299.8
G,3097749,104021,84,3395,1823798,30636,77,3398,979.9,299.8
R,1240699,53631,4224,3395,735055,27702,4127,3398,979.9,299.8
D,NBXX,9999,2.424e-5,1.683e-5,1.018e-5,2.623e-6,2.552e-6,2.640e-6
Y,189539,979.9,299.8,295.7,68.7,13.1,5.7,0,0008
T,2014,09,10,02,57,17
B,259975,17212,97,3420,157281,5706,103,3421,979.9,299.8
G,3127361,105279,101,3420,1847265,30843,101,3421,979.9,299.8
R,1255317,54185,4271,3420,743263,27529,4337,3421,979.9,299.8
D,NBXX,9999,2.430e-5,1.690e-5,1.001e-5,2.468e-6,2.517e-6,2.218e-6
Y,189954,979.9,299.8,295.7,68.9,13.1,5.7,0,0008
T,2014,09,10,03,02,17
B,262046,17908,121,3448,157601,5828,98,3447,979.9,299.9
G,3149530,109964,107,3448,1853400,31927,69,3447,979.9,299.9
R,1266094,55352,4292,3448,746628,27773,4303,3447,979.9,299.9
D,NBXX,9999,2.601e-5,1.815e-5,1.051e-5,2.667e-6,2.804e-6,2.294e-6
Y,189746,979.9,299.9,295.8,68.7,13.1,5.7,0,0000
T,2014,09,10,03,07,17
B,261108,17646,126,3447,158249,5859,132,3447,979.8,299.9
G,3146443,109778,82,3447,1853699,32084,64,3447,979.8,299.9
R,1265018,55974,4283,3447,748082,27755,4193,3447,979.8,299.9
D,NBXX,9999,2.525e-5,1.813e-5,1.101e-5,2.679e-6,2.871e-6,2.374e-6
Y,189615,979.8,299.9,295.8,68.7,13.1,5.7,0,0000
T,2014,09,10,03,12,17
B,252114,17204,103,3325,152609,5726,102,3327,979.8,299.9
G,3034609,105608,93,3325,1784844,30482,72,3327,979.8,299.9
R,1218552,53779,4093,3325,718393,26594,4177,3327,979.8,299.9
D,NBXX,9999,2.595e-5,1.804e-5,1.084e-5,3.056e-6,2.705e-6,2.194e-6
Y,189585,979.8,299.9,295.8,68.7,13.0,5.7,0,0008
T,2014,09,10,03,17,17
B,261019,17319,107,3447,157789,5751,99,3447,979.8,299.9
G,3145430,106567,104,3447,1850588,31594,94,3447,979.8,299.9
R,1264691,54639,4292,3447,746884,27711,4183,3447,979.8,299.9
D,NBXX,9999,2.443e-5,1.712e-5,1.018e-5,2.537e-6,2.701e-6,2.351e-6
Y,189553,979.8,299.9,295.8,68.7,13.1,5.7,0,0000
T,2014,09,10,03,22,17
B,260121,17516,94,3448,157486,5735,105,3447,979.7,299.9
G,3146293,106648,84,3448,1849576,31101,107,3447,979.7,299.9
R,1262571,54919,4255,3448,745013,27757,4117,3447,979.7,299.9
D,NBXX,9999,2.526e-5,1.714e-5,1.048e-5,2.576e-6,2.549e-6,2.477e-6
Y,189550,979.7,299.9,295.8,68.7,13.1,5.7,0,0000
T,2014,09,10,03,27,17
B,260561,17346,120,3447,157609,5784,109,3447,979.7,299.9
G,3137876,106414,112,3447,1851184,31242,90,3447,979.7,299.9
R,1261307,54423,4189,3447,745180,27569,4304,3447,979.7,299.9
D,NBXX,9999,2.453e-5,1.715e-5,1.011e-5,2.587e-6,2.613e-6,2.278e-6
Y,189097,979.7,299.9,295.8,68.7,13.1,5.7,0,0000
T,2014,09,10,03,32,17
B,260902,17364,107,3447,157646,5780,112,3448,979.6,299.9
G,3143807,105490,78,3447,1849418,31291,82,3448,979.6,299.9
R,1259495,54387,4139,3447,743445,27732,4274,3448,979.6,299.9
D,NBXX,9999,2.455e-5,1.681e-5,1.019e-5,2.583e-6,2.622e-6,2.451e-6
Y,189455,979.6,299.9,295.8,68.9,13.1,5.7,0,0000
T,2014,09,10,03,37,17
B,261337,17391,126,3447,156585,5688,87,3447,979.6,299.9
G,3136769,105532,97,3447,1843921,30582,83,3447,979.6,299.9
R,1261156,54623,4299,3447,744691,27687,4066,3447,979.6,299.9
D,NBXX,9999,2.457e-5,1.689e-5,1.033e-5,2.294e-6,2.417e-6,2.447e-6
Y,189030,979.6,299.9,295.8,68.9,13.1,5.7,0,0000
T,2014,09,10,03,42,17
B,260831,17427,145,3448,157995,5859,128,3447,979.6,299.9
G,3143923,106382,84,3448,1853282,30956,76,3447,979.6,299.9
R,1261842,55232,4339,3448,745325,28011,4227,3447,979.6,299.9
D,NBXX,9999,2.457e-5,1.709e-5,1.055e-5,2.649e-6,2.522e-6,2.502e-6
Y,189407,979.6,299.9,295.8,68.9,13.1,5.7,0,0000
T,2014,09,10,03,47,17
B,261181,17601,122,3447,157428,5772,91,3447,979.5,299.9
G,3138807,107600,115,3447,1851232,31432,91,3447,979.5,299.9
R,1259563,55452,4245,3447,744623,27715,4219,3447,979.5,299.9
D,NBXX,9999,2.525e-5,1.751e-5,1.082e-5,2.566e-6,2.668e-6,2.407e-6
Y,189153,979.5,299.9,295.8,68.9,13.1,5.7,0,0000
T,2014,09,10,03,52,17
B,261363,17577,142,3447,157343,5915,112,3448,979.5,299.9
G,3137503,109369,124,3447,1845899,31329,97,3448,979.5,299.9
R,1262406,55667,4389,3447,742677,27726,4285,3448,979.5,299.9
D,NBXX,9999,2.499e-5,1.808e-5,1.074e-5,2.846e-6,2.631e-6,2.231e-6
Y,189074,979.5,299.9,295.8,68.9,13.1,5.7,0,0000
T,2014,09,10,03,57,17
B,260745,17791,112,3447,157526,5632,103,3447,979.5,299.9
G,3139536,108882,81,3447,1851309,31521,85,3447,979.5,299.9
R,1260583,55724,4362,3447,747797,27675,4349,3447,979.5,299.9
D,NBXX,9999,2.593e-5,1.792e-5,1.079e-5,2.151e-6,2.708e-6,2.192e-6
Y,189197,979.5,299.9,295.8,68.9,13.1,5.7,0,0000
T,2014,09,10,04,02,17
B,259950,17509,133,3448,157091,5669,121,3447,979.5,299.9
G,3139039,107441,109,3448,1847287,31162,65,3447,979.5,299.9
R,1259667,54764,4285,3448,744884,27967,4344,3447,979.5,299.9
D,NBXX,9999,2.507e-5,1.747e-5,1.026e-5,2.181e-6,2.597e-6,2.448e-6
Y,189112,979.5,299.9,295.8,68.9,13.1,5.7,0,0000
T,2014,09,10,04,07,17
B,260962,17704,95,3447,157824,5730,119,3447,979.5,299.9
G,3136634,107497,84,3447,1849648,30898,53,3447,979.5,299.9
R,1260546,54964,4391,3447,743909,27710,4173,3447,979.5,299.9
D,NBXX,9999,2.562e-5,1.753e-5,1.042e-5,2.446e-6,2.532e-6,2.322e-6
Y,189021,979.5,299.9,295.8,69.0,13.1,5.7,0,0000
T,2014,09,10,04,12,17
B,261184,17870,103,3447,157977,5689,85,3448,979.5,299.9
G,3140679,108737,69,3447,1850456,31438,96,3448,979.5,299.9
R,1258966,55383,4380,3447,747402,27855,4139,3448,979.5,299.9
D,NBXX,9999,2.618e-5,1.786e-5,1.075e-5,2.393e-6,2.676e-6,2.456e-6
Y,189266,979.5,299.9,295.8,69.0,13.1,5.7,0,0000
T,2014,09,10,04,17,17
B,260175,17887,130,3447,158305,5904,145,3447,979.4,299.9
G,3137614,107956,110,3447,1851610,31026,80,3447,979.4,299.9
R,1260559,54400,4495,3447,744943,27471,4143,3447,979.4,299.9
D,NBXX,9999,2.616e-5,1.764e-5,1.001e-5,2.835e-6,2.550e-6,2.117e-6
Y,189081,979.4,299.9,295.8,69.0,13.1,5.7,0,0000
T,2014,09,10,04,22,17
B,261058,17512,109,3447,157765,5809,69,3447,979.5,299.9
G,3135502,108906,100,3447,1851535,31352,93,3447,979.5,299.9
R,1261329,55488,4189,3447,746648,27819,4335,3447,979.5,299.9
D,NBXX,9999,2.513e-5,1.796e-5,1.076e-5,2.816e-6,2.658e-6,2.412e-6
Y,188953,979.5,299.9,295.8,69.2,13.1,5.7,0,0000
T,2014,09,10,04,27,17
B,261274,17864,112,3448,158519,5803,98,3447,979.4,299.9
G,3137240,110496,109,3448,1848687,31508,83,3447,979.4,299.9
R,1262659,55647,4390,3448,743128,27922,4218,3447,979.4,299.9
D,NBXX,9999,2.609e-5,1.844e-5,1.076e-5,2.686e-6,2.705e-6,2.408e-6
Y,189003,979.4,299.9,295.8,69.2,13.1,5.7,0,0000
T,2014,09,10,04,32,17
B,260450,18199,107,3447,158235,5684,147,3447,979.4,299.9
G,3135888,109585,77,3447,1848386,31278,75,3447,979.4,299.9
R,1260578,55934,4388,3447,744820,27710,4104,3447,979.4,299.9
D,NBXX,9999,2.715e-5,1.819e-5,1.108e-5,2.205e-6,2.649e-6,2.374e-6
Y,188976,979.4,299.9,295.8,69.3,13.1,5.7,0,0000
T,2014,09,10,04,37,17
B,260413,18558,110,3447,157860,5905,108,3448,979.5,300.0
G,3140211,113913,111,3447,1852870,31930,93,3448,979.5,300.0
R,1260581,55973,4153,3447,744462,28028,4235,3448,979.5,300.0
D,NBXX,9999,2.839e-5,1.948e-5,1.118e-5,3.009e-6,2.818e-6,2.646e-6
Y,189238,979.5,300.0,295.8,69.2,13.1,5.7,0,0000
T,2014,09,10,04,42,17
B,260446,18367,107,3447,157916,5717,128,3447,979.5,299.9
G,3138216,113034,95,3447,1852169,31215,79,3447,979.5,299.9
R,1261288,56504,4284,3447,745677,27605,4272,3447,979.5,299.9
D,NBXX,9999,2.772e-5,1.924e-5,1.137e-5,2.363e-6,2.613e-6,2.255e-6
Y,189117,979.5,299.9,295.8,69.3,13.1,5.7,0,0000
T,2014,09,10,04,47,17
B,260850,18585,108,3448,157733,5853,104,3447,979.6,299.9
G,3137398,114372,81,3448,1852740,31718,85,3447,979.6,299.9
R,1259351,56396,4313,3448,745846,28183,4309,3447,979.6,299.9
D,NBXX,9999,2.839e-5,1.967e-5,1.130e-5,2.849e-6,2.780e-6,2.592e-6
Y,189013,979.6,299.9,295.8,69.3,13.1,5.7,0,0000
T,2014,09,10,04,52,17
B,260971,19119,123,3447,157290,5967,117,3447,979.6,299.9
G,3137113,118422,102,3447,1844942,32179,93,3447,979.6,299.9
R,1260602,57832,4369,3447,745964,27917,4397,3447,979.6,299.9
D,NBXX,9999,2.993e-5,2.094e-5,1.207e-5,3.090e-6,2.913e-6,2.304e-6
Y,189050,979.6,299.9,295.8,69.2,13.1,5.7,0,0000
T,2014,09,10,04,57,17
B,259933,18506,110,3447,157370,5873,89,3448,979.6,299.9
G,3139964,114526,108,3447,1849449,31742,94,3448,979.6,299.9
R,1259089,56510,4301,3447,745699,28075,4374,3448,979.6,299.9
D,NBXX,9999,2.840e-5,1.968e-5,1.134e-5,3.011e-6,2.761e-6,2.479e-6
Y,189223,979.6,299.9,295.8,69.5,13.1,5.7,0,0000
T,2014,09,10,05,02,17
B,260588,18718,117,3447,158584,5743,132,3447,979.6,299.9
G,3137802,114788,86,3447,1846288,31862,78,3447,979.6,299.9
R,1260299,56972,4145,3447,745601,27932,4266,3447,979.6,299.9
D,NBXX,9999,2.874e-5,1.980e-5,1.179e-5,2.384e-6,2.822e-6,2.575e-6
Y,189092,979.6,299.9,295.8,69.5,13.1,5.7,0,0000
T,2014,09,10,05,07,17
B,260497,18746,127,3448,157517,5746,138,3447,979.6,299.9
G,3140870,116958,108,3448,1846051,32194,76,3447,979.6,299.9
R,1258546,57357,4262,3448,743858,28083,4401,3447,979.6,299.9
D,NBXX,9999,2.879e-5,2.044e-5,1.189e-5,2.347e-6,2.912e-6,2.506e-6
Y,189223,979.6,299.9,295.8,69.5,13.1,5.7,0,0000
T,2014,09,10,05,12,17
B,260891,18806,95,3447,158421,5995,110,3447,979.6,299.9
G,3136771,116488,95,3447,1851005,32196,75,3447,979.6,299.9
R,1258073,56944,4176,3447,744783,28079,4349,3447,979.6,299.9
D,NBXX,9999,2.910e-5,2.034e-5,1.175e-5,3.310e-6,2.928e-6,2.605e-6
Y,189030,979.6,299.9,295.8,69.3,13.1,5.7,0,0000
T,2014,09,10,05,17,17
B,259332,19534,125,3447,157846,6081,114,3448,979.7,299.9
G,3138478,119267,88,3447,1849118,32398,87,3448,979.7,299.9
R,1260871,58123,4311,3447,745845,28116,4363,3448,979.7,299.9
D,NBXX,9999,3.161e-5,2.120e-5,1.231e-5,3.559e-6,2.981e-6,2.489e-6
Y,189133,979.7,299.9,295.8,69.3,13.1,5.7,0,0000
T,2014,09,10,05,22,17
B,261046,19230,126,3447,158064,5919,107,3447,979.7,299.9
G,3140602,119487,97,3447,1849991,32495,73,3447,979.7,299.9
R,1260270,57985,4328,3447,745999,27922,4336,3447,979.7,299.9
D,NBXX,9999,3.029e-5,2.124e-5,1.225e-5,2.961e-6,3.010e-6,2.384e-6
Y,189261,979.7,299.9,295.8,69.3,13.1,5.7,0,0000
T,2014,09,10,05,27,17
B,260831,18909,109,3448,157866,5975,86,3447,979.6,299.9
G,3141723,119174,86,3448,1849057,32175,86,3447,979.6,299.9
R,1261093,57505,4146,3448,746128,28239,4311,3447,979.6,299.9
D,NBXX,9999,2.947e-5,2.113e-5,1.208e-5,3.293e-6,2.908e-6,2.732e-6
Y,189274,979.6,299.9,295.8,69.3,13.1,5.7,0,0000
T,2014,09,10,05,32,17
B,260338,19207,120,3447,156978,5820,131,3447,979.7,299.9
G,3139600,117224,98,3447,1849218,32243,70,3447,979.7,299.9
R,1260575,58009,4165,3447,743215,27913,4343,3447,979.7,299.9
D,NBXX,9999,3.031e-5,2.054e-5,1.237e-5,2.634e-6,2.935e-6,2.490e-6
Y,189201,979.7,299.9,295.8,69.3,13.1,5.7,0,0000
T,2014,09,10,05,37,17
B,261180,19219,105,3447,157943,5800,89,3448,979.7,300.0
G,3133277,117133,78,3447,1848666,32423,98,3448,979.7,300.0
R,1261455,57674,4244,3447,746426,28031,4323,3448,979.7,300.0
D,NBXX,9999,3.036e-5,2.059e-5,1.210e-5,2.717e-6,3.006e-6,2.509e-6
Y,188818,979.7,300.0,295.9,69.5,13.1,5.7,0,0000
T,2014,09,10,05,42,17
B,260370,19344,111,3447,158838,5781,100,3447,979.7,300.0
G,3138708,118016,90,3447,1848092,31906,82,3447,979.7,300.0
R,1261603,58190,4237,3447,746512,27903,4405,3447,979.7,300.0
D,NBXX,9999,3.088e-5,2.080e-5,1.236e-5,2.655e-6,2.830e-6,2.377e-6
Y,189147,979.7,300.0,295.9,69.5,13.1,5.7,0,0000
T,2014,09,10,05,47,17
B,259583,19065,108,3448,158043,5885,114,3447,979.8,300.0
G,3140888,119973,111,3448,1846507,32119,74,3447,979.8,300.0
R,1259321,57762,4361,3448,745773,27995,4190,3447,979.8,300.0
D,NBXX,9999,3.014e-5,2.138e-5,1.221e-5,2.999e-6,2.888e-6,2.526e-6
Y,189224,979.8,300.0,295.9,69.5,13.1,5.7,0,0000
T,2014,09,10,05,52,17
B,260080,19234,142,3447,157744,5915,120,3447,979.8,300.0
G,3135177,118783,108,3447,1846639,32294,74,3447,979.8,300.0
R,1259259,57985,4273,3447,744966,28352,4368,3447,979.8,300.0
D,NBXX,9999,3.042e-5,2.108e-5,1.229e-5,2.909e-6,2.960e-6,2.681e-6
Y,188933,979.8,300.0,295.9,69.5,13.1,5.7,0,0000
T,2014,09,10,05,57,17
B,261589,20870,102,3447,157990,6131,102,3448,979.9,300.0
G,3141212,131452,105,3447,1847473,34416,102,3448,979.9,300.0
R,1262054,61566,4361,3447,743492,29032,4305,3448,979.9,300.0
D,NBXX,9999,3.537e-5,2.498e-5,1.445e-5,3.683e-6,3.595e-6,3.060e-6
Y,189298,979.9,300.0,295.9,69.5,13.1,5.7,0,0000
T,2014,09,10,06,02,17
B,260221,19908,119,3447,157817,6046,122,3447,979.9,300.0
G,3137648,122668,103,3447,1850453,32624,70,3447,979.9,300.0
R,1260041,58418,4321,3447,745775,27976,4303,3447,979.9,300.0
D,NBXX,9999,3.257e-5,2.228e-5,1.256e-5,3.385e-6,3.059e-6,2.450e-6
Y,189083,979.9,300.0,295.9,69.5,13.1,5.7,0,0000
T,2014,09,10,06,07,17
B,260401,19797,104,3448,158555,6044,130,3447,979.9,300.0
G,3139877,124400,100,3448,1847158,32365,73,3447,979.9,300.0
R,1259761,59586,4370,3448,744825,28235,4435,3447,979.9,300.0
D,NBXX,9999,3.220e-5,2.279e-5,1.316e-5,3.397e-6,2.973e-6,2.487e-6
Y,189163,979.9,300.0,295.9,69.5,13.1,5.7,0,0000
T,2014,09,10,06,27,17
B,260852,20554,117,3447,158062,6096,102,3447,979.9,300.0
G,3137627,127670,99,3447,1842846,32918,59,3447,979.9,300.0
R,1259322,60959,4266,3447,742246,28912,4235,3447,979.9,300.0
D,NBXX,9999,3.451e-5,2.386e-5,1.426e-5,3.577e-6,3.157e-6,3.135e-6
Y,189081,979.9,300.0,295.8,69.7,13.1,5.7,0,0000
T,2014,09,10,06,32,17
B,261075,20909,110,3448,158216,6064,120,3447,980.0,300.0
G,3139619,130611,89,3448,1851194,33648,85,3447,980.0,300.0
R,1261282,61745,4299,3448,745653,28643,4247,3447,980.0,300.0
D,NBXX,9999,3.553e-5,2.475e-5,1.467e-5,3.427e-6,3.377e-6,2.919e-6
Y,189147,980.0,300.0,295.8,69.7,13.1,5.7,0,0000
T,2014,09,10,06,37,17
B,261166,20790,95,3447,158232,6097,90,3447,980.0,299.9
G,3137125,132112,107,3447,1848415,33654,90,3447,980.0,299.9
R,1260678,62114,4357,3447,743641,28635,4263,3447,980.0,299.9
D,NBXX,9999,3.529e-5,2.525e-5,1.487e-5,3.681e-6,3.376e-6,2.861e-6
Y,189051,980.0,299.9,295.8,69.7,13.1,5.7,0,0000
T,2014,09,10,06,42,17
B,260616,21556,99,3447,158228,6198,108,3448,980.1,299.9
G,3134352,138283,72,3447,1848114,34164,75,3448,980.1,299.9
R,1260663,65201,4380,3447,744428,29145,4238,3448,980.1,299.9
D,NBXX,9999,3.774e-5,2.724e-5,1.681e-5,3.950e-6,3.561e-6,3.179e-6
Y,188883,980.1,299.9,295.8,69.7,13.1,5.7,0,0000
T,2014,09,10,06,47,17
B,260642,22263,118,3447,158331,6230,104,3447,980.1,299.9
G,3133349,142193,88,3447,1848518,34706,87,3447,980.1,299.9
R,1259801,65220,4310,3447,744147,29206,4341,3447,980.1,299.9
D,NBXX,9999,3.989e-5,2.848e-5,1.682e-5,3.999e-6,3.728e-6,3.206e-6
Y,188823,980.1,299.9,295.8,69.7,13.0,5.7,0,0000
T,2014,09,10,06,52,17
B,260498,22287,90,3448,157166,6205,115,3447,980.2,299.9
G,3141562,142084,97,3448,1846906,34880,76,3447,980.2,299.9
R,1260720,65858,4190,3448,743752,29175,4202,3447,980.2,299.9
D,NBXX,9999,4.006e-5,2.833e-5,1.735e-5,3.999e-6,3.758e-6,3.357e-6
Y,189264,980.2,299.9,295.8,69.8,13.1,5.7,0,0000
T,2014,09,10,07,07,17
B,261586,22361,109,3447,157496,6211,109,3447,980.2,299.8
G,3136111,141038,103,3447,1846512,34223,88,3447,980.2,299.8
R,1259015,65144,4390,3447,744774,29130,4200,3447,980.2,299.8
D,NBXX,9999,3.994e-5,2.807e-5,1.681e-5,3.874e-6,3.561e-6,3.197e-6
Y,188990,980.2,299.8,295.7,70.2,13.1,5.7,0,0000
T,2014,09,10,07,12,17
B,261159,22508,115,3448,157931,6335,119,3447,980.2,299.8
G,3135724,145620,89,3448,1841897,35666,80,3447,980.2,299.8
R,1261644,66597,4220,3448,742677,29052,4178,3447,980.2,299.8
D,NBXX,9999,4.045e-5,2.953e-5,1.779e-5,4.238e-6,4.028e-6,3.267e-6
Y,188911,980.2,299.8,295.7,70.2,13.1,5.7,0,0000
T,2014,09,10,07,17,17
B,260033,22562,87,3447,158217,6450,78,3447,980.3,299.7
G,3134238,144382,97,3447,1849121,35075,84,3447,980.3,299.7
R,1257911,66370,4264,3447,746895,29424,4238,3447,980.3,299.7
D,NBXX,9999,4.116e-5,2.913e-5,1.768e-5,4.925e-6,3.826e-6,3.457e-6
Y,188876,980.3,299.7,295.6,70.3,13.1,5.7,0,0000
T,2014,09,10,07,22,17
B,260652,22467,98,3447,158084,6245,113,3448,980.3,299.7
G,3135748,141419,89,3447,1847028,34869,74,3448,980.3,299.7
R,1258540,64780,4240,3447,744306,29075,4233,3448,980.3,299.7
D,NBXX,9999,4.054e-5,2.818e-5,1.668e-5,4.066e-6,3.759e-6,3.248e-6
Y,188968,980.3,299.7,295.6,70.5,13.1,5.7,0,0000
T,2014,09,10,07,27,17
B,260618,22730,118,3447,158185,6163,114,3447,980.3,299.7
G,3131412,144700,88,3447,1846171,34921,77,3447,980.3,299.7
R,1258357,66681,4248,3447,743769,29052,4248,3447,980.3,299.7
D,NBXX,9999,4.129e-5,2.927e-5,1.786e-5,3.742e-6,3.793e-6,3.223e-6
Y,188706,980.3,299.7,295.6,70.5,13.1,5.7,0,0000
T,2014,09,10,07,32,17
B,260933,22568,116,3448,157438,6301,90,3447,980.4,299.8
G,3135577,146040,66,3448,1845396,34689,87,3447,980.4,299.8
R,1258394,67066,4109,3448,744326,29253,4170,3447,980.4,299.8
D,NBXX,9999,4.080e-5,2.967e-5,1.826e-5,4.250e-6,3.726e-6,3.512e-6
Y,188902,980.4,299.8,295.6,70.5,13.1,5.7,0,0000
T,2014,09,10,07,37,17
B,259415,22286,118,3447,157783,6280,113,3447,980.4,299.8
G,3135910,141080,81,3447,1849814,34881,72,3447,980.4,299.8
R,1257708,65073,4176,3447,744911,29173,4084,3447,980.4,299.8
D,NBXX,9999,4.023e-5,2.810e-5,1.704e-5,4.198e-6,3.782e-6,3.478e-6
Y,188978,980.4,299.8,295.6,70.6,13.1,5.7,0,0000
T,2014,09,10,07,42,17
B,261007,22664,109,3447,158054,6162,121,3448,980.4,299.8
G,3132021,142100,85,3447,1847786,34737,74,3448,980.4,299.8
R,1261439,65805,4260,3447,743981,28886,4235,3448,980.4,299.8
D,NBXX,9999,4.099e-5,2.848e-5,1.723e-5,3.713e-6,3.745e-6,3.085e-6
Y,188742,980.4,299.8,295.6,70.6,13.1,5.7,0,0000
T,2014,09,10,07,47,17
B,261591,22666,114,3447,158106,6192,109,3447,980.4,299.7
G,3136955,145635,94,3447,1845023,34969,74,3447,980.4,299.7
R,1260668,66512,4231,3447,744059,29235,4247,3447,980.4,299.7
D,NBXX,9999,4.087e-5,2.949e-5,1.771e-5,3.796e-6,3.788e-6,3.328e-6
Y,189041,980.4,299.7,295.6,70.6,13.1,5.7,0,0000
T,2014,09,10,07,52,17
B,262098,22698,93,3448,158046,6201,113,3447,980.4,299.7
G,3141126,143991,118,3448,1846350,34898,92,3447,980.4,299.7
R,1260432,65817,4240,3448,743094,29028,4225,3447,980.4,299.7
D,NBXX,9999,4.089e-5,2.889e-5,1.728e-5,3.855e-6,3.739e-6,3.215e-6
Y,189238,980.4,299.7,295.6,70.6,13.1,5.7,0,0000
T,2014,09,10,07,57,17
B,261988,22155,135,3447,158610,6081,94,3447,980.5,299.7
G,3138552,142965,85,3447,1850337,34478,76,3447,980.5,299.7
R,1260065,65899,4126,3447,744683,29190,4211,3447,980.5,299.7
D,NBXX,9999,3.915e-5,2.863e-5,1.744e-5,3.402e-6,3.630e-6,3.409e-6
Y,189137,980.5,299.7,295.6,70.6,13.1,5.7,0,0000
T,2014,09,10,08,02,17
B,260313,23214,111,3447,158237,6294,118,3448,980.6,299.7
G,3138611,147823,102,3447,1847829,35309,107,3448,980.6,299.7
R,1258088,67537,4229,3447,744035,29154,4100,3448,980.6,299.7
D,NBXX,9999,4.290e-5,3.014e-5,1.853e-5,4.178e-6,3.871e-6,3.407e-6
Y,189141,980.6,299.7,295.6,70.6,13.1,5.7,0,0000
T,2014,09,10,08,07,17
B,260158,23295,101,3447,157429,6482,115,3447,980.6,299.7
G,3133770,150220,100,3447,1848140,35473,84,3447,980.6,299.7
R,1258312,68681,4168,3447,745118,29581,4281,3447,980.6,299.7
D,NBXX,9999,4.324e-5,3.097e-5,1.916e-5,4.831e-6,3.952e-6,3.590e-6
Y,188848,980.6,299.7,295.6,70.8,13.1,5.7,0,0000
T,2014,09,10,08,12,17
B,261238,23357,120,3448,158216,6304,123,3447,980.6,299.6
G,3136200,148340,102,3448,1848256,36018,102,3447,980.6,299.6
R,1259332,68414,4309,3448,745344,29666,4273,3447,980.6,299.6
D,NBXX,9999,4.304e-5,3.034e-5,1.886e-5,4.103e-6,4.111e-6,3.541e-6
Y,188940,980.6,299.6,295.5,71.0,13.1,5.7,0,0000
T,2014,09,10,08,17,17
B,261509,23494,120,3447,158049,6301,111,3447,980.6,299.6
G,3134096,152667,90,3447,1844537,36011,59,3447,980.6,299.6
R,1260463,68786,4260,3447,743018,29005,4025,3447,980.6,299.6
D,NBXX,9999,4.344e-5,3.175e-5,1.928e-5,4.112e-6,4.133e-6,3.327e-6
Y,188868,980.6,299.6,295.4,71.3,13.1,5.7,0,0000
T,2014,09,10,08,22,17
B,260152,23407,116,3447,157350,6418,104,3448,980.6,299.6
G,3137186,152615,108,3447,1851955,36110,75,3448,980.6,299.6
R,1257969,69281,4157,3447,744708,29445,4213,3448,980.6,299.6
D,NBXX,9999,4.358e-5,3.168e-5,1.961e-5,4.611e-6,4.137e-6,3.561e-6
Y,189055,980.6,299.6,295.4,71.5,13.1,5.7,0,0000
T,2014,09,10,08,27,17
B,260284,23489,113,3447,157958,6221,107,3447,980.6,299.6
G,3138703,150817,98,3447,1844742,35873,105,3447,980.6,299.6
R,1258533,68586,4204,3447,743989,29074,4201,3447,980.6,299.6
D,NBXX,9999,4.380e-5,3.108e-5,1.912e-5,3.990e-6,4.053e-6,3.301e-6
Y,189147,980.6,299.6,295.4,71.6,13.1,5.7,0,0000
T,2014,09,10,08,32,17
B,260629,23758,127,3448,157363,6322,90,3447,980.7,299.6
G,3136820,153593,93,3448,1848547,35719,70,3447,980.7,299.6
R,1258524,68704,4244,3448,744250,29414,4077,3447,980.7,299.6
D,NBXX,9999,4.453e-5,3.200e-5,1.926e-5,4.284e-6,4.029e-6,3.581e-6
Y,188978,980.7,299.6,295.4,71.6,13.1,5.7,0,0000
T,2014,09,10,08,37,17
B,260273,23866,107,3447,157789,6277,118,3447,980.7,299.5
G,3136100,154010,107,3447,1843117,35699,76,3447,980.7,299.5
R,1259162,69054,4174,3447,741622,29579,4215,3447,980.7,299.5
D,NBXX,9999,4.491e-5,3.213e-5,1.941e-5,4.121e-6,4.015e-6,3.625e-6
Y,188989,980.7,299.5,295.4,71.6,13.1,5.7,0,0000
T,2014,09,10,08,42,17
B,260435,23663,96,3447,157772,6386,138,3447,980.7,299.5
G,3131112,155991,91,3447,1847735,35948,93,3447,980.7,299.5
R,1257190,69408,4087,3447,744530,29459,4182,3447,980.7,299.5
D,NBXX,9999,4.420e-5,3.283e-5,1.978e-5,4.417e-6,4.111e-6,3.656e-6
Y,188687,980.7,299.5,295.4,71.8,13.1,5.6,0,0000
T,2014,09,10,08,47,17
B,260657,24574,90,3447,158544,6387,116,3448,980.7,299.5
G,3133357,158158,103,3447,1848239,36198,90,3448,980.7,299.5
R,1256603,70342,4105,3447,744764,29650,4077,3448,980.7,299.5
D,NBXX,9999,4.708e-5,3.348e-5,2.045e-5,4.499e-6,4.175e-6,3.842e-6
Y,188823,980.7,299.5,295.4,71.8,13.1,5.7,0,0000
T,2014,09,10,08,52,17
B,260067,24142,98,3447,156942,6442,83,3447,980.6,299.5
G,3135073,155906,90,3447,1846760,35832,70,3447,980.6,299.5
R,1259856,69010,4061,3447,746012,29089,4126,3447,980.6,299.5
D,NBXX,9999,4.602e-5,3.275e-5,1.951e-5,4.825e-6,4.069e-6,3.457e-6
Y,188927,980.6,299.5,295.4,72.1,13.1,5.7,0,0000
T,2014,09,10,08,57,17
B,260260,24814,91,3448,157410,6547,115,3447,980.7,299.4
G,3139679,159868,87,3448,1843741,36415,64,3447,980.7,299.4
R,1257552,70628,4057,3448,742485,29345,4120,3447,980.7,299.4
D,NBXX,9999,4.795e-5,3.393e-5,2.060e-5,5.041e-6,4.242e-6,3.653e-6
Y,189151,980.7,299.4,295.3,72.3,13.1,5.7,0,0000
T,2014,09,10,09,02,17
B,261378,25532,91,3447,158189,6426,88,3447,980.7,299.4
G,3135975,163122,87,3447,1846727,36927,63,3447,980.7,299.4
R,1258473,70958,3985,3447,742446,29545,4101,3447,980.7,299.4
D,NBXX,9999,4.995e-5,3.501e-5,2.085e-5,4.671e-6,4.414e-6,3.832e-6
Y,188982,980.7,299.4,295.3,72.6,13.1,5.7,0,0000
T,2014,09,10,09,07,17
B,260784,26273,102,3447,158524,6577,95,3448,980.7,299.5
G,3134913,170376,65,3447,1851462,37347,75,3448,980.7,299.5
R,1260852,73172,4063,3447,744968,29643,4015,3448,980.7,299.5
D,NBXX,9999,5.238e-5,3.732e-5,2.218e-5,5.115e-6,4.550e-6,3.870e-6
Y,188917,980.7,299.5,295.4,72.3,13.1,5.7,0,0000
T,2014,09,10,09,12,17
B,261554,25912,114,3447,157405,6568,152,3447,980.7,299.5
G,3134707,169067,96,3447,1846294,36825,81,3447,980.7,299.5
R,1258010,73126,4015,3447,745225,29065,4004,3447,980.7,299.5
D,NBXX,9999,5.077e-5,3.690e-5,2.228e-5,4.786e-6,4.377e-6,3.583e-6
Y,188905,980.7,299.5,295.4,72.1,13.1,5.7,0,0000
T,2014,09,10,09,17,17
B,261278,27193,112,3448,157909,6785,115,3447,980.8,299.6
G,3137252,175689,96,3448,1848160,38878,55,3447,980.8,299.6
R,1256375,74828,4072,3448,744475,30299,4046,3447,980.8,299.6
D,NBXX,9999,5.501e-5,3.895e-5,2.333e-5,5.643e-6,5.026e-6,4.309e-6
Y,189004,980.8,299.6,295.5,72.1,13.1,5.7,0,0000
T,2014,09,10,09,22,17
B,261755,26768,105,3447,158637,6694,105,3447,980.8,299.6
G,3135508,174754,97,3447,1852915,37972,71,3447,980.8,299.6
R,1257386,74480,4010,3447,745616,29756,4019,3447,980.8,299.6
D,NBXX,9999,5.360e-5,3.868e-5,2.315e-5,5.379e-6,4.738e-6,4.017e-6
Y,188953,980.8,299.6,295.5,71.9,13.1,5.7,0,0000
T,2014,09,10,09,27,17
B,261432,27852,110,3447,158171,6707,99,3448,980.8,299.6
G,3135892,181758,102,3447,1846323,38382,102,3448,980.8,299.6
R,1259501,77508,4060,3447,741288,29901,4078,3448,980.8,299.6
D,NBXX,9999,5.708e-5,4.086e-5,2.490e-5,5.441e-6,4.849e-6,4.003e-6
Y,188977,980.8,299.6,295.5,71.8,13.0,5.7,0,0000
T,2014,09,10,09,34,28
B,261371,28151,123,3448,158086,6558,100,3447,980.9,299.6
G,3136083,191330,74,3448,1851950,38301,81,3447,980.9,299.6
R,1258908,80735,4066,3448,744093,30168,4038,3447,980.9,299.6
D,NBXX,9999,5.798e-5,4.389e-5,2.698e-5,4.943e-6,4.848e-6,4.211e-6
Y,188933,980.9,299.6,295.5,71.3,13.1,5.7,0,0000
T,2014,09,10,09,39,28
B,261211,27113,154,3447,158227,6436,101,3447,980.8,299.5
G,3138514,183236,105,3447,1848763,37315,78,3447,980.8,299.5
R,1257915,79060,4008,3447,745451,29717,4033,3447,980.8,299.5
D,NBXX,9999,5.466e-5,4.129e-5,2.600e-5,4.440e-6,4.515e-6,3.978e-6
Y,189135,980.8,299.5,295.4,71.3,13.1,5.7,0,0000
T,2014,09,10,09,44,28
B,261061,27138,104,3447,158582,6490,127,3448,980.9,299.4
G,3135044,178797,79,3447,1849389,37263,86,3448,980.9,299.4
R,1257637,77808,4119,3447,744787,29922,3928,3448,980.9,299.4
D,NBXX,9999,5.487e-5,3.996e-5,2.522e-5,4.700e-6,4.514e-6,4.101e-6
Y,188925,980.9,299.4,295.3,71.8,13.1,5.7,0,0000
T,2014,09,10,09,49,28
B,260155,26216,88,3447,157183,6359,89,3447,980.9,299.4
G,3135106,174870,90,3447,1847653,36779,67,3447,980.9,299.4
R,1255251,75661,3979,3447,742383,29264,3977,3447,980.9,299.4
D,NBXX,9999,5.247e-5,3.872e-5,2.401e-5,4.560e-6,4.368e-6,3.782e-6
Y,188929,980.9,299.4,295.3,71.9,13.1,5.7,0,0000
T,2014,09,10,09,54,28
B,261293,25517,120,3448,157495,6463,111,3447,980.9,299.3
G,3134784,170580,82,3448,1844519,36316,69,3447,980.9,299.3
R,1256854,73883,3946,3448,742375,29319,4090,3447,980.9,299.3
D,NBXX,9999,4.974e-5,3.738e-5,2.278e-5,4.611e-6,4.229e-6,3.747e-6
Y,188855,980.9,299.3,295.2,71.9,13.1,5.7,0,0000
T,2014,09,10,09,59,28
B,261499,25599,103,3447,156156,6301,139,3447,980.9,299.3
G,3131252,167810,103,3447,1842212,36497,67,3447,980.9,299.3
R,1257876,73625,3905,3447,742190,29097,4091,3447,980.9,299.3
D,NBXX,9999,4.990e-5,3.656e-5,2.261e-5,4.046e-6,4.289e-6,3.621e-6
Y,188696,980.9,299.3,295.2,71.9,13.1,5.7,0,0000
T,2014,09,10,11,08,40
B,247264,20797,120,3265,148764,5771,89,3267,980.9,299.5
G,2967604,133140,92,3265,1732995,31653,50,3267,980.9,299.5
R,1193644,61041,3842,3265,699819,26595,3902,3267,980.9,299.5
D,NBXX,9999,3.875e-5,2.795e-5,1.664e-5,3.494e-6,3.313e-6,2.817e-6
Y,188803,980.9,299.5,295.5,69.7,13.1,5.7,0,0008
T,2014,09,10,11,13,40
B,260825,21836,108,3447,157034,6095,116,3447,980.9,299.6
G,3133383,137888,90,3447,1842624,33372,55,3447,980.9,299.6
R,1258356,64207,4085,3447,742995,28249,4048,3447,980.9,299.6
D,NBXX,9999,3.845e-5,2.711e-5,1.657e-5,3.530e-6,3.305e-6,2.982e-6
Y,188825,980.9,299.6,295.6,69.0,13.1,5.7,0,0000
T,2014,09,10,11,18,40
B,259632,21887,98,3448,156023,6102,99,3447,980.9,299.7
G,3129610,138879,68,3448,1831091,33954,63,3447,980.9,299.7
R,1259097,64653,4167,3448,738658,28214,4094,3447,980.9,299.7
D,NBXX,9999,3.901e-5,2.748e-5,1.674e-5,3.739e-6,3.510e-6,2.864e-6
Y,188542,980.9,299.7,295.6,68.9,13.1,5.7,0,0000
T,2014,09,10,11,23,40
B,258974,21358,112,3447,157522,6073,94,3447,980.8,299.7
G,3126210,135632,90,3447,1837934,33005,81,3447,980.8,299.7
R,1257223,63087,4178,3447,742053,27949,4208,3447,980.8,299.7
D,NBXX,9999,3.749e-5,2.649e-5,1.571e-5,3.657e-6,3.204e-6,2.619e-6
Y,188391,980.8,299.7,295.7,67.9,13.1,5.7,0,0000
T,2014,09,10,11,28,40
B,260331,21534,90,3447,156289,5963,117,3448,980.8,299.8
G,3127982,135766,97,3447,1830368,33543,98,3448,980.8,299.8
R,1256513,63231,4290,3447,739605,28678,4177,3448,980.8,299.8
D,NBXX,9999,3.769e-5,2.652e-5,1.576e-5,3.208e-6,3.369e-6,3.021e-6
Y,188498,980.8,299.8,295.7,68.0,13.1,5.7,0,0000
T,2014,09,10,11,33,40
B,260331,21697,119,3423,156395,5936,98,3423,980.8,299.8
G,3107833,134631,92,3423,1826222,33204,71,3423,980.8,299.8
R,1248920,62617,4186,3423,737061,28182,4256,3423,980.8,299.8
D,NBXX,9999,3.817e-5,2.645e-5,1.560e-5,3.093e-6,3.345e-6,2.802e-6
Y,188597,980.8,299.8,295.8,67.9,13.1,5.7,0,0008
T,2014,09,10,11,38,40
B,260160,21425,104,3448,156957,5964,127,3447,980.9,299.9
G,3132798,136146,96,3448,1831561,33394,88,3447,980.9,299.9
R,1258206,63365,4273,3448,739617,28427,4310,3447,980.9,299.9
D,NBXX,9999,3.734e-5,2.658e-5,1.572e-5,3.161e-6,3.316e-6,2.771e-6
Y,188734,980.9,299.9,295.8,68.0,13.1,5.7,0,0000
T,2014,09,10,11,43,40
B,247057,20657,131,3286,149588,5597,101,3289,980.9,299.9
G,2973076,131644,83,3286,1748285,32278,92,3289,980.9,299.9
R,1195377,60231,3967,3286,705488,27162,3963,3289,980.9,299.9
D,NBXX,9999,3.832e-5,2.739e-5,1.591e-5,2.871e-6,3.498e-6,3.028e-6
Y,187939,980.9,299.9,295.9,68.2,13.1,5.7,0,0008
T,2014,09,10,11,48,40
B,249546,20584,112,3310,150289,5685,108,3311,980.8,299.9
G,2997796,130497,95,3310,1761713,31962,93,3311,980.8,299.9
R,1206450,61246,4231,3310,711708,27164,4207,3311,980.8,299.9
D,NBXX,9999,3.745e-5,2.665e-5,1.588e-5,3.039e-6,3.308e-6,2.542e-6
Y,188129,980.8,299.9,295.9,67.9,13.1,5.7,0,0008
T,2014,09,10,11,53,40
B,250428,20255,104,3338,151636,5837,109,3338,980.8,299.9
G,3024182,129735,103,3338,1770883,32298,76,3338,980.8,299.9
R,1218433,60889,4096,3338,716265,27766,4236,3338,980.8,299.9
D,NBXX,9999,3.617e-5,2.603e-5,1.539e-5,3.503e-6,3.333e-6,2.906e-6
Y,188193,980.8,299.9,295.9,67.4,13.1,5.7,0,0008
T,2014,09,10,11,58,40
B,259942,21210,117,3448,157736,6078,102,3447,980.8,299.9
G,3130947,133146,67,3448,1842150,33201,68,3447,980.8,299.9
R,1258661,62940,4506,3448,743785,28563,4441,3447,980.8,299.9
D,NBXX,9999,3.676e-5,2.568e-5,1.517e-5,3.576e-6,3.280e-6,2.586e-6
Y,188623,980.8,299.9,295.9,67.2,13.1,5.7,0,0000
T,2014,09,10,12,03,40
B,260183,20987,90,3447,157810,6019,116,3447,980.8,300.0
G,3126346,134855,96,3447,1847142,33080,90,3447,980.8,300.0
R,1257123,63381,4294,3447,744664,28735,4279,3447,980.8,300.0
D,NBXX,9999,3.605e-5,2.626e-5,1.576e-5,3.416e-6,3.235e-6,2.978e-6
Y,188399,980.8,300.0,295.9,67.6,13.1,5.7,0,0000
T,2014,09,10,12,08,40
B,260000,21584,115,3447,157594,6056,118,3448,980.7,300.0
G,3126356,136769,76,3447,1840222,33357,93,3448,980.7,300.0
R,1260645,63583,4358,3447,744154,28902,4508,3448,980.7,300.0
D,NBXX,9999,3.787e-5,2.687e-5,1.559e-5,3.442e-6,3.326e-6,2.832e-6
Y,188400,980.7,300.0,296.0,66.7,13.1,5.7,0,0000
T,2014,09,10,12,13,40
B,260114,21408,116,3447,157064,6094,122,3447,980.7,300.0
G,3127992,134944,78,3447,1838203,33158,83,3447,980.7,300.0
R,1257343,64160,4422,3447,743836,28880,4353,3447,980.7,300.0
D,NBXX,9999,3.727e-5,2.627e-5,1.610e-5,3.540e-6,3.263e-6,2.920e-6
Y,188499,980.7,300.0,296.0,67.1,13.1,5.7,0,0000
T,2014,09,10,12,18,40
B,260741,21411,151,3448,157616,6206,105,3447,980.7,300.0
G,3127980,136281,77,3448,1843769,33579,95,3447,980.7,300.0
R,1259171,64299,4476,3448,744049,28790,4526,3447,980.7,300.0
D,NBXX,9999,3.706e-5,2.669e-5,1.597e-5,3.786e-6,3.395e-6,2.684e-6
Y,188443,980.7,300.0,296.0,67.6,13.0,5.7,0,0000
T,2014,09,10,12,23,40
B,259822,21925,136,3447,157798,6196,110,3447,980.7,300.0
G,3125227,138567,86,3447,1842177,33944,79,3447,980.7,300.0
R,1258646,64601,4471,3447,743700,28873,4393,3447,980.7,300.0
D,NBXX,9999,3.894e-5,2.746e-5,1.628e-5,3.851e-6,3.519e-6,2.838e-6
Y,188331,980.7,300.0,296.0,67.4,13.1,5.7,0,0000
T,2014,09,10,12,28,40
B,259855,21727,117,3447,157691,6215,131,3448,980.7,300.1
G,3127788,135699,116,3447,1840950,33170,90,3448,980.7,300.1
R,1257613,64125,4462,3447,742909,28956,4348,3448,980.7,300.1
D,NBXX,9999,3.830e-5,2.650e-5,1.605e-5,3.895e-6,3.248e-6,2.935e-6
Y,188486,980.7,300.1,296.1,67.7,13.1,5.7,0,0000
T,2014,09,10,12,33,40
B,261419,21471,104,3447,156828,6089,136,3447,980.7,300.1
G,3123586,136263,85,3447,1835353,33668,95,3447,980.7,300.1
R,1257866,63849,4478,3447,743826,28821,4435,3447,980.7,300.1
D,NBXX,9999,3.713e-5,2.674e-5,1.579e-5,3.426e-6,3.432e-6,2.777e-6
Y,188232,980.7,300.1,296.1,67.1,13.1,5.7,0,0000
T,2014,09,10,12,38,40
B,260384,21788,104,3448,157286,6142,101,3447,980.6,300.1
G,3125266,136056,82,3448,1840498,33440,86,3447,980.6,300.1
R,1258232,63512,4418,3448,745510,28921,4391,3447,980.6,300.1
D,NBXX,9999,3.851e-5,2.666e-5,1.564e-5,3.796e-6,3.362e-6,2.917e-6
Y,188279,980.6,300.1,296.1,67.1,13.1,5.7,0,0000
T,2014,09,10,12,43,40
B,261282,21513,115,3447,157904,6089,101,3447,980.6,300.1
G,3128330,137185,94,3447,1838344,33568,83,3447,980.6,300.1
R,1260850,64058,4508,3447,745300,28960,4500,3447,980.6,300.1
D,NBXX,9999,3.738e-5,2.697e-5,1.577e-5,3.522e-6,3.386e-6,2.767e-6
Y,188519,980.6,300.1,296.1,67.4,13.1,5.7,0,0000
T,2014,09,10,12,48,40
B,259724,21595,117,3447,157863,6185,109,3448,980.5,300.1
G,3125446,136270,96,3447,1839477,33777,89,3448,980.5,300.1
R,1257558,64401,4663,3447,743256,29088,4463,3448,980.5,300.1
D,NBXX,9999,3.803e-5,2.672e-5,1.599e-5,3.904e-6,3.456e-6,2.787e-6
Y,188345,980.5,300.1,296.1,67.4,13.1,5.7,0,0000
T,2014,09,10,12,53,40
B,259559,21572,136,3447,157731,6026,135,3447,980.5,300.1
G,3124112,136804,84,3447,1836881,33719,113,3447,980.5,300.1
R,1257803,63642,4529,3447,743889,29431,4419,3447,980.5,300.1
D,NBXX,9999,3.784e-5,2.690e-5,1.564e-5,3.259e-6,3.440e-6,3.136e-6
Y,188264,980.5,300.1,296.1,67.6,13.1,5.7,0,0000
T,2014,09,10,12,58,40
B,259722,21763,116,3448,158115,6070,94,3447,980.5,300.1
G,3128175,136805,94,3448,1841296,33797,98,3447,980.5,300.1
R,1260190,65195,4479,3448,742432,29405,4541,3447,980.5,300.1
D,NBXX,9999,3.861e-5,2.685e-5,1.650e-5,3.613e-6,3.456e-6,3.049e-6
Y,188455,980.5,300.1,296.1,67.9,13.1,5.7,0,0000
T,2014,09,10,13,03,40
B,259536,21998,149,3447,156692,6067,134,3447,980.4,300.1
G,3126135,137539,113,3447,1845030,34086,75,3447,980.4,300.1
R,1257391,64942,4672,3447,745165,29292,4628,3447,980.4,300.1
D,NBXX,9999,3.914e-5,2.711e-5,1.621e-5,3.346e-6,3.553e-6,2.794e-6
Y,188386,980.4,300.1,296.1,67.6,13.1,5.7,0,0000
T,2014,09,10,13,08,40
B,260336,21922,107,3447,157733,6182,123,3447,980.4,300.1
G,3128408,138724,116,3447,1842188,34296,103,3447,980.4,300.1
R,1259496,64874,4542,3447,744121,29369,4609,3447,980.4,300.1
D,NBXX,9999,3.888e-5,2.744e-5,1.622e-5,3.842e-6,3.600e-6,2.932e-6
Y,188524,980.4,300.1,296.1,67.9,13.1,5.7,0,0000
T,2014,09,10,13,13,40
B,260085,21714,165,3447,157132,6036,105,3448,980.3,300.2
G,3125001,140587,98,3447,1839715,34290,93,3448,980.3,300.2
R,1260685,65292,4602,3447,742732,29498,4588,3448,980.3,300.2
D,NBXX,9999,3.815e-5,2.809e-5,1.642e-5,3.253e-6,3.617e-6,2.969e-6
Y,188318,980.3,300.2,296.2,67.7,13.1,5.7,0,0000
T,2014,09,10,13,18,40
B,260263,22803,103,3447,157030,6269,127,3447,980.3,300.2
G,3121896,145480,70,3447,1840177,34476,92,3447,980.3,300.2
R,1260619,67590,4637,3447,744831,29897,4619,3447,980.3,300.2
D,NBXX,9999,4.165e-5,2.969e-5,1.782e-5,4.120e-6,3.700e-6,3.177e-6
Y,188130,980.3,300.2,296.2,68.2,13.1,5.7,0,0000
T,2014,09,10,13,23,40
B,259879,22559,117,3448,157746,6240,118,3447,980.3,300.3
G,3131743,143211,110,3448,1845686,34499,74,3447,980.3,300.3
R,1262444,66136,4555,3448,746205,29707,4557,3447,980.3,300.3
D,NBXX,9999,4.100e-5,2.882e-5,1.696e-5,4.058e-6,3.668e-6,3.150e-6
Y,188671,980.3,300.3,296.3,67.9,13.1,5.7,0,0000
T,2014,09,10,13,28,40
B,260025,22163,123,3447,157762,6139,113,3447,980.2,300.4
G,3127837,142393,97,3447,1838075,34399,92,3447,980.2,300.4
R,1260762,66442,4566,3447,744458,29889,4708,3447,980.2,300.4
D,NBXX,9999,3.972e-5,2.862e-5,1.708e-5,3.722e-6,3.645e-6,3.158e-6
Y,188489,980.2,300.4,296.4,66.9,13.1,5.7,0,0000
T,2014,09,10,13,33,40
B,259343,21932,106,3447,157483,6075,110,3448,980.2,300.4
G,3129442,138815,88,3447,1839804,34573,94,3448,980.2,300.4
R,1261154,64876,4665,3447,742268,29795,4608,3448,980.2,300.4
D,NBXX,9999,3.925e-5,2.747e-5,1.609e-5,3.637e-6,3.694e-6,3.091e-6
Y,188586,980.2,300.4,296.4,66.9,13.1,5.7,0,0000
T,2014,09,10,13,38,40
B,259938,21605,128,3447,157349,6076,117,3447,980.1,300.5
G,3125572,137616,97,3447,1835006,33693,93,3447,980.1,300.5
R,1263029,64774,4782,3447,742517,29497,4765,3447,980.1,300.5
D,NBXX,9999,3.796e-5,2.717e-5,1.580e-5,3.498e-6,3.443e-6,2.704e-6
Y,188352,980.1,300.5,296.4,67.4,13.1,5.7,0,0000
T,2014,09,10,13,43,40
B,261982,21535,130,3448,157384,6020,102,3447,980.1,300.5
G,3130150,137283,88,3448,1834894,34055,87,3447,980.1,300.5
R,1259494,65281,4650,3448,742298,29763,4725,3447,980.1,300.5
D,NBXX,9999,3.727e-5,2.701e-5,1.634e-5,3.235e-6,3.550e-6,3.034e-6
Y,188574,980.1,300.5,296.5,66.9,13.1,5.7,0,0000
T,2014,09,10,13,48,40
B,260235,21913,117,3447,157732,6256,121,3447,980.1,300.5
G,3129240,138473,115,3447,1839702,34053,73,3447,980.1,300.5
R,1261625,65272,4646,3447,745994,30167,4624,3447,980.1,300.5
D,NBXX,9999,3.887e-5,2.739e-5,1.635e-5,4.066e-6,3.545e-6,3.340e-6
Y,188574,980.1,300.5,296.5,66.9,13.1,5.7,0,0000
T,2014,09,10,13,53,40
B,260469,22059,113,3447,156333,6048,137,3448,980.0,300.6
G,3125667,139149,82,3447,1832146,34328,100,3448,980.0,300.6
R,1261476,66717,4827,3447,739678,29933,4548,3448,980.0,300.6
D,NBXX,9999,3.925e-5,2.765e-5,1.719e-5,3.364e-6,3.643e-6,3.114e-6
Y,188358,980.0,300.6,296.6,66.7,13.1,5.7,0,0000
T,2014,09,10,13,58,40
B,248266,20936,112,3288,149370,6090,126,3288,980.0,300.6
G,2979649,134413,107,3288,1749935,32821,83,3288,980.0,300.6
R,1202900,63807,4475,3288,708870,28858,4579,3288,980.0,300.6
D,NBXX,9999,3.896e-5,2.823e-5,1.723e-5,4.437e-6,3.672e-6,3.238e-6
Y,188241,980.0,300.6,296.6,66.6,13.1,5.7,0,0008
T,2014,09,10,14,03,40
B,228448,20280,85,3013,138200,5305,104,3010,979.9,300.7
G,2739149,136770,83,3013,1616596,32150,80,3010,979.9,300.7
R,1106649,65573,4191,3013,653360,27582,4205,3010,979.9,300.7
D,NBXX,9999,4.270e-5,3.300e-5,2.209e-5,3.515e-6,4.401e-6,3.939e-6
Y,188844,979.9,300.7,296.7,67.2,13.1,5.7,0,0008
T,2014,09,10,14,08,40
B,258334,23043,120,3425,155526,6265,122,3425,979.9,300.7
G,3111197,151718,108,3425,1822452,35654,97,3425,979.9,300.7
R,1256489,73743,4766,3425,738628,30812,4659,3425,979.9,300.7
D,NBXX,9999,4.295e-5,3.184e-5,2.172e-5,4.231e-6,4.109e-6,3.683e-6
Y,188692,979.9,300.7,296.7,66.6,13.1,5.7,0,0008
T,2014,09,10,14,13,40
B,257175,21681,117,3416,156415,6004,128,3417,979.9,300.8
G,3094943,137656,114,3416,1821192,33906,105,3417,979.9,300.8
R,1250793,65923,4742,3416,736342,30126,4929,3417,979.9,300.8
D,NBXX,9999,3.895e-5,2.760e-5,1.677e-5,3.473e-6,3.602e-6,3.120e-6
Y,188199,979.9,300.8,296.7,66.4,13.1,5.7,0,0008
T,2014,09,10,14,18,40
B,259696,21735,105,3447,157143,6243,138,3447,979.8,300.8
G,3125328,139687,120,3447,1838516,34372,70,3447,979.8,300.8
R,1263083,66073,4942,3447,744473,30600,4807,3447,979.8,300.8
D,NBXX,9999,3.847e-5,2.783e-5,1.647e-5,4.059e-6,3.658e-6,3.249e-6
Y,188338,979.8,300.8,296.8,66.1,13.1,5.7,0,0000
T,2014,09,10,14,23,40
B,260487,21441,117,3448,157869,6048,117,3447,979.8,300.8
G,3125297,136032,98,3448,1838714,33479,97,3447,979.8,300.8
R,1264144,65539,4975,3448,747837,30311,4908,3447,979.8,300.8
D,NBXX,9999,3.738e-5,2.667e-5,1.601e-5,3.431e-6,3.378e-6,2.964e-6
Y,188281,979.8,300.8,296.8,65.8,13.1,5.7,0,0000
T,2014,09,10,14,28,40
B,254138,20857,152,3355,152900,5927,99,3355,979.8,300.8
G,3057746,131313,116,3355,1796856,32973,84,3355,979.8,300.8
R,1237383,63664,4855,3355,726725,29376,4788,3355,979.8,300.8
D,NBXX,9999,3.710e-5,2.609e-5,1.572e-5,3.426e-6,3.441e-6,2.795e-6
Y,189322,979.8,300.8,296.8,65.6,13.1,5.7,0,0008
T,2014,09,10,14,33,40
B,246086,20508,119,3290,150095,5836,103,3291,979.7,300.9
G,2967225,129927,97,3290,1746698,32444,75,3291,979.7,300.9
R,1197823,62276,4754,3290,709510,29269,4962,3291,979.7,300.9
D,NBXX,9999,3.823e-5,2.693e-5,1.586e-5,3.835e-6,3.596e-6,3.048e-6
Y,187339,979.7,300.9,296.8,65.8,13.1,5.7,0,0008
T,2014,09,10,14,38,40
B,259691,21268,125,3447,157892,6133,143,3447,979.7,300.9
G,3123127,137290,113,3447,1842675,33873,78,3447,979.7,300.9
R,1262797,65887,4927,3447,747498,30495,5185,3447,979.7,300.9
D,NBXX,9999,3.694e-5,2.710e-5,1.610e-5,3.638e-6,3.508e-6,2.921e-6
Y,188204,979.7,300.9,296.9,65.6,12.9,5.7,0,0000
T,2014,09,10,14,43,40
B,259913,21775,153,3448,156939,6054,149,3447,979.6,300.9
G,3128052,137295,104,3448,1838669,33694,94,3447,979.6,300.9
R,1263334,66081,5168,3448,747585,30635,5129,3447,979.6,300.9
D,NBXX,9999,3.835e-5,2.703e-5,1.607e-5,3.257e-6,3.435e-6,2.873e-6
Y,188447,979.6,300.9,296.9,65.5,13.1,5.7,0,0000
T,2014,09,10,14,48,40
B,260513,21866,138,3447,157273,6139,144,3447,979.6,301.0
G,3120766,138472,110,3447,1837020,33982,94,3447,979.6,301.0
R,1266145,66330,5059,3447,744730,30694,5248,3447,979.6,301.0
D,NBXX,9999,3.855e-5,2.750e-5,1.617e-5,3.548e-6,3.546e-6,2.886e-6
Y,188062,979.6,301.0,296.9,65.8,13.1,5.7,0,0000
T,2014,09,10,14,53,40
B,259540,23527,151,3447,157669,6547,177,3448,979.6,301.0
G,3122992,149477,114,3447,1836365,36602,69,3448,979.6,301.0
R,1262983,70050,5217,3447,745153,31586,5151,3448,979.6,301.0
D,NBXX,9999,4.385e-5,3.096e-5,1.855e-5,4.723e-6,4.371e-6,3.426e-6
Y,188196,979.6,301.0,296.9,65.1,13.1,5.7,0,0000
T,2014,09,10,14,58,40
B,258943,22861,124,3447,157978,6407,150,3447,979.5,301.0
G,3128106,144443,127,3447,1844937,35538,85,3447,979.5,301.0
R,1264510,68634,5269,3447,749519,31203,5144,3447,979.5,301.0
D,NBXX,9999,4.212e-5,2.928e-5,1.759e-5,4.530e-6,4.009e-6,3.143e-6
Y,188506,979.5,301.0,296.9,65.3,13.1,5.7,0,0000
T,2014,09,10,15,03,40
B,258990,22002,155,3448,156867,6116,107,3447,979.5,301.0
G,3125564,138334,126,3448,1837374,34458,99,3447,979.5,301.0
R,1261647,66139,5320,3448,745242,31237,5140,3447,979.5,301.0
D,NBXX,9999,3.945e-5,2.738e-5,1.606e-5,3.661e-6,3.675e-6,3.162e-6
Y,188297,979.5,301.0,297.0,65.1,13.1,5.7,0,0000
T,2014,09,10,15,08,40
B,258616,21869,108,3447,158056,6041,107,3447,979.4,301.0
G,3122259,139492,111,3447,1841647,34060,78,3447,979.4,301.0
R,1262262,66427,5233,3447,746315,31242,5097,3447,979.4,301.0
D,NBXX,9999,3.930e-5,2.781e-5,1.632e-5,3.618e-6,3.571e-6,3.249e-6
Y,188152,979.4,301.0,297.0,65.3,13.1,5.7,0,0000
