T,2014,09,01,00,03,45
B,265114,25826,169,3447,161162,6809,155,3447,980.8,301.5
G,3152948,176067,134,3447,1862736,39948,104,3447,980.8,301.5
R,1288479,87459,5956,3447,763218,35619,5986,3447,980.8,301.5
D,NBXX,9999,4.940e-5,3.884e-5,2.740e-5,5.141e-6,5.305e-6,4.531e-6
Y,190008,980.8,301.5,297.2,72.6,13.1,5.7,0,0000
T,2014,09,01,00,08,45
B,264123,24271,155,3447,160449,6734,150,3448,980.9,301.4
G,3150305,163971,123,3447,1858563,39100,118,3448,980.9,301.4
R,1289119,83724,5872,3447,762423,34997,5945,3448,980.9,301.4
D,NBXX,9999,4.496e-5,3.507e-5,2.517e-5,5.046e-6,5.032e-6,4.226e-6
Y,189848,980.9,301.4,297.2,73.2,12.9,5.7,0,0000
T,2014,09,01,00,13,45
B,265480,23901,166,3447,160574,6780,184,3447,980.9,301.4
G,3154190,162566,135,3447,1857410,38782,131,3447,980.9,301.4
R,1287872,83261,5951,3447,760357,34834,5917,3447,980.9,301.4
D,NBXX,9999,4.330e-5,3.455e-5,2.489e-5,4.932e-6,4.912e-6,4.107e-6
Y,190083,980.9,301.4,297.2,74.4,13.1,5.7,0,0000
T,2014,09,01,00,18,45
B,265270,24490,140,3448,160771,6822,139,3447,980.9,301.4
G,3152637,165736,138,3448,1858043,38896,111,3447,980.9,301.4
R,1287587,83878,5865,3448,761590,35411,5958,3447,980.9,301.4
D,NBXX,9999,4.541e-5,3.558e-5,2.531e-5,5.335e-6,4.963e-6,4.502e-6
Y,189934,980.9,301.4,297.2,74.5,13.1,5.7,0,0000
T,2014,09,01,00,23,45
B,264191,25684,137,3447,160862,6956,123,3447,980.9,301.4
G,3149961,172862,138,3447,1862347,40373,98,3447,980.9,301.4
R,1288850,85803,5829,3447,763143,35013,5872,3447,980.9,301.4
D,NBXX,9999,4.946e-5,3.786e-5,2.654e-5,5.891e-6,5.438e-6,4.326e-6
Y,189828,980.9,301.4,297.1,74.1,13.1,5.7,0,0000
T,2014,09,01,00,28,45
B,264832,25823,147,3447,160082,7031,129,3448,980.8,301.3
G,3151919,170979,107,3447,1857395,40269,121,3448,980.8,301.3
R,1286219,86123,5927,3447,761917,35327,5791,3448,980.8,301.3
D,NBXX,9999,4.964e-5,3.727e-5,2.681e-5,6.009e-6,5.410e-6,4.530e-6
Y,189946,980.8,301.3,297.1,74.1,13.1,5.7,0,0000
T,2014,09,01,00,33,45
B,266332,25961,156,3447,160065,6921,146,3447,980.8,301.3
G,3150506,170704,114,3447,1859859,39808,106,3447,980.8,301.3
R,1285773,85001,6037,3447,761509,35300,5909,3447,980.8,301.3
D,NBXX,9999,4.953e-5,3.721e-5,2.597e-5,5.471e-6,5.277e-6,4.360e-6
Y,189861,980.8,301.3,297.1,74.2,13.1,5.7,0,0000
T,2014,09,01,00,38,45
B,265684,25045,148,3448,160910,6894,175,3447,980.8,301.3
G,3154089,168966,118,3448,1860330,39629,104,3447,980.8,301.3
R,1286829,84830,5853,3448,763816,34988,5737,3447,980.8,301.3
D,NBXX,9999,4.684e-5,3.660e-5,2.608e-5,5.369e-6,5.210e-6,4.416e-6
Y,190022,980.8,301.3,297.1,74.2,13.1,5.7,0,0000
T,2014,09,01,00,43,45
B,265439,24912,172,3447,160385,6986,152,3447,980.8,301.3
G,3154073,168307,115,3447,1857870,39221,123,3447,980.8,301.3
R,1289791,84631,5848,3447,763107,35260,5734,3447,980.8,301.3
D,NBXX,9999,4.650e-5,3.639e-5,2.587e-5,5.660e-6,5.073e-6,4.554e-6
Y,190076,980.8,301.3,297.1,74.2,13.1,5.7,0,0000
T,2014,09,01,00,48,45
B,265088,24896,148,3447,161379,6761,126,3448,980.8,301.3
G,3157573,166465,135,3447,1855904,39060,129,3448,980.8,301.3
R,1287350,84540,5847,3447,760192,35243,5838,3448,980.8,301.3
D,NBXX,9999,4.672e-5,3.575e-5,2.582e-5,5.168e-6,4.996e-6,4.490e-6
Y,190288,980.8,301.3,297.1,74.4,13.1,5.7,0,0000
T,2014,09,01,00,53,45
B,266181,24838,161,3447,160525,6775,133,3447,980.7,301.3
G,3156160,167415,121,3447,1862279,39526,144,3447,980.7,301.3
R,1287269,84750,5818,3447,759494,34999,5754,3447,980.7,301.3
D,NBXX,9999,4.617e-5,3.607e-5,2.603e-5,5.064e-6,5.151e-6,4.426e-6
Y,190203,980.7,301.3,297.1,74.4,13.1,5.7,0,0000
T,2014,09,01,00,58,45
B,265740,25103,165,3448,161340,6783,149,3447,980.7,301.3
G,3154562,167796,122,3448,1859573,38966,110,3447,980.7,301.3
R,1286991,84464,5809,3448,762856,34976,5755,3447,980.7,301.3
D,NBXX,9999,4.703e-5,3.623e-5,2.587e-5,5.056e-6,4.997e-6,4.426e-6
Y,190051,980.7,301.3,297.1,74.5,13.1,5.7,0,0000
T,2014,09,01,01,03,45
B,265263,24940,137,3447,161187,6753,150,3447,980.7,301.3
G,3152552,167702,130,3447,1859366,39497,92,3447,980.7,301.3
R,1287387,84044,5753,3447,761491,34985,5879,3447,980.7,301.3
D,NBXX,9999,4.676e-5,3.623e-5,2.555e-5,5.090e-6,5.171e-6,4.374e-6
Y,189984,980.7,301.3,297.1,74.4,13.1,5.7,0,0000
T,2014,09,01,01,08,45
B,264394,25278,139,3447,160123,6869,146,3448,980.7,301.3
G,3153263,169426,120,3447,1859073,39291,103,3448,980.7,301.3
R,1288686,84602,5730,3447,761361,34793,5847,3448,980.7,301.3
D,NBXX,9999,4.806e-5,3.676e-5,2.589e-5,5.513e-6,5.100e-6,4.276e-6
Y,190027,980.7,301.3,297.0,74.4,13.1,5.7,0,0000
T,2014,09,01,01,13,45
B,265578,25750,146,3447,161168,6898,147,3447,980.7,301.3
G,3154356,171893,129,3447,1857589,39674,99,3447,980.7,301.3
R,1286913,85379,5814,3447,760952,35046,5940,3447,980.7,301.3
D,NBXX,9999,4.914e-5,3.751e-5,2.630e-5,5.489e-6,5.217e-6,4.329e-6
Y,190093,980.7,301.3,297.1,74.4,13.1,5.7,0,0000
T,2014,09,01,01,18,45
B,264633,26125,168,3448,159524,6648,147,3447,980.6,301.3
G,3152284,173912,140,3448,1859850,39073,115,3447,980.6,301.3
R,1288544,84908,5954,3448,761672,34999,5855,3447,980.6,301.3
D,NBXX,9999,5.049e-5,3.817e-5,2.592e-5,4.720e-6,5.031e-6,4.249e-6
Y,189913,980.6,301.3,297.1,74.2,13.1,5.7,0,0000
T,2014,09,01,01,23,45
B,267033,25997,169,3447,161381,6800,148,3447,980.6,301.3
G,3152169,172752,131,3447,1865436,39328,105,3447,980.6,301.3
R,1288131,84713,5686,3447,762861,34734,5661,3447,980.6,301.3
D,NBXX,9999,4.938e-5,3.782e-5,2.614e-5,4.996e-6,5.115e-6,4.415e-6
Y,189961,980.6,301.3,297.1,74.2,13.1,5.7,0,0000
T,2014,09,01,01,28,45
B,265527,25934,121,3447,161365,6863,116,3448,980.6,301.3
G,3157620,174395,130,3447,1854378,39558,100,3448,980.6,301.3
R,1286780,85550,5696,3447,761718,35299,5668,3448,980.6,301.3
D,NBXX,9999,4.991e-5,3.824e-5,2.669e-5,5.579e-6,5.164e-6,4.760e-6
Y,190291,980.6,301.3,297.1,74.1,13.1,5.7,0,0000
T,2014,09,01,01,33,45
B,265089,26210,139,3447,161140,6960,141,3447,980.5,301.4
G,3149752,173244,96,3447,1859788,39623,95,3447,980.5,301.4
R,1287959,85448,5716,3447,762849,34739,5713,3447,980.5,301.4
D,NBXX,9999,5.074e-5,3.803e-5,2.654e-5,5.763e-6,5.233e-6,4.361e-6
Y,189815,980.5,301.4,297.1,73.9,13.1,5.7,0,0000
T,2014,09,01,01,38,45
B,264771,26569,168,3447,160144,6912,145,3447,980.5,301.4
G,3152293,175363,135,3447,1859371,40053,94,3447,980.5,301.4
R,1285957,85155,5666,3447,760088,35425,5559,3447,980.5,301.4
D,NBXX,9999,5.182e-5,3.863e-5,2.657e-5,5.522e-6,5.344e-6,4.951e-6
Y,189969,980.5,301.4,297.2,73.7,13.1,5.7,0,0000
T,2014,09,01,01,43,45
B,266184,26558,131,3448,161072,6822,127,3447,980.5,301.4
G,3155589,176667,86,3448,1861954,39748,120,3447,980.5,301.4
R,1288936,84872,5679,3448,763447,35507,5713,3447,980.5,301.4
D,NBXX,9999,5.155e-5,3.899e-5,2.618e-5,5.341e-6,5.247e-6,4.855e-6
Y,190113,980.5,301.4,297.2,73.6,13.1,5.7,0,0000
T,2014,09,01,01,48,45
B,266337,26349,152,3447,160926,6928,146,3447,980.5,301.4
G,3155485,174351,95,3447,1863074,39695,115,3447,980.5,301.4
R,1288995,85437,5811,3447,762598,35142,5749,3447,980.5,301.4
D,NBXX,9999,5.073e-5,3.827e-5,2.641e-5,5.506e-6,5.226e-6,4.505e-6
Y,190162,980.5,301.4,297.1,73.4,13.1,5.7,0,0000
T,2014,09,01,01,53,45
B,265014,26052,147,3447,160405,6861,157,3448,980.5,301.3
G,3157395,174115,123,3447,1859424,39407,120,3448,980.5,301.3
R,1291322,84724,5585,3447,761583,35074,5645,3448,980.5,301.3
D,NBXX,9999,5.019e-5,3.815e-5,2.612e-5,5.373e-6,5.113e-6,4.669e-6
Y,190277,980.5,301.3,297.1,73.1,13.1,5.7,0,0000
T,2014,09,01,01,58,45
B,265563,25730,149,3447,160753,6829,141,3447,980.5,301.3
G,3156922,172520,123,3447,1858270,39948,121,3447,980.5,301.3
R,1287082,85014,5840,3447,760801,35536,5616,3447,980.5,301.3
D,NBXX,9999,4.909e-5,3.766e-5,2.628e-5,5.290e-6,5.287e-6,4.842e-6
Y,190249,980.5,301.3,297.1,73.2,13.1,5.7,0,0000
T,2014,09,01,02,03,45
B,265812,25745,134,3448,160481,6804,169,3447,980.5,301.4
G,3157438,170432,127,3448,1856674,39663,120,3447,980.5,301.4
R,1287439,84490,5706,3448,760144,35800,5765,3447,980.5,301.4
D,NBXX,9999,4.902e-5,3.700e-5,2.594e-5,5.154e-6,5.199e-6,4.995e-6
Y,190224,980.5,301.4,297.1,73.4,13.1,5.7,0,0000
T,2014,09,01,02,08,45
B,264850,26076,130,3447,161018,7073,166,3447,980.5,301.4
G,3155794,173394,109,3447,1857799,40084,104,3447,980.5,301.4
R,1285189,84271,5702,3447,760943,34659,5669,3447,980.5,301.4
D,NBXX,9999,5.034e-5,3.796e-5,2.595e-5,6.072e-6,5.345e-6,4.382e-6
Y,190180,980.5,301.4,297.1,73.4,13.1,5.7,0,0000
T,2014,09,01,02,13,45
B,265923,26013,185,3447,161117,6975,142,3448,980.6,301.3
G,3157699,174114,105,3447,1856096,39648,122,3448,980.6,301.3
R,1282912,85216,5816,3447,757839,35376,5597,3448,980.6,301.3
D,NBXX,9999,4.972e-5,3.815e-5,2.659e-5,5.572e-6,5.193e-6,4.813e-6
Y,190296,980.6,301.3,297.1,73.6,13.1,5.7,0,0000
T,2014,09,01,02,18,45
B,265346,26424,124,3447,160540,6934,137,3447,980.6,301.3
G,3154110,176093,139,3447,1853671,40123,89,3447,980.6,301.3
R,1286356,84377,5785,3447,760023,34968,5674,3447,980.6,301.3
D,NBXX,9999,5.138e-5,3.883e-5,2.591e-5,5.731e-6,5.359e-6,4.497e-6
Y,190079,980.6,301.3,297.1,73.7,13.1,5.7,0,0000
T,2014,09,01,02,23,45
B,266103,26443,144,3448,160553,6924,174,3447,980.6,301.3
G,3154872,175568,111,3448,1856639,39482,95,3447,980.6,301.3
R,1288494,84999,5618,3448,759563,35031,5752,3447,980.6,301.3
D,NBXX,9999,5.102e-5,3.866e-5,2.629e-5,5.447e-6,5.167e-6,4.583e-6
Y,190069,980.6,301.3,297.1,73.6,13.1,5.7,0,0000
T,2014,09,01,02,28,45
B,265612,25920,151,3447,160475,6974,151,3447,980.6,301.3
G,3153815,174895,134,3447,1856200,39993,122,3447,980.6,301.3
R,1286797,84950,5759,3447,758946,34673,5712,3447,980.6,301.3
D,NBXX,9999,4.962e-5,3.845e-5,2.624e-5,5.688e-6,5.309e-6,4.303e-6
Y,190061,980.6,301.3,297.1,73.6,13.1,5.7,0,0000
T,2014,09,01,02,33,45
B,263940,26309,138,3447,161164,7002,156,3448,980.5,301.3
G,3148310,176445,121,3447,1857663,39703,112,3448,980.5,301.3
R,1284672,84587,5752,3447,761062,35130,5594,3448,980.5,301.3
D,NBXX,9999,5.134e-5,3.904e-5,2.618e-5,5.925e-6,5.245e-6,4.691e-6
Y,189728,980.5,301.3,297.1,73.4,13.1,5.7,0,0000
T,2014,09,01,02,38,45
B,265715,26563,155,3447,160655,6903,134,3447,980.5,301.3
G,3157111,175540,108,3447,1863634,39640,115,3447,980.5,301.3
R,1288102,84446,5828,3447,762644,34982,5830,3447,980.5,301.3
D,NBXX,9999,5.160e-5,3.861e-5,2.576e-5,5.509e-6,5.198e-6,4.346e-6
Y,190260,980.5,301.3,297.1,73.2,13.1,5.7,0,0000
T,2014,09,01,02,43,45
B,264793,26657,133,3448,161247,6735,128,3447,980.5,301.3
G,3156456,177708,124,3448,1859512,40089,103,3447,980.5,301.3
R,1286521,84742,5661,3448,761268,35467,5699,3447,980.5,301.3
D,NBXX,9999,5.227e-5,3.930e-5,2.620e-5,5.168e-6,5.343e-6,4.879e-6
Y,190165,980.5,301.3,297.1,73.1,13.1,5.7,0,0000
T,2014,09,01,02,48,45
B,265819,27380,164,3447,160298,6844,159,3447,980.6,301.3
G,3154212,179605,132,3447,1855139,40116,97,3447,980.6,301.3
R,1284242,85154,5507,3447,759283,35031,5633,3447,980.6,301.3
D,NBXX,9999,5.395e-5,3.993e-5,2.669e-5,5.199e-6,5.356e-6,4.787e-6
Y,190085,980.6,301.3,297.1,73.1,13.1,5.7,0,0000
T,2014,09,01,02,53,45
B,264391,27192,150,3447,160250,6950,145,3448,980.6,301.3
G,3156332,180612,117,3447,1858009,40206,89,3448,980.6,301.3
R,1287688,86246,5804,3447,760390,34798,5638,3448,980.6,301.3
D,NBXX,9999,5.392e-5,4.021e-5,2.703e-5,5.727e-6,5.380e-6,4.386e-6
Y,190213,980.6,301.3,297.1,73.4,13.1,5.7,0,0000
T,2014,09,01,02,58,45
B,264797,26954,145,3447,160888,7006,122,3447,980.6,301.3
G,3151759,178085,137,3447,1862189,40254,116,3447,980.6,301.3
R,1287346,85752,5557,3447,763311,34895,5599,3447,980.6,301.3
D,NBXX,9999,5.316e-5,3.949e-5,2.694e-5,5.973e-6,5.400e-6,4.659e-6
Y,189936,980.6,301.3,297.1,72.9,13.1,5.7,0,0000
T,2014,09,01,03,03,45
B,265292,26805,143,3448,160766,6973,105,3447,980.6,301.3
G,3154789,179628,82,3448,1859978,40359,109,3447,980.6,301.3
R,1286565,85650,5595,3448,761210,34775,5789,3447,980.6,301.3
D,NBXX,9999,5.261e-5,3.994e-5,2.674e-5,5.907e-6,5.447e-6,4.435e-6
Y,190064,980.6,301.3,297.1,72.9,13.1,5.7,0,0000
T,2014,09,01,03,08,45
B,265686,27336,135,3447,161886,7004,167,3447,980.6,301.3
G,3151137,178084,128,3447,1865306,39919,97,3447,980.6,301.3
R,1284088,85313,5562,3447,764499,35000,5712,3447,980.6,301.3
D,NBXX,9999,5.393e-5,3.951e-5,2.670e-5,5.774e-6,5.308e-6,4.673e-6
Y,189899,980.6,301.3,297.1,73.1,13.1,5.7,0,0000
T,2014,09,01,03,13,45
B,266027,27315,162,3447,161506,6857,147,3448,980.5,301.4
G,3156008,177614,104,3447,1857410,39849,114,3448,980.5,301.4
R,1287402,84825,5672,3447,760239,35137,5790,3448,980.5,301.4
D,NBXX,9999,5.374e-5,3.928e-5,2.615e-5,5.267e-6,5.266e-6,4.583e-6
Y,190193,980.5,301.4,297.2,72.9,13.1,5.7,0,0000
T,2014,09,01,03,18,45
B,265658,26634,158,3447,161243,7281,149,3447,980.5,301.4
G,3154316,177621,124,3447,1861420,40246,108,3447,980.5,301.4
R,1288282,84503,5567,3447,760644,34849,5845,3447,980.5,301.4
D,NBXX,9999,5.177e-5,3.930e-5,2.596e-5,6.607e-6,5.395e-6,4.438e-6
Y,190091,980.5,301.4,297.2,72.8,13.1,5.7,0,0000
T,2014,09,01,03,23,45
B,265243,26830,151,3448,159881,6939,140,3447,980.4,301.4
G,3157869,178070,110,3448,1860101,39993,132,3447,980.4,301.4
R,1286474,84543,5697,3448,761242,35117,5796,3447,980.4,301.4
D,NBXX,9999,5.258e-5,3.938e-5,2.599e-5,5.668e-6,5.302e-6,4.569e-6
Y,190251,980.4,301.4,297.2,72.8,13.1,5.7,0,0000
T,2014,09,01,03,28,45
B,265214,27497,153,3447,160450,7057,127,3447,980.4,301.4
G,3153343,180769,132,3447,1864788,40955,110,3447,980.4,301.4
R,1287861,86397,5696,3447,762033,35395,5648,3447,980.4,301.4
D,NBXX,9999,5.468e-5,4.030e-5,2.719e-5,6.065e-6,5.617e-6,4.827e-6
Y,190032,980.4,301.4,297.2,72.8,13.1,5.7,0,0000
T,2014,09,01,03,33,45
B,265536,27184,186,3447,161755,7128,126,3448,980.5,301.5
G,3154598,180989,126,3447,1862437,40108,99,3448,980.5,301.5
R,1286881,85470,5687,3447,762210,35276,5723,3448,980.5,301.5
D,NBXX,9999,5.348e-5,4.036e-5,2.661e-5,6.124e-6,5.350e-6,4.712e-6
Y,190108,980.5,301.5,297.3,72.6,13.1,5.7,0,0000
T,2014,09,01,03,38,45
B,265750,27315,147,3447,160673,7006,142,3447,980.5,301.5
G,3156379,180361,111,3447,1864906,40571,118,3447,980.5,301.5
R,1288510,85816,5732,3447,763837,35046,5757,3447,980.5,301.5
D,NBXX,9999,5.389e-5,4.013e-5,2.671e-5,5.821e-6,5.490e-6,4.502e-6
Y,190216,980.5,301.5,297.3,72.4,13.1,5.7,0,0000
T,2014,09,01,03,43,45
B,266462,27668,172,3448,161170,7068,131,3447,980.6,301.5
G,3156477,182093,142,3448,1863604,40405,120,3447,980.6,301.5
R,1287843,86675,5740,3448,761782,35611,5837,3447,980.6,301.5
D,NBXX,9999,5.470e-5,4.065e-5,2.719e-5,5.913e-6,5.429e-6,4.799e-6
Y,190166,980.6,301.5,297.3,72.8,13.1,5.7,0,0000
T,2014,09,01,03,48,45
B,267246,27478,166,3447,161310,7086,121,3447,980.6,301.5
G,3157023,180653,124,3447,1861883,40371,86,3447,980.6,301.5
R,1288124,86139,5855,3447,763061,35614,5639,3447,980.6,301.5
D,NBXX,9999,5.393e-5,4.021e-5,2.691e-5,5.958e-6,5.431e-6,4.852e-6
Y,190255,980.6,301.5,297.3,72.4,13.1,5.7,0,0000
T,2014,09,01,03,53,45
B,264488,27133,143,3447,161874,7159,147,3447,980.6,301.5
G,3156979,180312,104,3447,1864630,40141,132,3447,980.6,301.5
R,1288232,85851,5848,3447,763291,35494,5866,3447,980.6,301.5
D,NBXX,9999,5.372e-5,4.010e-5,2.658e-5,6.386e-6,5.350e-6,4.620e-6
Y,190252,980.6,301.5,297.3,72.4,13.1,5.7,0,0000
T,2014,09,01,03,58,45
B,266890,27328,147,3447,161108,6875,136,3448,980.6,301.5
G,3157553,178971,101,3447,1858154,40623,94,3448,980.6,301.5
R,1289142,86472,5755,3447,761875,35789,5739,3448,980.6,301.5
D,NBXX,9999,5.360e-5,3.968e-5,2.708e-5,5.350e-6,5.510e-6,4.943e-6
Y,190287,980.6,301.5,297.3,72.4,13.1,5.7,0,0000
T,2014,09,01,04,03,45
B,266564,26914,141,3447,160689,6927,148,3447,980.5,301.5
G,3154304,177400,122,3447,1860513,40432,118,3447,980.5,301.5
R,1288893,85652,5816,3447,761068,35091,5871,3447,980.5,301.5
D,NBXX,9999,5.242e-5,3.923e-5,2.645e-5,5.518e-6,5.450e-6,4.384e-6
Y,190090,980.5,301.5,297.2,72.6,13.1,5.7,0,0000
T,2014,09,01,04,08,45
B,265553,26467,128,3448,161081,6957,136,3447,980.5,301.5
G,3153692,175738,147,3448,1859059,40256,111,3447,980.5,301.5
R,1290354,85251,5711,3448,764720,34865,5724,3447,980.5,301.5
D,NBXX,9999,5.144e-5,3.872e-5,2.633e-5,5.781e-6,5.395e-6,4.415e-6
Y,189998,980.5,301.5,297.2,72.6,13.1,5.7,0,0000
T,2014,09,01,04,13,45
B,265443,26863,156,3447,160805,6858,137,3447,980.4,301.4
G,3151350,174288,132,3447,1861928,40315,89,3447,980.4,301.4
R,1287426,85203,5741,3447,763041,35252,5819,3447,980.4,301.4
D,NBXX,9999,5.262e-5,3.832e-5,2.632e-5,5.391e-6,5.433e-6,4.589e-6
Y,189912,980.4,301.4,297.2,72.6,13.1,5.7,0,0000
T,2014,09,01,04,18,45
B,264735,26401,176,3447,160293,7067,129,3448,980.4,301.4
G,3151512,174603,134,3447,1861620,40233,108,3448,980.4,301.4
R,1288621,85304,5774,3447,763894,35215,5775,3448,980.4,301.4
D,NBXX,9999,5.137e-5,3.841e-5,2.635e-5,6.038e-6,5.395e-6,4.557e-6
Y,189921,980.4,301.4,297.2,72.4,13.1,5.7,0,0000
T,2014,09,01,04,23,45
B,265686,25585,162,3447,160671,6826,150,3447,980.4,301.4
G,3155858,170258,128,3447,1859535,39467,100,3447,980.4,301.4
R,1285833,83866,5667,3447,762877,35345,5749,3447,980.4,301.4
D,NBXX,9999,4.856e-5,3.698e-5,2.565e-5,5.207e-6,5.147e-6,4.766e-6
Y,190184,980.4,301.4,297.2,72.3,13.1,5.7,0,0000
T,2014,09,01,04,28,45
B,265952,25360,164,3448,160889,6918,159,3447,980.4,301.4
G,3157191,170047,130,3448,1856216,40097,139,3447,980.4,301.4
R,1286192,84509,5797,3448,762436,35193,5725,3447,980.4,301.4
D,NBXX,9999,4.776e-5,3.687e-5,2.596e-5,5.436e-6,5.327e-6,4.598e-6
Y,190210,980.4,301.4,297.2,71.9,13.1,5.7,0,0000
T,2014,09,01,04,33,45
B,266123,26172,139,3447,161276,6721,143,3447,980.4,301.4
G,3150157,172737,118,3447,1865547,39986,113,3447,980.4,301.4
R,1287183,85104,5795,3447,761228,35274,5709,3447,980.4,301.4
D,NBXX,9999,5.033e-5,3.785e-5,2.630e-5,4.960e-6,5.331e-6,4.645e-6
Y,189839,980.4,301.4,297.2,72.3,13.1,5.7,0,0000
T,2014,09,01,04,38,45
B,264494,26249,158,3447,161374,6890,155,3448,980.4,301.4
G,3155655,173789,98,3447,1862754,40243,101,3448,980.4,301.4
R,1290042,85119,5911,3447,766385,35541,5858,3448,980.4,301.4
D,NBXX,9999,5.095e-5,3.809e-5,2.603e-5,5.484e-6,5.397e-6,4.585e-6
Y,190172,980.4,301.4,297.2,72.4,13.1,5.7,0,0000
T,2014,09,01,04,43,45
B,266170,26051,149,3447,162020,6956,145,3447,980.5,301.4
G,3158357,174888,110,3447,1862558,40134,124,3447,980.5,301.4
R,1288190,84405,5784,3447,763715,35428,5739,3447,980.5,301.4
D,NBXX,9999,4.988e-5,3.838e-5,2.582e-5,5.619e-6,5.343e-6,4.716e-6
Y,190335,980.5,301.4,297.2,72.4,13.1,5.7,0,0000
T,2014,09,01,04,48,45
B,266310,26411,157,3448,160835,6947,133,3447,980.5,301.4
G,3161498,176807,127,3448,1862490,40492,114,3447,980.5,301.4
R,1292542,85570,5800,3448,764109,35209,5809,3447,980.5,301.4
D,NBXX,9999,5.095e-5,3.892e-5,2.633e-5,5.601e-6,5.444e-6,4.480e-6
Y,190470,980.5,301.4,297.2,72.4,13.1,5.7,0,0000
T,2014,09,01,04,53,45
B,265465,27053,147,3447,160558,7087,156,3447,980.5,301.4
G,3160001,178382,132,3447,1861108,40435,118,3447,980.5,301.4
R,1288868,86056,5746,3447,761482,35187,5609,3447,980.5,301.4
D,NBXX,9999,5.313e-5,3.944e-5,2.694e-5,6.042e-6,5.425e-6,4.680e-6
Y,190435,980.5,301.4,297.2,72.4,13.1,5.7,0,0000
T,2014,09,01,04,58,45
B,266168,27128,130,3447,161028,7049,131,3448,980.6,301.5
G,3153541,179275,110,3447,1865056,40453,115,3448,980.6,301.5
R,1290321,85643,5837,3447,763825,35671,5792,3448,980.6,301.5
D,NBXX,9999,5.329e-5,3.984e-5,2.644e-5,6.014e-6,5.462e-6,4.762e-6
Y,190044,980.6,301.5,297.2,72.4,13.1,5.7,0,0000
T,2014,09,01,05,03,45
B,266610,26979,148,3447,161240,6777,165,3447,980.6,301.5
G,3159605,181040,118,3447,1862093,40400,113,3447,980.6,301.5
R,1289169,86765,5766,3447,765564,35595,5789,3447,980.6,301.5
D,NBXX,9999,5.252e-5,4.028e-5,2.722e-5,4.971e-6,5.423e-6,4.785e-6
Y,190411,980.6,301.5,297.3,72.4,13.1,5.7,0,0000
T,2014,09,01,05,08,45
B,265659,27218,124,3448,160843,7160,143,3447,980.7,301.5
G,3159987,181945,123,3448,1861919,40688,110,3447,980.7,301.5
R,1290317,86845,5714,3448,762975,35342,5782,3447,980.7,301.5
D,NBXX,9999,5.370e-5,4.056e-5,2.727e-5,6.385e-6,5.514e-6,4.665e-6
Y,190379,980.7,301.5,297.3,72.4,13.1,5.7,0,0000
T,2014,09,01,05,13,45
B,266073,27224,137,3447,161136,7067,167,3447,980.8,301.5
G,3155778,180166,100,3447,1862762,40126,111,3447,980.8,301.5
R,1289048,86419,5673,3447,764914,35837,5715,3447,980.8,301.5
D,NBXX,9999,5.346e-5,4.008e-5,2.713e-5,5.930e-6,5.359e-6,5.055e-6
Y,190179,980.8,301.5,297.3,72.1,13.1,5.7,0,0000
T,2014,09,01,05,18,45
B,265538,26479,145,3447,161374,6760,112,3448,980.8,301.5
G,3153452,178600,112,3447,1863580,40297,93,3448,980.8,301.5
R,1289534,85415,5901,3447,763737,35178,5729,3448,980.8,301.5
D,NBXX,9999,5.151e-5,3.964e-5,2.633e-5,5.191e-6,5.421e-6,4.466e-6
Y,190039,980.8,301.5,297.3,72.1,13.1,5.7,0,0000
T,2014,09,01,05,23,45
B,264413,26753,142,3447,161091,7117,142,3447,980.9,301.5
G,3158870,178416,125,3447,1860356,40141,137,3447,980.9,301.5
R,1293092,85696,6064,3447,762800,35671,5659,3447,980.9,301.5
D,NBXX,9999,5.260e-5,3.943e-5,2.631e-5,6.284e-6,5.320e-6,4.671e-6
Y,190366,980.9,301.5,297.3,72.1,13.1,5.7,0,0000
T,2014,09,01,05,28,45
B,265095,26976,177,3448,160690,6902,132,3447,980.9,301.5
G,3150018,178944,115,3448,1858665,40074,86,3447,980.9,301.5
R,1289013,84905,5770,3448,761262,35152,5723,3447,980.9,301.5
D,NBXX,9999,5.299e-5,3.978e-5,2.612e-5,5.487e-6,5.360e-6,4.564e-6
Y,189776,980.9,301.5,297.2,72.1,13.1,5.7,0,0000
T,2014,09,01,05,33,45
B,265505,26885,117,3447,161058,7125,151,3447,980.9,301.5
G,3150796,178631,85,3447,1861368,40429,104,3447,980.9,301.5
R,1287140,85746,5865,3447,762877,35043,5793,3447,980.9,301.5
D,NBXX,9999,5.272e-5,3.967e-5,2.659e-5,6.280e-6,5.469e-6,4.393e-6
Y,189878,980.9,301.5,297.2,72.3,13.1,5.7,0,0000
T,2014,09,01,05,38,45
B,266012,27414,157,3447,161169,7027,145,3448,980.8,301.4
G,3148632,181886,108,3447,1864790,40801,100,3448,980.8,301.4
R,1288204,86280,5867,3447,763623,35511,5927,3448,980.8,301.4
D,NBXX,9999,5.407e-5,4.075e-5,2.679e-5,5.813e-6,5.597e-6,4.568e-6
Y,189747,980.8,301.4,297.2,72.3,13.1,5.7,0,0000
T,2014,09,01,05,43,45
B,266056,27025,157,3447,161635,6958,126,3447,980.9,301.4
G,3152970,178032,132,3447,1861549,40226,144,3447,980.9,301.4
R,1287282,85567,5820,3447,762664,35501,5717,3447,980.9,301.4
D,NBXX,9999,5.293e-5,3.941e-5,2.656e-5,5.672e-6,5.365e-6,4.760e-6
Y,190010,980.9,301.4,297.2,72.3,13.1,5.7,0,0000
T,2014,09,01,05,48,45
B,265690,27121,178,3448,160900,7020,152,3447,980.9,301.4
G,3155106,180088,107,3448,1857310,40427,120,3447,980.9,301.4
R,1287361,85499,5699,3448,761524,35008,5728,3447,980.9,301.4
D,NBXX,9999,5.318e-5,4.004e-5,2.659e-5,5.729e-6,5.441e-6,4.540e-6
Y,190083,980.9,301.4,297.2,72.3,13.1,5.7,0,0000
T,2014,09,01,05,53,45
B,265723,27444,161,3447,160678,6919,147,3447,981.0,301.4
G,3149161,179042,92,3447,1858874,40418,138,3447,981.0,301.4
R,1287206,86215,5835,3447,760096,35751,5873,3447,981.0,301.4
D,NBXX,9999,5.423e-5,3.981e-5,2.684e-5,5.490e-6,5.457e-6,4.793e-6
Y,189779,981.0,301.4,297.1,72.3,13.1,5.7,0,0000
T,2014,09,01,05,58,45
B,264956,27035,149,3447,161593,7097,151,3448,981.0,301.4
G,3151384,180060,103,3447,1861211,40464,123,3448,981.0,301.4
R,1286163,85309,5669,3447,763547,35165,5819,3448,981.0,301.4
D,NBXX,9999,5.324e-5,4.010e-5,2.648e-5,6.117e-6,5.460e-6,4.595e-6
Y,189914,981.0,301.4,297.1,72.3,13.1,5.7,0,0000
T,2014,09,01,06,03,45
B,266509,26786,131,3447,160838,6790,127,3447,980.9,301.4
G,3149610,178827,130,3447,1861248,40882,93,3447,980.9,301.4
R,1286141,86635,5829,3447,763427,35282,5926,3447,980.9,301.4
D,NBXX,9999,5.215e-5,3.974e-5,2.710e-5,5.213e-6,5.603e-6,4.481e-6
Y,189806,980.9,301.4,297.1,72.3,13.1,5.7,0,0000
T,2014,09,01,06,08,45
B,258357,26056,129,3342,156856,6815,130,3344,981.0,301.4
G,3075174,172660,94,3342,1808406,39422,83,3344,981.0,301.4
R,1255015,83086,5653,3342,742275,34190,5588,3344,981.0,301.4
D,NBXX,9999,5.240e-5,3.913e-5,2.636e-5,5.901e-6,5.452e-6,4.489e-6
Y,191148,981.0,301.4,297.1,72.3,13.1,5.7,0,0008
T,2014,09,01,06,13,45
B,265463,27200,143,3448,161026,7079,149,3447,981.0,301.3
G,3158612,179023,123,3448,1857586,40457,100,3447,981.0,301.3
R,1289768,85510,5702,3448,759899,35042,5722,3447,981.0,301.3
D,NBXX,9999,5.362e-5,3.964e-5,2.652e-5,6.063e-6,5.438e-6,4.538e-6
Y,190295,981.0,301.3,297.1,72.3,13.1,5.7,0,0000
T,2014,09,01,06,18,45
B,266702,27172,168,3447,159819,7096,131,3447,981.0,301.3
G,3155846,179988,131,3447,1850488,40473,100,3447,981.0,301.3
R,1288134,85388,5730,3447,758271,35343,5726,3447,981.0,301.3
D,NBXX,9999,5.313e-5,3.999e-5,2.648e-5,5.988e-6,5.447e-6,4.712e-6
Y,190184,981.0,301.3,297.1,72.3,13.1,5.7,0,0000
T,2014,09,01,06,23,45
B,265747,26899,151,3447,161273,7047,127,3448,981.0,301.3
G,3155288,178084,110,3447,1853443,40943,102,3448,981.0,301.3
R,1283698,84969,5684,3447,760358,35341,5766,3448,981.0,301.3
D,NBXX,9999,5.266e-5,3.941e-5,2.638e-5,5.980e-6,5.600e-6,4.757e-6
Y,190150,981.0,301.3,297.1,72.1,13.1,5.7,0,0000
T,2014,09,01,06,28,45
B,263335,26891,128,3421,159993,6952,176,3422,981.1,301.3
G,3132841,175894,134,3421,1849667,39842,104,3422,981.1,301.3
R,1278127,83800,5545,3421,757639,34679,5567,3422,981.1,301.3
D,NBXX,9999,5.329e-5,3.911e-5,2.609e-5,5.782e-6,5.334e-6,4.649e-6
Y,190232,981.1,301.3,297.0,72.1,13.1,5.7,0,0008
T,2014,09,01,06,33,45
B,266506,26656,153,3448,161177,7011,143,3447,981.1,301.3
G,3154523,174876,132,3448,1855935,40541,93,3447,981.1,301.3
R,1287426,86150,5486,3448,761687,35058,5642,3447,981.1,301.3
D,NBXX,9999,5.162e-5,3.842e-5,2.720e-5,5.760e-6,5.480e-6,4.784e-6
Y,190048,981.1,301.3,297.0,71.9,13.1,5.7,0,0000
T,2014,09,01,06,38,45
B,266822,26416,145,3447,160866,7029,140,3447,981.2,301.3
G,3153386,176039,141,3447,1857396,40838,83,3447,981.2,301.3
R,1286902,85279,5872,3447,761478,35412,5563,3447,981.2,301.3
D,NBXX,9999,5.083e-5,3.880e-5,2.647e-5,5.824e-6,5.574e-6,4.783e-6
Y,190035,981.2,301.3,297.0,71.9,13.1,5.7,0,0000
T,2014,09,01,06,43,45
B,265834,26725,137,3447,160658,6965,146,3448,981.2,301.2
G,3152654,174079,125,3447,1856001,40290,101,3448,981.2,301.2
R,1287409,84393,5651,3447,761153,34889,5633,3448,981.2,301.2
D,NBXX,9999,5.208e-5,3.817e-5,2.601e-5,5.705e-6,5.388e-6,4.558e-6
Y,189990,981.2,301.2,297.0,72.1,13.1,5.7,0,0000
T,2014,09,01,06,48,45
B,265592,26306,158,3447,160600,7036,155,3447,981.2,301.2
G,3152859,173290,111,3447,1857541,39968,96,3447,981.2,301.2
R,1287293,84381,5713,3447,758845,35307,5715,3447,981.2,301.2
D,NBXX,9999,5.077e-5,3.793e-5,2.591e-5,5.840e-6,5.297e-6,4.719e-6
Y,190003,981.2,301.2,296.9,72.3,13.1,5.7,0,0000
T,2014,09,01,06,53,45
B,265581,25579,155,3448,160793,6958,131,3447,981.2,301.2
G,3151032,172447,98,3448,1855547,39845,104,3447,981.2,301.2
R,1285051,84452,5557,3448,761830,35098,5731,3447,981.2,301.2
D,NBXX,9999,4.864e-5,3.770e-5,2.613e-5,5.704e-6,5.271e-6,4.719e-6
Y,189837,981.2,301.2,296.9,71.9,13.1,5.7,0,0000
T,2014,09,01,06,58,45
B,264515,25897,135,3447,160252,6985,127,3447,981.2,301.2
G,3152696,172167,103,3447,1858362,40537,103,3447,981.2,301.2
R,1288425,84477,5701,3447,760634,35333,5640,3447,981.2,301.2
D,NBXX,9999,5.001e-5,3.758e-5,2.599e-5,5.948e-6,5.476e-6,4.785e-6
Y,189993,981.2,301.2,296.9,71.9,13.1,5.7,0,0000
T,2014,09,01,07,03,45
B,264851,25702,143,3447,160368,6908,149,3448,981.2,301.2
G,3151628,171346,123,3447,1856032,40583,81,3448,981.2,301.2
R,1287517,84992,5586,3447,760795,35044,5632,3448,981.2,301.2
D,NBXX,9999,4.921e-5,3.734e-5,2.643e-5,5.573e-6,5.491e-6,4.699e-6
Y,189928,981.2,301.2,296.9,72.1,13.1,5.7,0,0000
T,2014,09,01,07,08,45
B,266297,26155,138,3447,160987,7148,143,3447,981.2,301.2
G,3152968,172056,110,3447,1857840,41184,117,3447,981.2,301.2
R,1286261,84393,5480,3447,760956,35195,5560,3447,981.2,301.2
D,NBXX,9999,5.021e-5,3.753e-5,2.622e-5,6.242e-6,5.670e-6,4.938e-6
Y,190009,981.2,301.2,296.9,71.8,13.1,5.7,0,0000
T,2014,09,01,07,13,45
B,266498,26978,126,3448,160952,7346,140,3447,981.2,301.1
G,3153169,179489,104,3448,1852794,43189,113,3447,981.2,301.1
R,1285014,86332,5592,3448,759696,36075,5479,3447,981.2,301.1
D,NBXX,9999,5.268e-5,3.986e-5,2.744e-5,6.876e-6,6.304e-6,5.478e-6
Y,189966,981.2,301.1,296.9,71.3,13.1,5.7,0,0000
T,2014,09,01,07,18,45
B,265759,25319,147,3447,160381,7105,125,3447,981.2,301.1
G,3151445,170363,145,3447,1858040,40983,101,3447,981.2,301.1
R,1284332,84565,5466,3447,761502,35276,5565,3447,981.2,301.1
D,NBXX,9999,4.781e-5,3.702e-5,2.640e-5,6.170e-6,5.606e-6,5.015e-6
Y,189917,981.2,301.1,296.8,71.5,13.1,5.7,0,0000
T,2014,09,01,07,23,45
B,264330,25195,123,3447,160296,6902,152,3448,981.2,301.1
G,3149555,169011,96,3447,1854786,40750,83,3448,981.2,301.1
R,1285185,83504,5595,3447,757986,35222,5599,3448,981.2,301.1
D,NBXX,9999,4.783e-5,3.665e-5,2.561e-5,5.641e-6,5.561e-6,4.851e-6
Y,189803,981.2,301.1,296.8,71.5,13.1,5.7,0,0000
T,2014,09,01,07,28,45
B,265587,25341,131,3447,160915,6984,132,3447,981.2,301.1
G,3152759,168407,106,3447,1852433,40550,126,3447,981.2,301.1
R,1284864,83596,5530,3447,759647,35059,5645,3447,981.2,301.1
D,NBXX,9999,4.796e-5,3.639e-5,2.569e-5,5.845e-6,5.470e-6,4.773e-6
Y,189997,981.2,301.1,296.8,71.5,13.1,5.7,0,0000
T,2014,09,01,07,33,45
B,264854,25183,149,3448,160400,6875,135,3447,981.2,301.1
G,3151646,167136,104,3448,1855044,39941,86,3447,981.2,301.1
R,1284561,82911,5436,3448,760065,34947,5331,3447,981.2,301.1
D,NBXX,9999,4.761e-5,3.603e-5,2.556e-5,5.498e-6,5.303e-6,5.004e-6
Y,189874,981.2,301.1,296.8,71.5,13.1,5.7,0,0000
T,2014,09,01,07,38,45
B,265395,25272,163,3447,161104,6933,128,3447,981.3,301.1
G,3147189,165821,144,3447,1857977,39957,88,3447,981.3,301.1
R,1282087,83189,5551,3447,761086,34407,5360,3447,981.3,301.1
D,NBXX,9999,4.770e-5,3.567e-5,2.572e-5,5.604e-6,5.306e-6,4.589e-6
Y,189660,981.3,301.1,296.8,71.8,13.1,5.7,0,0000
T,2014,09,01,07,43,45
B,265974,25132,146,3447,161484,6755,131,3448,981.2,301.1
G,3152126,166397,114,3447,1855965,39358,120,3448,981.2,301.1
R,1286903,81563,5492,3447,758564,34639,5470,3448,981.2,301.1
D,NBXX,9999,4.716e-5,3.577e-5,2.452e-5,5.059e-6,5.095e-6,4.640e-6
Y,189959,981.2,301.1,296.8,71.8,13.1,5.7,0,0000
T,2014,09,01,07,48,45
B,265727,25051,175,3447,160974,6987,130,3447,981.3,301.1
G,3151982,165885,98,3447,1856691,40249,102,3447,981.3,301.1
R,1286906,81835,5509,3447,760652,34304,5555,3447,981.3,301.1
D,NBXX,9999,4.688e-5,3.563e-5,2.461e-5,5.694e-6,5.391e-6,4.365e-6
Y,189950,981.3,301.1,296.8,71.8,13.1,5.7,0,0000
T,2014,09,01,07,53,45
B,266268,25241,156,3448,160621,6962,96,3447,981.3,301.0
G,3151268,170128,135,3448,1856619,40013,122,3447,981.3,301.0
R,1284201,82797,5411,3448,759832,34416,5376,3447,981.3,301.0
D,NBXX,9999,4.749e-5,3.695e-5,2.549e-5,5.770e-6,5.302e-6,4.666e-6
Y,189851,981.3,301.0,296.8,72.1,13.1,5.7,0,0000
T,2014,09,01,07,58,45
B,265403,25437,160,3447,160383,7005,140,3447,981.4,301.0
G,3148388,167852,144,3447,1855661,39825,91,3447,981.4,301.0
R,1283111,81869,5531,3447,758605,34472,5490,3447,981.4,301.0
D,NBXX,9999,4.818e-5,3.629e-5,2.479e-5,5.792e-6,5.259e-6,4.539e-6
Y,189732,981.4,301.0,296.8,72.1,13.1,5.7,0,0000
T,2014,09,01,08,03,45
B,264929,25445,118,3447,161072,6877,112,3448,981.3,301.0
G,3147989,168727,135,3447,1857668,39767,87,3448,981.3,301.0
R,1285361,82472,5505,3447,761260,34491,5307,3448,981.3,301.0
D,NBXX,9999,4.858e-5,3.658e-5,2.523e-5,5.679e-6,5.244e-6,4.672e-6
Y,189708,981.3,301.0,296.7,72.1,13.1,5.7,0,0000
T,2014,09,01,08,08,45
B,265189,25270,150,3447,160846,6987,158,3447,981.4,301.0
G,3151599,166474,136,3447,1858284,39615,90,3447,981.4,301.0
R,1285077,81146,5489,3447,762290,34062,5413,3447,981.4,301.0
D,NBXX,9999,4.770e-5,3.581e-5,2.436e-5,5.725e-6,5.184e-6,4.351e-6
Y,189927,981.4,301.0,296.7,72.3,13.1,5.7,0,0000
T,2014,09,01,08,13,45
B,265757,25536,163,3448,160439,6888,156,3447,981.4,301.0
G,3151564,167616,135,3448,1859951,39747,112,3447,981.4,301.0
R,1283153,81764,5429,3448,762444,34329,5385,3447,981.4,301.0
D,NBXX,9999,4.831e-5,3.616e-5,2.487e-5,5.345e-6,5.221e-6,4.604e-6
Y,189869,981.4,301.0,296.7,72.3,13.1,5.7,0,0000
T,2014,09,01,08,18,45
B,264891,25739,118,3447,160350,6845,153,3447,981.5,301.0
G,3151392,166888,132,3447,1862292,39698,101,3447,981.5,301.0
R,1285383,81353,5373,3447,762279,33958,5368,3447,981.5,301.0
D,NBXX,9999,4.935e-5,3.594e-5,2.459e-5,5.443e-6,5.208e-6,4.399e-6
Y,189914,981.5,301.0,296.7,72.6,13.1,5.7,0,0000
T,2014,09,01,08,23,45
B,264966,25619,139,3447,161875,6940,148,3447,981.5,301.0
G,3150327,168771,112,3447,1859276,39861,128,3447,981.5,301.0
R,1284907,83063,5444,3447,761521,34497,5395,3447,981.5,301.0
D,NBXX,9999,4.891e-5,3.654e-5,2.559e-5,5.672e-6,5.261e-6,4.666e-6
Y,189850,981.5,301.0,296.7,72.8,13.1,5.7,0,0000
T,2014,09,01,08,28,45
B,264623,25618,143,3447,160421,7033,156,3448,981.5,301.0
G,3148411,171972,136,3447,1865163,40380,132,3448,981.5,301.0
R,1283018,83639,5298,3447,763536,34632,5411,3448,981.5,301.0
D,NBXX,9999,4.896e-5,3.757e-5,2.611e-5,5.936e-6,5.417e-6,4.858e-6
Y,189734,981.5,301.0,296.7,72.9,13.1,5.7,0,0000
T,2014,09,01,08,33,45
B,266542,26088,140,3447,161909,7073,141,3447,981.5,301.0
G,3146269,173199,130,3447,1863821,40553,108,3447,981.5,301.0
R,1285916,84289,5444,3447,762283,34618,5351,3447,981.5,301.0
D,NBXX,9999,4.990e-5,3.800e-5,2.635e-5,5.980e-6,5.495e-6,4.762e-6
Y,189604,981.5,301.0,296.7,73.1,13.1,5.7,0,0000
T,2014,09,01,08,38,45
B,265251,26243,147,3448,162208,6853,137,3447,981.5,300.9
G,3152193,173916,115,3448,1864499,41017,89,3447,981.5,300.9
R,1284758,84229,5357,3448,760877,34834,5418,3447,981.5,300.9
D,NBXX,9999,5.075e-5,3.814e-5,2.633e-5,5.400e-6,5.632e-6,4.913e-6
Y,189907,981.5,300.9,296.7,73.4,13.1,5.7,0,0000
T,2014,09,01,08,43,45
B,265294,26245,136,3447,161171,7209,153,3447,981.5,300.9
G,3151049,175492,118,3447,1861884,41492,92,3447,981.5,300.9
R,1285116,84686,5352,3447,760624,34851,5239,3447,981.5,300.9
D,NBXX,9999,5.072e-5,3.865e-5,2.674e-5,6.466e-6,5.780e-6,5.046e-6
Y,189893,981.5,300.9,296.7,73.6,13.1,5.7,0,0000
T,2014,09,01,08,48,45
B,265350,26589,130,3447,161172,7067,133,3448,981.5,301.0
G,3153484,175962,102,3447,1865641,40597,86,3448,981.5,301.0
R,1284092,85257,5409,3447,763496,34930,5437,3448,981.5,301.0
D,NBXX,9999,5.185e-5,3.876e-5,2.697e-5,6.112e-6,5.494e-6,4.932e-6
Y,190041,981.5,301.0,296.7,73.6,13.1,5.7,0,0000
T,2014,09,01,08,53,45
B,265707,26469,153,3447,161647,6893,127,3447,981.5,300.9
G,3151104,176565,105,3447,1863015,41014,119,3447,981.5,300.9
R,1285222,85171,5329,3447,761843,34949,5234,3447,981.5,300.9
D,NBXX,9999,5.132e-5,3.898e-5,2.705e-5,5.497e-6,5.625e-6,5.126e-6
Y,189897,981.5,300.9,296.7,73.9,13.1,5.7,0,0000
T,2014,09,01,08,58,45
B,265183,26850,144,3448,160202,7295,139,3447,981.5,301.0
G,3156141,179515,125,3448,1862284,41189,114,3447,981.5,301.0
R,1284332,85406,5392,3448,761877,34620,5364,3447,981.5,301.0
D,NBXX,9999,5.264e-5,3.981e-5,2.712e-5,6.766e-6,5.658e-6,4.813e-6
Y,190146,981.5,301.0,296.7,73.7,13.1,5.7,0,0000
T,2014,09,01,09,03,45
B,265113,26670,125,3447,161490,7027,140,3447,981.5,301.0
G,3156713,178964,108,3447,1859709,41073,82,3447,981.5,301.0
R,1281967,85757,5408,3447,762988,34987,5200,3447,981.5,301.0
D,NBXX,9999,5.217e-5,3.964e-5,2.752e-5,6.007e-6,5.633e-6,5.166e-6
Y,190236,981.5,301.0,296.7,74.1,13.1,5.7,0,0000
T,2014,09,01,09,08,45
B,264224,26654,134,3447,160519,7123,145,3448,981.5,301.0
G,3143614,180175,122,3447,1856948,41191,100,3448,981.5,301.0
R,1281720,86134,5415,3447,759517,34979,5510,3448,981.5,301.0
D,NBXX,9999,5.234e-5,4.025e-5,2.754e-5,6.316e-6,5.708e-6,4.931e-6
Y,189444,981.5,301.0,296.8,74.4,13.0,5.7,0,0000
T,2014,09,01,09,13,45
B,265016,27264,138,3447,161327,7005,116,3447,981.5,301.0
G,3148909,179020,105,3447,1861464,41268,103,3447,981.5,301.0
R,1283743,85868,5328,3447,759311,34970,5160,3447,981.5,301.0
D,NBXX,9999,5.406e-5,3.979e-5,2.761e-5,5.986e-6,5.719e-6,5.222e-6
Y,189764,981.5,301.0,296.8,74.9,13.1,5.7,0,0000
T,2014,09,01,09,18,45
B,265491,27249,163,3448,160205,7102,126,3447,981.5,301.0
G,3153418,182292,139,3448,1860040,41987,112,3447,981.5,301.0
R,1287216,87053,5311,3448,760283,35050,5354,3447,981.5,301.0
D,NBXX,9999,5.374e-5,4.072e-5,2.809e-5,6.128e-6,5.914e-6,5.112e-6
Y,189981,981.5,301.0,296.8,74.9,13.1,5.7,0,0000
T,2014,09,01,09,23,45
B,264673,27467,149,3447,160504,7036,156,3447,981.5,301.0
G,3148605,184114,115,3447,1856849,41954,117,3447,981.5,301.0
R,1283556,87276,5325,3447,759487,35143,5351,3447,981.5,301.0
D,NBXX,9999,5.461e-5,4.139e-5,2.836e-5,5.926e-6,5.927e-6,5.196e-6
Y,189746,981.5,301.0,296.8,75.0,13.1,5.7,0,0000
T,2014,09,01,09,28,45
B,264948,27493,116,3447,161523,7219,135,3448,981.5,301.0
G,3154201,185166,106,3447,1858898,41831,100,3448,981.5,301.0
R,1283790,87172,5371,3447,758863,35117,5383,3448,981.5,301.0
D,NBXX,9999,5.480e-5,4.162e-5,2.823e-5,6.653e-6,5.871e-6,5.116e-6
Y,190084,981.5,301.0,296.8,74.9,13.1,5.7,0,0000
T,2014,09,01,09,33,45
B,264799,27511,153,3447,160857,7173,123,3447,981.5,301.0
G,3149857,183248,115,3447,1859124,42030,95,3447,981.5,301.0
R,1284750,87780,5429,3447,759055,34993,5341,3447,981.5,301.0
D,NBXX,9999,5.481e-5,4.110e-5,2.856e-5,6.441e-6,5.954e-6,5.023e-6
Y,189821,981.5,301.0,296.8,75.0,13.1,5.7,0,0000
T,2014,09,01,09,38,45
B,264207,27646,142,3448,160492,7311,170,3447,981.5,301.0
G,3151085,185342,119,3448,1858134,42129,98,3447,981.5,301.0
R,1284578,87883,5305,3448,760492,34699,5372,3447,981.5,301.0
D,NBXX,9999,5.529e-5,4.173e-5,2.869e-5,6.791e-6,5.981e-6,4.915e-6
Y,189840,981.5,301.0,296.9,75.0,13.1,5.7,0,0000
T,2014,09,01,09,43,45
B,265062,27839,131,3447,160845,7079,122,3447,981.5,301.1
G,3147079,186643,73,3447,1860519,42149,90,3447,981.5,301.1
R,1280945,87769,5363,3447,759020,35036,5477,3447,981.5,301.1
D,NBXX,9999,5.582e-5,4.223e-5,2.864e-5,6.213e-6,6.020e-6,5.041e-6
Y,189653,981.5,301.1,296.9,75.0,13.1,5.7,0,0000
T,2014,09,01,09,48,45
B,264473,28009,145,3447,160550,7189,130,3448,981.4,301.1
G,3146971,188127,99,3447,1857119,41923,103,3448,981.4,301.1
R,1284348,88655,5413,3447,759199,35136,5380,3448,981.4,301.1
D,NBXX,9999,5.645e-5,4.269e-5,2.910e-5,6.513e-6,5.931e-6,5.094e-6
Y,189647,981.4,301.1,296.9,74.9,13.1,5.7,0,0000
T,2014,09,01,09,53,45
B,265041,27941,133,3447,160674,7261,120,3447,981.4,301.1
G,3154774,187135,124,3447,1858790,41754,113,3447,981.4,301.1
R,1283875,88219,5435,3447,761249,34977,5347,3447,981.4,301.1
D,NBXX,9999,5.614e-5,4.222e-5,2.885e-5,6.773e-6,5.837e-6,5.014e-6
Y,190119,981.4,301.1,296.9,75.0,13.1,5.7,0,0000
T,2014,09,01,09,58,45
B,265645,27345,152,3448,160639,7087,146,3447,981.5,301.1
G,3147331,184287,118,3448,1858890,42152,96,3447,981.5,301.1
R,1282521,87674,5400,3448,761124,35108,5431,3447,981.5,301.1
D,NBXX,9999,5.396e-5,4.147e-5,2.853e-5,6.038e-6,6.005e-6,5.080e-6
Y,189613,981.5,301.1,297.0,74.5,13.1,5.7,0,0000
T,2014,09,01,10,03,45
B,264844,27571,155,3447,161293,7229,127,3447,981.5,301.1
G,3149527,184657,114,3447,1863183,41488,112,3447,981.5,301.1
R,1286145,88876,5337,3447,761132,34856,5388,3447,981.5,301.1
D,NBXX,9999,5.496e-5,4.154e-5,2.921e-5,6.588e-6,5.779e-6,4.956e-6
Y,189801,981.5,301.1,297.0,74.4,13.1,5.7,0,0000
T,2014,09,01,10,08,45
B,266151,26711,114,3447,160794,6938,120,3448,981.5,301.1
G,3149588,178563,108,3447,1858334,40787,100,3448,981.5,301.1
R,1283723,86088,5421,3447,762125,34774,5257,3448,981.5,301.1
D,NBXX,9999,5.208e-5,3.964e-5,2.762e-5,5.758e-6,5.562e-6,4.960e-6
Y,189805,981.5,301.1,297.0,73.7,13.1,5.7,0,0000
T,2014,09,01,10,13,45
B,264900,27644,132,3447,159614,7106,127,3447,981.6,301.1
G,3152526,184953,105,3447,1858126,41668,90,3447,981.6,301.1
R,1284525,88530,5466,3447,760011,35186,5404,3447,981.6,301.1
D,NBXX,9999,5.522e-5,4.159e-5,2.896e-5,6.273e-6,5.835e-6,5.073e-6
Y,189983,981.6,301.1,297.0,73.7,13.1,5.7,0,0000
T,2014,09,01,10,18,45
B,264963,27620,155,3448,161180,7157,121,3447,981.6,301.1
G,3153599,184880,161,3448,1858950,41257,99,3447,981.6,301.1
R,1283942,88145,5422,3448,761280,34838,5502,3447,981.6,301.1
D,NBXX,9999,5.507e-5,4.153e-5,2.870e-5,6.371e-6,5.682e-6,4.831e-6
Y,189992,981.6,301.1,297.0,73.7,13.1,5.7,0,0000
T,2014,09,01,10,23,45
B,264887,28345,164,3447,159475,7200,145,3447,981.6,301.1
G,3151042,187077,96,3447,1851256,42351,85,3447,981.6,301.1
R,1285137,89571,5539,3447,758714,35428,5438,3447,981.6,301.1
D,NBXX,9999,5.720e-5,4.229e-5,2.950e-5,6.385e-6,6.060e-6,5.139e-6
Y,189893,981.6,301.1,297.0,73.6,13.1,5.7,0,0000
T,2014,09,01,10,28,45
B,265481,28403,154,3447,159822,7269,125,3448,981.5,301.1
G,3147538,189018,114,3447,1860108,42457,101,3448,981.5,301.1
R,1283536,89089,5444,3447,758782,35451,5254,3448,981.5,301.1
D,NBXX,9999,5.732e-5,4.295e-5,2.946e-5,6.664e-6,6.091e-6,5.366e-6
Y,189681,981.5,301.1,297.0,73.4,13.1,5.7,0,0000
T,2014,09,01,10,33,45
B,265614,28630,138,3447,161567,7502,119,3447,981.5,301.1
G,3145888,190273,138,3447,1858831,42799,112,3447,981.5,301.1
R,1282245,89370,5567,3447,760851,35390,5443,3447,981.5,301.1
D,NBXX,9999,5.805e-5,4.336e-5,2.946e-5,7.452e-6,6.197e-6,5.124e-6
Y,189581,981.5,301.1,297.0,73.9,13.1,5.7,0,0000
T,2014,09,01,10,38,45
B,264246,28771,112,3447,160684,7366,151,3447,981.5,301.1
G,3150919,190231,103,3447,1855271,42470,102,3447,981.5,301.1
R,1282748,88772,5631,3447,757905,35484,5564,3447,981.5,301.1
D,NBXX,9999,5.891e-5,4.327e-5,2.894e-5,7.126e-6,6.089e-6,5.043e-6
Y,189886,981.5,301.1,297.0,74.7,13.1,5.7,0,0000
T,2014,09,01,10,43,45
B,265345,28619,127,3448,160876,7177,132,3447,981.6,301.2
G,3150359,190967,116,3448,1861691,42363,88,3447,981.6,301.2
R,1285037,89162,5506,3448,759319,35841,5468,3447,981.6,301.2
D,NBXX,9999,5.810e-5,4.351e-5,2.925e-5,6.476e-6,6.062e-6,5.402e-6
Y,189796,981.6,301.2,297.0,75.0,13.1,5.7,0,0000
T,2014,09,01,10,48,45
B,265572,28434,133,3447,159949,7281,140,3447,981.5,301.2
G,3152464,191706,137,3447,1857881,42876,99,3447,981.5,301.2
R,1285316,89284,5421,3447,761269,35677,5370,3447,981.5,301.2
D,NBXX,9999,5.743e-5,4.369e-5,2.945e-5,6.735e-6,6.198e-6,5.424e-6
Y,189979,981.5,301.2,297.1,75.2,13.1,5.7,0,0000
T,2014,09,01,10,53,45
B,265518,29443,127,3447,160395,7229,129,3448,981.6,301.2
G,3151641,195967,117,3447,1858715,43306,108,3448,981.6,301.2
R,1285044,91183,5417,3447,761009,35486,5531,3448,981.6,301.2
D,NBXX,9999,6.058e-5,4.505e-5,3.052e-5,6.620e-6,6.336e-6,5.191e-6
Y,189929,981.6,301.2,297.1,74.5,13.1,5.7,0,0000
T,2014,09,01,10,58,45
B,266117,29126,131,3447,161062,7281,131,3447,981.6,301.2
G,3148228,195470,70,3447,1860556,43632,99,3447,981.6,301.2
R,1286164,91043,5393,3447,761151,36093,5425,3447,981.6,301.2
D,NBXX,9999,5.939e-5,4.498e-5,3.048e-5,6.716e-6,6.478e-6,5.652e-6
Y,189723,981.6,301.2,297.1,74.2,12.9,5.7,0,0000
T,2014,09,01,11,03,45
B,265661,29463,133,3448,161417,7408,136,3447,981.6,301.2
G,3150149,197939,116,3448,1864707,43435,106,3447,981.6,301.2
R,1285634,92393,5409,3448,759349,36118,5469,3447,981.6,301.2
D,NBXX,9999,6.054e-5,4.569e-5,3.129e-5,7.124e-6,6.392e-6,5.635e-6
Y,189784,981.6,301.2,297.1,74.1,13.1,5.7,0,0000
T,2014,09,01,11,08,45
B,264773,29245,128,3447,160792,7279,131,3447,981.6,301.3
G,3151428,195837,123,3447,1858059,43904,125,3447,981.6,301.3
R,1289021,91537,5485,3447,761921,36171,5523,3447,981.6,301.3
D,NBXX,9999,6.021e-5,4.503e-5,3.055e-5,6.829e-6,6.533e-6,5.532e-6
Y,189916,981.6,301.3,297.1,74.2,13.1,5.7,0,0000
T,2014,09,01,11,13,45
B,265644,29424,132,3447,160946,7445,143,3448,981.6,301.3
G,3148239,196093,125,3447,1858146,43181,111,3448,981.6,301.3
R,1285324,90713,5572,3447,760363,35833,5485,3448,981.6,301.3
D,NBXX,9999,6.041e-5,4.518e-5,3.014e-5,7.204e-6,6.321e-6,5.324e-6
Y,189723,981.6,301.3,297.2,74.5,13.1,5.7,0,0000
T,2014,09,01,11,18,45
B,265288,29517,136,3447,160984,7367,129,3447,981.5,301.3
G,3149392,196955,109,3447,1858431,43278,93,3447,981.5,301.3
R,1283503,91345,5531,3447,760531,35950,5526,3447,981.5,301.3
D,NBXX,9999,6.088e-5,4.544e-5,3.060e-5,7.050e-6,6.363e-6,5.422e-6
Y,189793,981.5,301.3,297.2,74.2,13.1,5.7,0,0000
T,2014,09,01,11,23,45
B,264388,29543,118,3448,161256,7491,132,3447,981.5,301.3
G,3152313,197303,115,3448,1853652,43597,118,3447,981.5,301.3
R,1284077,92122,5440,3448,761943,36083,5407,3447,981.5,301.3
D,NBXX,9999,6.131e-5,4.548e-5,3.121e-5,7.566e-6,6.443e-6,5.654e-6
Y,189915,981.5,301.3,297.2,74.2,13.1,5.7,0,0000
T,2014,09,01,11,28,45
B,265449,29732,130,3447,160915,7326,147,3447,981.6,301.3
G,3152103,196692,115,3447,1859133,43687,107,3447,981.6,301.3
R,1285384,91375,5420,3447,760541,36152,5654,3447,981.6,301.3
D,NBXX,9999,6.141e-5,4.529e-5,3.054e-5,6.855e-6,6.472e-6,5.514e-6
Y,189957,981.6,301.3,297.2,74.7,13.1,5.7,0,0000
T,2014,09,01,11,33,45
B,264342,29936,115,3447,161374,7429,95,3448,981.6,301.3
G,3150835,198336,96,3447,1854644,43772,85,3448,981.6,301.3
R,1283972,92726,5386,3447,760155,36295,5647,3448,981.6,301.3
D,NBXX,9999,6.265e-5,4.585e-5,3.145e-5,7.494e-6,6.515e-6,5.642e-6
Y,189880,981.6,301.3,297.2,74.7,13.1,5.7,0,0000
T,2014,09,01,11,38,45
B,263812,30139,169,3447,161361,7501,125,3447,981.6,301.3
G,3150805,201017,107,3447,1856089,44062,94,3447,981.6,301.3
R,1285391,92187,5486,3447,760529,36167,5600,3447,981.6,301.3
D,NBXX,9999,6.317e-5,4.668e-5,3.103e-5,7.467e-6,6.603e-6,5.514e-6
Y,189879,981.6,301.3,297.2,74.5,13.1,5.7,0,0000
T,2014,09,01,11,43,45
B,265822,30011,135,3448,161588,7352,144,3447,981.6,301.4
G,3151311,200577,95,3448,1860623,44323,122,3447,981.6,301.4
R,1285873,92814,5607,3448,760992,36021,5577,3447,981.6,301.4
D,NBXX,9999,6.213e-5,4.653e-5,3.133e-5,6.903e-6,6.681e-6,5.354e-6
Y,189854,981.6,301.4,297.3,74.7,13.1,5.7,0,0000
T,2014,09,01,11,48,45
B,266243,30113,131,3447,160302,7383,120,3447,981.6,301.4
G,3151093,202506,84,3447,1857917,44732,120,3447,981.6,301.4
R,1285406,93457,5535,3447,760714,36463,5567,3447,981.6,301.4
D,NBXX,9999,6.240e-5,4.714e-5,3.180e-5,7.057e-6,6.810e-6,5.685e-6
Y,189896,981.6,301.4,297.3,74.2,13.1,5.7,0,0000
T,2014,09,01,11,53,45
B,265994,30373,136,3447,161753,7616,131,3448,981.6,301.4
G,3148689,202816,123,3447,1856948,44245,128,3448,981.6,301.4
R,1284718,92920,5557,3447,762678,36201,5586,3448,981.6,301.4
D,NBXX,9999,6.323e-5,4.727e-5,3.147e-5,7.727e-6,6.647e-6,5.496e-6
Y,189751,981.6,301.4,297.3,74.2,13.1,5.7,0,0000
T,2014,09,01,11,58,45
B,265828,30004,158,3447,161477,7567,149,3447,981.6,301.4
G,3151707,202212,135,3447,1860641,44610,84,3447,981.6,301.4
R,1284629,93331,5571,3447,763130,36172,5651,3447,981.6,301.4
D,NBXX,9999,6.201e-5,4.703e-5,3.167e-5,7.456e-6,6.764e-6,5.428e-6
Y,189933,981.6,301.4,297.3,74.5,13.1,5.7,0,0000
T,2014,09,01,12,03,45
B,265549,30248,143,3448,160831,7426,126,3447,981.5,301.4
G,3150349,205330,101,3448,1856210,44817,111,3447,981.5,301.4
R,1286183,94646,5557,3448,759916,36764,5431,3447,981.5,301.4
D,NBXX,9999,6.302e-5,4.804e-5,3.258e-5,7.202e-6,6.841e-6,5.949e-6
Y,189796,981.5,301.4,297.4,74.5,13.1,5.7,0,0000
T,2014,09,01,12,08,45
B,265638,30274,155,3447,161311,7582,132,3447,981.5,301.4
G,3149307,203443,95,3447,1860514,44532,124,3447,981.5,301.4
R,1285651,94268,5687,3447,762485,36593,5687,3447,981.5,301.4
D,NBXX,9999,6.300e-5,4.747e-5,3.210e-5,7.602e-6,6.750e-6,5.568e-6
Y,189788,981.5,301.4,297.4,74.7,13.1,5.7,0,0000
T,2014,09,01,12,13,45
B,265718,30314,151,3447,160990,7476,145,3448,981.5,301.4
G,3152838,203537,122,3447,1859052,44418,86,3448,981.5,301.4
R,1288642,94016,5714,3447,760671,36274,5733,3448,981.5,301.4
D,NBXX,9999,6.307e-5,4.743e-5,3.178e-5,7.232e-6,6.699e-6,5.281e-6
Y,190002,981.5,301.4,297.4,75.0,13.1,5.7,0,0000
T,2014,09,01,12,18,45
B,264744,30689,155,3447,160666,7469,135,3447,981.5,301.4
G,3151465,207186,117,3447,1854197,44434,107,3447,981.5,301.4
R,1284040,96662,5548,3447,759505,36951,5625,3447,981.5,301.4
D,NBXX,9999,6.458e-5,4.859e-5,3.378e-5,7.319e-6,6.708e-6,5.951e-6
Y,189919,981.5,301.4,297.4,74.2,13.1,5.7,0,0000
T,2014,09,01,12,23,45
B,265226,30602,148,3448,161069,7645,170,3447,981.4,301.5
G,3147186,204145,109,3448,1853684,44785,126,3447,981.4,301.5
R,1283559,94688,5771,3448,759735,36462,5626,3447,981.4,301.5
D,NBXX,9999,6.404e-5,4.772e-5,3.242e-5,7.727e-6,6.837e-6,5.499e-6
Y,189605,981.4,301.5,297.4,73.4,13.1,5.7,0,0000
T,2014,09,01,12,28,45
B,264782,30224,158,3447,160306,7510,154,3447,981.4,301.5
G,3149364,203162,101,3447,1861584,44362,81,3447,981.4,301.5
R,1286339,94814,5657,3447,762046,36587,5679,3447,981.4,301.5
D,NBXX,9999,6.306e-5,4.739e-5,3.244e-5,7.364e-6,6.710e-6,5.584e-6
Y,189791,981.4,301.5,297.4,72.9,13.1,5.7,0,0000
T,2014,09,01,12,33,45
B,265857,30141,161,3447,161180,7657,131,3448,981.4,301.5
G,3153731,203145,98,3447,1860951,44440,130,3448,981.4,301.5
R,1286918,94715,5670,3447,760848,37225,5754,3448,981.4,301.5
D,NBXX,9999,6.250e-5,4.728e-5,3.229e-5,7.789e-6,6.694e-6,5.902e-6
Y,190056,981.4,301.5,297.5,73.1,13.1,5.7,0,0000
T,2014,09,01,12,38,45
B,265430,30635,171,3447,160623,7601,153,3447,981.4,301.5
G,3150155,206283,141,3447,1853780,44876,101,3447,981.4,301.5
R,1285016,96294,5711,3447,757546,37121,5780,3447,981.4,301.5
D,NBXX,9999,6.405e-5,4.833e-5,3.329e-5,7.547e-6,6.846e-6,5.817e-6
Y,189839,981.4,301.5,297.5,73.9,13.1,5.7,0,0000
T,2014,09,01,12,43,45
B,265992,30440,168,3448,160832,7464,163,3447,981.4,301.5
G,3148270,204021,92,3448,1857748,44477,88,3447,981.4,301.5
R,1287130,94787,5761,3448,761601,37151,5741,3447,981.4,301.5
D,NBXX,9999,6.324e-5,4.768e-5,3.227e-5,7.062e-6,6.756e-6,5.809e-6
Y,189670,981.4,301.5,297.5,73.1,13.1,5.7,0,0000
T,2014,09,01,12,48,45
B,266278,30461,163,3447,160713,7354,118,3447,981.4,301.5
G,3149065,205665,120,3447,1858679,44843,107,3447,981.4,301.5
R,1286246,95763,5728,3447,761929,36967,5783,3447,981.4,301.5
D,NBXX,9999,6.337e-5,4.816e-5,3.290e-5,6.873e-6,6.846e-6,5.694e-6
Y,189773,981.4,301.5,297.5,73.6,13.1,5.7,0,0000
T,2014,09,01,12,53,45
B,265985,30536,181,3447,161560,7508,117,3447,981.4,301.6
G,3150657,205956,146,3447,1859300,44433,139,3447,981.4,301.6
R,1286124,95935,5669,3447,761274,36612,5839,3447,981.4,301.6
D,NBXX,9999,6.367e-5,4.820e-5,3.301e-5,7.322e-6,6.689e-6,5.478e-6
Y,189870,981.4,301.6,297.5,74.5,13.1,5.7,0,0000
T,2014,09,01,12,58,45
B,266583,30736,148,3447,160548,7594,127,3448,981.3,301.6
G,3149057,207430,159,3447,1854859,44815,106,3448,981.3,301.6
R,1285663,95967,5660,3447,760550,36961,5710,3448,981.3,301.6
D,NBXX,9999,6.416e-5,4.870e-5,3.315e-5,7.610e-6,6.819e-6,5.792e-6
Y,189773,981.3,301.6,297.6,73.6,13.1,5.7,0,0000
T,2014,09,01,13,03,45
B,266306,30815,143,3447,160282,7652,163,3447,981.3,301.6
G,3151640,207778,94,3447,1860285,44928,115,3447,981.3,301.6
R,1285069,96713,5793,3447,760840,37220,5745,3447,981.3,301.6
D,NBXX,9999,6.439e-5,4.878e-5,3.351e-5,7.707e-6,6.867e-6,5.844e-6
Y,189929,981.3,301.6,297.6,74.1,13.1,5.7,0,0000
T,2014,09,01,13,08,45
B,265481,30408,154,3448,161188,7587,156,3447,981.2,301.6
G,3150044,205040,131,3448,1855239,44694,98,3447,981.2,301.6
R,1285852,94880,5794,3448,761233,36954,5728,3447,981.2,301.6
D,NBXX,9999,6.342e-5,4.795e-5,3.236e-5,7.569e-6,6.798e-6,5.688e-6
Y,189777,981.2,301.6,297.6,73.7,13.1,5.7,0,0000
T,2014,09,01,13,13,45
B,265624,29856,164,3447,160524,7382,147,3447,981.1,301.6
G,3149531,199659,120,3447,1855112,43523,115,3447,981.1,301.6
R,1286167,93500,5726,3447,760048,36894,5811,3447,981.1,301.6
D,NBXX,9999,6.167e-5,4.627e-5,3.149e-5,6.919e-6,6.427e-6,5.631e-6
Y,189802,981.1,301.6,297.6,73.4,13.1,5.7,0,0000
T,2014,09,01,13,18,45
B,264887,28503,131,3447,160240,7326,142,3448,981.1,301.6
G,3143172,192062,118,3447,1853935,42903,98,3448,981.1,301.6
R,1287618,91889,5903,3447,760921,36148,5933,3448,981.1,301.6
D,NBXX,9999,5.790e-5,4.402e-5,3.023e-5,6.936e-6,6.263e-6,4.936e-6
Y,189417,981.1,301.6,297.6,72.3,13.1,5.7,0,0000
T,2014,09,01,13,23,45
B,265420,27496,132,3447,161427,7122,160,3447,981.1,301.7
G,3142521,182768,164,3447,1856292,41466,140,3447,981.1,301.7
R,1284541,89978,5893,3447,760346,35899,5743,3447,981.1,301.7
D,NBXX,9999,5.457e-5,4.108e-5,2.931e-5,6.206e-6,5.786e-6,4.964e-6
Y,189378,981.1,301.7,297.7,70.8,13.1,5.7,0,0000
T,2014,09,01,13,28,45
B,263908,27829,155,3448,161143,7254,160,3447,981.1,301.7
G,3148764,185797,107,3448,1856259,41974,112,3447,981.1,301.7
R,1285943,89406,5931,3448,761193,36337,5837,3447,981.1,301.7
D,NBXX,9999,5.599e-5,4.194e-5,2.881e-5,6.656e-6,5.954e-6,5.130e-6
Y,189700,981.1,301.7,297.7,70.2,13.1,5.7,0,0000
T,2014,09,01,13,33,45
B,265518,28121,160,3447,160479,7261,160,3447,981.1,301.7
G,3141677,188566,136,3447,1855390,42570,130,3447,981.1,301.7
R,1287887,90888,5989,3447,761709,36601,5930,3447,981.1,301.7
D,NBXX,9999,5.636e-5,4.293e-5,2.955e-5,6.525e-6,6.150e-6,5.158e-6
Y,189326,981.1,301.7,297.7,69.8,13.1,5.7,0,0000
T,2014,09,01,13,38,45
B,265508,28141,151,3447,160838,7214,125,3448,981.0,301.7
G,3145224,187593,152,3447,1854568,42255,97,3448,981.0,301.7
R,1284663,91227,5903,3447,760111,36349,5985,3448,981.0,301.7
D,NBXX,9999,5.657e-5,4.256e-5,2.990e-5,6.531e-6,6.039e-6,5.055e-6
Y,189541,981.0,301.7,297.7,69.8,13.1,5.7,0,0000
T,2014,09,01,13,43,45
B,264533,27168,143,3447,160309,7120,155,3447,981.0,301.7
G,3149731,184501,130,3447,1854019,41772,90,3447,981.0,301.7
R,1286649,91392,5982,3447,759487,36674,5961,3447,981.0,301.7
D,NBXX,9999,5.382e-5,4.152e-5,2.989e-5,6.248e-6,5.883e-6,5.200e-6
Y,189814,981.0,301.7,297.7,70.3,13.1,5.7,0,0000
T,2014,09,01,13,48,45
B,266035,26439,173,3448,160973,7131,163,3447,981.0,301.7
G,3148873,177134,111,3448,1860442,40576,112,3447,981.0,301.7
R,1285776,89192,5900,3448,762218,35840,5883,3447,981.0,301.7
D,NBXX,9999,5.099e-5,3.922e-5,2.867e-5,6.035e-6,5.514e-6,4.814e-6
Y,189707,981.0,301.7,297.8,70.3,13.1,5.7,0,0000
T,2014,09,01,13,53,45
B,264320,26892,139,3447,160858,7052,158,3447,980.9,301.7
G,3142747,179437,152,3447,1851825,40752,118,3447,980.9,301.7
R,1284495,89284,5890,3447,759448,36110,5850,3447,980.9,301.7
D,NBXX,9999,5.304e-5,4.004e-5,2.881e-5,6.059e-6,5.573e-6,5.020e-6
Y,189391,980.9,301.7,297.8,69.5,13.1,5.7,0,0000
T,2014,09,01,13,58,45
B,266072,26959,138,3447,160830,7031,151,3448,980.9,301.7
G,3141425,177485,120,3447,1852356,40880,104,3448,980.9,301.7
R,1283300,87735,5875,3447,760070,36404,5883,3448,980.9,301.7
D,NBXX,9999,5.273e-5,3.947e-5,2.788e-5,5.881e-6,5.632e-6,5.197e-6
Y,189311,980.9,301.7,297.8,69.7,13.1,5.7,0,0000
T,2014,09,01,14,03,45
B,265380,24909,143,3447,160841,6768,134,3447,980.8,301.8
G,3143883,169755,124,3447,1852704,40014,101,3447,980.8,301.8
R,1282851,86514,5775,3447,760126,35764,5959,3447,980.8,301.8
D,NBXX,9999,4.670e-5,3.702e-5,2.716e-5,5.176e-6,5.367e-6,4.829e-6
Y,189460,980.8,301.8,297.8,68.2,13.1,5.7,0,0000
T,2014,09,01,14,08,45
B,265329,24373,181,3448,160684,6751,154,3447,980.8,301.8
G,3134808,166564,137,3448,1847926,38701,103,3447,980.8,301.8
R,1281835,86859,5989,3448,758718,35246,5979,3447,980.8,301.8
D,NBXX,9999,4.486e-5,3.617e-5,2.724e-5,4.928e-6,4.987e-6,4.356e-6
Y,188856,980.8,301.8,297.8,68.0,13.1,5.7,0,0000
T,2014,09,01,14,13,45
B,263989,24862,165,3447,160157,6773,133,3447,980.7,301.8
G,3101806,166933,131,3447,1824957,39455,99,3447,980.7,301.8
R,1262611,86535,6022,3447,745918,35536,5980,3447,980.7,301.8
D,NBXX,9999,4.688e-5,3.685e-5,2.771e-5,5.221e-6,5.357e-6,4.710e-6
Y,186915,980.7,301.8,297.8,68.5,13.1,5.7,0,0000
T,2014,09,01,14,18,45
B,264435,25146,160,3447,160180,6952,139,3448,980.7,301.8
G,3110404,169005,106,3447,1833531,39756,108,3448,980.7,301.8
R,1271141,85819,5965,3447,755317,35399,5864,3448,980.7,301.8
D,NBXX,9999,4.762e-5,3.736e-5,2.708e-5,5.729e-6,5.420e-6,4.653e-6
Y,187435,980.7,301.8,297.8,67.9,13.1,5.7,0,0000
T,2014,09,01,14,23,45
B,264338,25174,164,3447,160278,6823,149,3447,980.7,301.8
G,3143260,169529,133,3447,1852354,40353,84,3447,980.7,301.8
R,1287008,86312,6064,3447,760992,35637,6042,3447,980.7,301.8
D,NBXX,9999,4.769e-5,3.696e-5,2.663e-5,5.295e-6,5.478e-6,4.440e-6
Y,189422,980.7,301.8,297.8,67.1,13.1,5.7,0,0000
T,2014,09,01,14,28,45
B,265044,25706,159,3448,160330,7090,159,3447,980.6,301.8
G,3136482,172861,112,3448,1852848,40587,119,3447,980.6,301.8
R,1286969,87679,6152,3448,760260,36248,5969,3447,980.6,301.8
D,NBXX,9999,4.910e-5,3.812e-5,2.746e-5,6.051e-6,5.578e-6,4.811e-6
Y,188957,980.6,301.8,297.8,67.7,13.1,5.7,0,0000
T,2014,09,01,14,33,45
B,263973,25537,153,3447,159184,6962,144,3447,980.6,301.8
G,3142654,172800,137,3447,1849081,40144,117,3447,980.6,301.8
R,1286858,87313,5992,3447,760329,35872,5918,3447,980.6,301.8
D,NBXX,9999,4.897e-5,3.799e-5,2.739e-5,5.809e-6,5.402e-6,4.727e-6
Y,189386,980.6,301.8,297.8,68.2,13.1,5.7,0,0000
T,2014,09,01,14,38,45
B,264751,25866,180,3447,161242,6918,157,3448,980.6,301.8
G,3142263,174185,136,3447,1853841,40761,149,3448,980.6,301.8
R,1289414,88360,6049,3447,763174,36216,5916,3448,980.6,301.8
D,NBXX,9999,4.961e-5,3.842e-5,2.790e-5,5.465e-6,5.582e-6,4.867e-6
Y,189362,980.6,301.8,297.8,69.0,13.1,5.7,0,0000
T,2014,09,01,14,43,45
B,263719,24826,172,3447,160087,6937,181,3447,980.5,301.8
G,3144927,168718,117,3447,1850563,39770,96,3447,980.5,301.8
R,1286493,86155,6018,3447,760952,35606,6085,3447,980.5,301.8
D,NBXX,9999,4.665e-5,3.668e-5,2.655e-5,5.551e-6,5.290e-6,4.428e-6
Y,189523,980.5,301.8,297.9,68.7,13.1,5.7,0,0000
T,2014,09,01,14,48,45
B,265000,24821,155,3448,160605,7001,170,3447,980.5,301.8
G,3150016,168038,127,3448,1854694,39647,97,3447,980.5,301.8
R,1290778,87057,6108,3448,760460,35860,6037,3447,980.5,301.8
D,NBXX,9999,4.637e-5,3.638e-5,2.693e-5,5.756e-6,5.231e-6,4.515e-6
Y,189776,980.5,301.8,297.9,68.9,13.1,5.7,0,0000
T,2014,09,01,14,53,45
B,266000,24420,145,3447,160622,6988,136,3447,980.4,301.8
G,3143536,166894,142,3447,1855541,39492,141,3447,980.4,301.8
R,1287686,85854,6073,3447,762455,35602,5981,3447,980.4,301.8
D,NBXX,9999,4.504e-5,3.611e-5,2.636e-5,5.803e-6,5.183e-6,4.449e-6
Y,189439,980.4,301.8,297.9,67.2,13.1,5.7,0,0000
T,2014,09,01,14,58,45
B,263632,24132,169,3447,160148,6751,169,3448,980.4,301.9
G,3143355,166388,143,3447,1853194,39637,110,3448,980.4,301.9
R,1286063,85482,6071,3447,760544,35535,6143,3448,980.4,301.9
D,NBXX,9999,4.461e-5,3.596e-5,2.607e-5,5.045e-6,5.236e-6,4.305e-6
Y,189428,980.4,301.9,297.9,66.6,13.1,5.7,0,0000
T,2014,09,01,15,03,45
B,265370,24810,156,3447,160853,6899,146,3447,980.4,301.9
G,3144849,166702,111,3447,1851505,39251,115,3447,980.4,301.9
R,1290892,85888,6104,3447,765170,35661,6129,3447,980.4,301.9
D,NBXX,9999,4.634e-5,3.605e-5,2.614e-5,5.504e-6,5.123e-6,4.324e-6
Y,189518,980.4,301.9,297.9,66.7,13.1,5.7,0,0000
T,2014,09,01,15,08,45
B,265030,23806,160,3447,160059,6871,156,3447,980.3,301.9
G,3141041,163835,124,3447,1849220,39074,107,3447,980.3,301.9
R,1286846,85059,6228,3447,758039,35699,6239,3447,980.3,301.9
D,NBXX,9999,4.333e-5,3.521e-5,2.561e-5,5.408e-6,5.080e-6,4.222e-6
Y,189288,980.3,301.9,298.0,65.9,13.1,5.7,0,0000
T,2014,09,01,15,13,45
B,264470,23917,155,3448,160342,6760,114,3447,980.3,301.9
G,3134823,158466,122,3448,1848130,39014,135,3447,980.3,301.9
R,1288339,83924,6146,3448,760847,35230,6081,3447,980.3,301.9
D,NBXX,9999,4.399e-5,3.361e-5,2.502e-5,5.282e-6,5.080e-6,4.094e-6
Y,188857,980.3,301.9,298.0,64.3,13.1,5.7,0,0000
T,2014,09,01,15,18,45
B,264529,23542,174,3447,160662,6636,148,3447,980.2,301.9
G,3142909,159614,133,3447,1850282,38449,109,3447,980.2,301.9
R,1287932,84959,6173,3447,761838,35842,6273,3447,980.2,301.9
D,NBXX,9999,4.263e-5,3.385e-5,2.552e-5,4.701e-6,4.873e-6,4.314e-6
Y,189401,980.2,301.9,298.0,65.0,13.1,5.7,0,0000
T,2014,09,01,15,23,45
B,264648,22774,197,3447,160895,6552,154,3448,980.1,301.9
G,3143437,153716,132,3447,1852291,38239,115,3448,980.1,301.9
R,1285699,83032,6084,3447,762568,35127,6153,3448,980.1,301.9
D,NBXX,9999,4.013e-5,3.198e-5,2.456e-5,4.325e-6,4.799e-6,4.040e-6
Y,189433,980.1,301.9,298.0,64.6,13.1,5.7,0,0000
T,2014,09,01,15,28,45
B,264651,21552,162,3447,160316,6580,187,3447,980.0,301.9
G,3138141,147907,118,3447,1850398,36998,92,3447,980.0,301.9
R,1287378,82060,6291,3447,760905,35017,6122,3447,980.0,301.9
D,NBXX,9999,3.638e-5,3.025e-5,2.378e-5,4.424e-6,4.446e-6,3.835e-6
Y,189113,980.0,301.9,298.0,62.2,13.1,5.7,0,0000
T,2014,09,01,15,33,45
B,264178,22192,174,3448,159627,6557,128,3447,979.9,302.0
G,3145252,148862,100,3448,1847173,37484,103,3447,979.9,302.0
R,1288843,81215,6320,3448,759011,34990,6218,3447,979.9,302.0
D,NBXX,9999,3.864e-5,3.048e-5,2.315e-5,4.560e-6,4.592e-6,3.733e-6
Y,189488,979.9,302.0,298.0,62.4,13.1,5.7,0,0000
T,2014,09,01,15,38,45
B,264407,22353,155,3447,159862,6541,171,3447,979.9,302.0
G,3144357,151555,112,3447,1852172,37796,120,3447,979.9,302.0
R,1288020,82499,6217,3447,763399,35712,6142,3447,979.9,302.0
D,NBXX,9999,3.899e-5,3.132e-5,2.409e-5,4.403e-6,4.679e-6,4.308e-6
Y,189489,979.9,302.0,298.0,63.0,13.1,5.7,0,0000
T,2014,09,01,15,43,45
B,264560,22131,164,3447,160684,6719,137,3448,979.8,302.0
G,3144852,150115,129,3447,1854424,37245,102,3448,979.8,302.0
R,1291109,82377,6345,3447,760639,35478,6224,3448,979.8,302.0
D,NBXX,9999,3.835e-5,3.086e-5,2.377e-5,5.023e-6,4.501e-6,3.978e-6
Y,189519,979.8,302.0,298.0,63.3,13.1,5.7,0,0000
T,2014,09,01,15,48,45
B,264166,22079,170,3447,160331,6607,173,3447,979.8,302.0
G,3140690,148645,154,3447,1857977,36946,132,3447,979.8,302.0
R,1287450,82053,6249,3447,764394,35435,6380,3447,979.8,302.0
D,NBXX,9999,3.815e-5,3.045e-5,2.365e-5,4.563e-6,4.406e-6,3.950e-6
Y,189267,979.8,302.0,298.0,62.2,13.1,5.7,0,0000
T,2014,09,01,15,53,45
B,264678,21398,187,3448,160035,6496,146,3447,979.7,301.9
G,3141887,144763,160,3448,1849293,36881,101,3447,979.7,301.9
R,1286129,80258,6324,3448,760381,35301,6193,3447,979.7,301.9
D,NBXX,9999,3.596e-5,2.919e-5,2.266e-5,4.226e-6,4.380e-6,3.966e-6
Y,189284,979.7,301.9,298.0,60.9,13.1,5.7,0,0000
T,2014,09,01,15,58,45
B,263966,21728,122,3447,159910,6639,149,3447,979.8,301.9
G,3139937,145581,157,3447,1848100,36963,152,3447,979.8,301.9
R,1288827,80579,6360,3447,761545,34746,6259,3447,979.8,301.9
D,NBXX,9999,3.737e-5,2.946e-5,2.270e-5,4.934e-6,4.392e-6,3.520e-6
Y,189221,979.8,301.9,297.9,61.1,13.1,5.7,0,0000
T,2014,09,01,16,03,45
B,264672,22192,155,3447,159781,6559,128,3448,980.0,302.0
G,3142516,149702,122,3447,1851515,37366,119,3448,980.0,302.0
R,1287787,82556,6334,3447,762851,35128,6250,3448,980.0,302.0
D,NBXX,9999,3.858e-5,3.077e-5,2.395e-5,4.587e-6,4.544e-6,3.772e-6
Y,189377,980.0,302.0,297.9,63.8,13.1,5.7,0,0000
T,2014,09,01,16,08,45
B,264738,22332,146,3447,159068,6560,162,3447,979.9,301.9
G,3140387,152006,121,3447,1853419,37381,121,3447,979.9,301.9
R,1289113,82920,6185,3447,761992,35766,6235,3447,979.9,301.9
D,NBXX,9999,3.890e-5,3.150e-5,2.427e-5,4.502e-6,4.547e-6,4.287e-6
Y,189248,979.9,301.9,297.9,64.5,13.1,5.7,0,0000
T,2014,09,01,16,13,45
B,264273,22337,150,3448,160076,6408,156,3447,979.7,301.9
G,3141791,151710,134,3448,1849705,37762,94,3447,979.7,301.9
R,1289808,82623,6297,3448,760827,35445,6217,3447,979.7,301.9
D,NBXX,9999,3.904e-5,3.139e-5,2.400e-5,4.080e-6,4.670e-6,4.020e-6
Y,189278,979.7,301.9,297.9,64.5,13.1,5.7,0,0000
T,2014,09,01,16,18,45
B,264678,22515,190,3447,159853,6534,145,3447,979.7,301.9
G,3142267,152187,106,3447,1850322,37464,87,3447,979.7,301.9
R,1286426,82742,6418,3447,760111,35601,6255,3447,979.7,301.9
D,NBXX,9999,3.939e-5,3.154e-5,2.407e-5,4.330e-6,4.584e-6,4.031e-6
Y,189362,979.7,301.9,297.9,64.6,13.1,5.7,0,0000
T,2014,09,01,16,23,45
B,265873,22266,179,3447,160461,6638,167,3448,979.7,301.9
G,3140317,151406,124,3447,1849596,37679,150,3448,979.7,301.9
R,1287612,82739,6149,3447,763235,35293,6260,3448,979.7,301.9
D,NBXX,9999,3.828e-5,3.130e-5,2.422e-5,4.519e-6,4.625e-6,4.014e-6
Y,189244,979.7,301.9,297.9,64.2,13.1,5.7,0,0000
T,2014,09,01,16,28,45
B,264579,22694,176,3447,160015,6667,128,3447,979.7,301.9
G,3143462,154114,105,3447,1851283,38053,144,3447,979.7,301.9
R,1288379,83248,6180,3447,763579,35589,6264,3447,979.7,301.9
D,NBXX,9999,4.007e-5,3.211e-5,2.448e-5,4.857e-6,4.744e-6,4.168e-6
Y,189434,979.7,301.9,297.9,65.8,13.1,5.7,0,0000
T,2014,09,01,16,33,45
B,265064,22836,175,3448,160659,6576,164,3447,979.7,301.9
G,3142806,155459,110,3448,1852774,38254,145,3447,979.7,301.9
R,1288048,84322,6242,3448,763229,35382,6274,3447,979.7,301.9
D,NBXX,9999,4.026e-5,3.254e-5,2.510e-5,4.423e-6,4.811e-6,3.998e-6
Y,189340,979.7,301.9,297.9,65.3,13.1,5.7,0,0000
T,2014,09,01,16,38,45
B,264990,23270,156,3447,159593,6799,148,3447,979.7,301.9
G,3142863,159369,121,3447,1854384,38989,113,3447,979.7,301.9
R,1287870,85048,6185,3447,762265,35788,6465,3447,979.7,301.9
D,NBXX,9999,4.173e-5,3.377e-5,2.546e-5,5.232e-6,5.045e-6,4.149e-6
Y,189398,979.7,301.9,297.9,66.3,13.1,5.7,0,0000
T,2014,09,01,16,43,45
B,266016,24106,166,3447,160966,6778,151,3448,979.7,301.9
G,3145080,164934,107,3447,1854773,39355,122,3448,979.7,301.9
R,1290417,86879,6162,3447,762914,35879,6135,3448,979.7,301.9
D,NBXX,9999,4.398e-5,3.549e-5,2.675e-5,5.040e-6,5.150e-6,4.426e-6
Y,189532,979.7,301.9,297.9,67.6,13.1,5.7,0,0000
T,2014,09,01,16,48,45
B,264997,25559,157,3447,160074,7069,152,3447,979.7,301.9
G,3149781,173599,127,3447,1854035,40400,145,3447,979.7,301.9
R,1289280,89537,6131,3447,764156,37052,6434,3447,979.7,301.9
D,NBXX,9999,4.875e-5,3.811e-5,2.824e-5,6.043e-6,5.447e-6,4.973e-6
Y,189817,979.7,301.9,297.9,69.8,13.1,5.7,0,0000
T,2014,09,01,16,53,45
B,265570,25433,146,3448,160441,6991,145,3447,979.8,301.9
G,3148723,172669,108,3448,1855747,40178,120,3447,979.8,301.9
R,1289323,88893,6373,3448,764204,36149,6249,3447,979.8,301.9
D,NBXX,9999,4.826e-5,3.785e-5,2.780e-5,5.830e-6,5.401e-6,4.381e-6
Y,189697,979.8,301.9,297.9,70.2,13.1,5.7,0,0000
T,2014,09,01,16,58,45
B,264129,26963,159,3447,160249,6903,158,3447,979.8,301.9
G,3146910,183544,124,3447,1852253,41336,104,3447,979.8,301.9
R,1288728,92508,6211,3447,760963,37056,6139,3447,979.8,301.9
D,NBXX,9999,5.330e-5,4.130e-5,3.024e-5,5.571e-6,5.768e-6,5.135e-6
Y,189643,979.8,301.9,297.8,72.3,13.1,5.7,0,0000
T,2014,09,01,17,03,45
B,264793,26939,167,3447,160155,7096,163,3448,979.8,301.9
G,3150148,183085,125,3447,1853156,41464,109,3448,979.8,301.9
R,1290196,91605,6149,3447,761987,36787,6312,3448,979.8,301.9
D,NBXX,9999,5.298e-5,4.109e-5,2.955e-5,6.061e-6,5.789e-6,4.869e-6
Y,189839,979.8,301.9,297.7,72.6,13.1,5.7,0,0000
T,2014,09,01,17,08,45
B,265586,26751,155,3447,160842,7011,150,3447,979.7,301.8
G,3150639,182190,150,3447,1856468,41286,130,3447,979.7,301.8
R,1290922,91537,6100,3447,765293,36731,6217,3447,979.7,301.8
D,NBXX,9999,5.221e-5,4.078e-5,2.958e-5,5.820e-6,5.718e-6,4.935e-6
Y,189869,979.7,301.8,297.7,72.6,13.1,5.7,0,0000
T,2014,09,01,17,13,45
B,264888,26408,162,3447,160042,6925,151,3447,979.8,301.8
G,3152843,179241,118,3447,1853885,41185,134,3447,979.8,301.8
R,1293051,90507,6057,3447,762273,37069,6082,3447,979.8,301.8
D,NBXX,9999,5.135e-5,3.983e-5,2.900e-5,5.581e-6,5.688e-6,5.246e-6
Y,190002,979.8,301.8,297.6,72.9,13.1,5.7,0,0000
T,2014,09,01,17,18,45
B,264388,26282,133,3448,160304,7044,146,3447,979.8,301.8
G,3150633,178428,133,3448,1857934,40810,117,3447,979.8,301.8
R,1292274,89604,6375,3448,764773,36481,6246,3447,979.8,301.8
D,NBXX,9999,5.123e-5,3.962e-5,2.813e-5,6.113e-6,5.584e-6,4.555e-6
Y,189813,979.8,301.8,297.6,72.6,13.1,5.7,0,0000
T,2014,09,01,17,23,45
B,263690,26478,190,3447,159978,7064,129,3447,979.7,301.8
G,3153593,178400,129,3447,1854682,40381,126,3447,979.7,301.8
R,1295292,89632,6222,3447,762898,36553,6188,3447,979.7,301.8
D,NBXX,9999,5.191e-5,3.955e-5,2.819e-5,6.081e-6,5.432e-6,4.713e-6
Y,190047,979.7,301.8,297.7,73.1,13.1,5.7,0,0000
T,2014,09,01,17,28,45
B,265960,25625,169,3447,160781,6932,148,3448,979.7,301.8
G,3151185,172490,156,3447,1854871,40240,103,3448,979.7,301.8
R,1295240,87417,6080,3447,764709,36274,6272,3448,979.7,301.8
D,NBXX,9999,4.861e-5,3.774e-5,2.688e-5,5.501e-6,5.392e-6,4.579e-6
Y,189902,979.7,301.8,297.6,72.1,13.1,5.7,0,0000
T,2014,09,01,17,33,45
B,265834,24914,144,3447,160677,6893,172,3447,979.7,301.8
G,3150362,166304,104,3447,1858146,39304,95,3447,979.7,301.8
R,1292886,85173,6136,3447,764521,35572,6024,3447,979.7,301.8
D,NBXX,9999,4.648e-5,3.584e-5,2.571e-5,5.401e-6,5.128e-6,4.315e-6
Y,189852,979.7,301.8,297.7,71.5,13.1,5.7,0,0000
T,2014,09,01,17,38,45
B,265724,23758,151,3448,160429,6658,148,3447,979.6,301.8
G,3150334,161367,108,3448,1855497,38440,105,3447,979.6,301.8
R,1293129,84145,6266,3448,764042,35605,6023,3447,979.6,301.8
D,NBXX,9999,4.302e-5,3.429e-5,2.498e-5,4.755e-6,4.856e-6,4.246e-6
Y,189795,979.6,301.8,297.7,71.0,13.1,5.7,0,0000
T,2014,09,01,17,43,45
B,265050,23263,171,3447,160266,6666,181,3447,979.6,301.7
G,3147529,156525,123,3447,1855942,37896,119,3447,979.6,301.7
R,1289751,81356,6143,3447,762861,35570,6066,3447,979.6,301.7
D,NBXX,9999,4.150e-5,3.280e-5,2.344e-5,4.635e-6,4.682e-6,4.310e-6
Y,189680,979.6,301.7,297.6,70.8,13.1,5.7,0,0000
T,2014,09,01,17,48,45
B,265839,21043,156,3447,160399,6501,171,3448,979.6,301.7
G,3145612,140215,107,3447,1853978,35963,100,3448,979.6,301.7
R,1289429,76173,6047,3447,763401,34498,6199,3448,979.6,301.7
D,NBXX,9999,3.458e-5,2.773e-5,2.024e-5,4.155e-6,4.092e-6,3.623e-6
Y,189565,979.6,301.7,297.6,68.2,13.1,5.7,0,0000
T,2014,09,01,17,53,45
B,264501,20415,157,3447,159080,6298,163,3447,979.5,301.7
G,3144842,136016,118,3447,1848537,34950,131,3447,979.5,301.7
R,1288802,74557,5978,3447,761002,34244,6123,3447,979.5,301.7
D,NBXX,9999,3.299e-5,2.641e-5,1.936e-5,3.656e-6,3.764e-6,3.581e-6
Y,189518,979.5,301.7,297.6,67.7,13.1,5.7,0,0000
T,2014,09,01,17,58,45
B,265318,20537,184,3448,160719,6274,147,3447,979.5,301.7
G,3143975,136253,135,3448,1853841,35174,122,3447,979.5,301.7
R,1287928,74715,5967,3448,761256,34145,6010,3447,979.5,301.7
D,NBXX,9999,3.314e-5,2.649e-5,1.957e-5,3.492e-6,3.838e-6,3.622e-6
Y,189410,979.5,301.7,297.6,68.4,13.1,5.7,0,0000
T,2014,09,01,18,03,45
B,264560,20774,184,3447,159967,6410,133,3447,979.5,301.7
G,3145045,138360,114,3447,1851090,35524,113,3447,979.5,301.7
R,1287256,75800,5983,3447,761618,34172,6313,3447,979.5,301.7
D,NBXX,9999,3.409e-5,2.715e-5,2.004e-5,4.007e-6,3.952e-6,3.412e-6
Y,189530,979.5,301.7,297.6,70.0,13.1,5.7,0,0000
T,2014,09,01,18,08,45
B,265372,19812,191,3447,160856,6319,162,3448,979.6,301.6
G,3142598,130022,142,3447,1854043,34277,135,3448,979.6,301.6
R,1290584,72840,5906,3447,761095,33734,5953,3448,979.6,301.6
D,NBXX,9999,3.083e-5,2.454e-5,1.843e-5,3.538e-6,3.547e-6,3.419e-6
Y,189382,979.6,301.6,297.5,69.5,13.1,5.7,0,0000
T,2014,09,01,18,13,45
B,264832,19224,145,3447,160621,6182,169,3447,979.6,301.6
G,3142313,126346,135,3447,1854785,33810,135,3447,979.6,301.6
R,1288436,70781,6086,3447,760219,33478,6079,3447,979.6,301.6
D,NBXX,9999,2.928e-5,2.339e-5,1.700e-5,3.298e-6,3.407e-6,3.068e-6
Y,189365,979.6,301.6,297.5,68.4,13.0,5.7,0,0000
T,2014,09,01,18,18,45
B,263838,18772,169,3448,160245,6115,135,3447,979.6,301.6
G,3149196,122263,145,3448,1854935,33673,112,3447,979.6,301.6
R,1289204,69680,6023,3448,761917,33029,6055,3447,979.6,301.6
D,NBXX,9999,2.814e-5,2.203e-5,1.637e-5,3.200e-6,3.349e-6,2.851e-6
Y,189726,979.6,301.6,297.5,66.7,13.1,5.7,0,0000
T,2014,09,01,18,23,45
B,265159,18185,144,3447,160400,6032,143,3447,979.7,301.6
G,3143831,118901,124,3447,1852069,33236,111,3447,979.7,301.6
R,1287819,68249,6070,3447,760131,32938,6023,3447,979.7,301.6
D,NBXX,9999,2.611e-5,2.105e-5,1.551e-5,2.912e-6,3.235e-6,2.792e-6
Y,189457,979.7,301.6,297.5,65.9,13.1,5.7,0,0000
T,2014,09,01,18,28,45
B,264781,18617,148,3447,160179,6137,141,3448,979.7,301.6
G,3143056,120212,150,3447,1851970,33193,112,3448,979.7,301.6
R,1288573,68746,5919,3447,760316,32840,6091,3448,979.7,301.6
D,NBXX,9999,2.751e-5,2.146e-5,1.586e-5,3.247e-6,3.211e-6,2.780e-6
Y,189410,979.7,301.6,297.5,67.1,13.1,5.7,0,0000
T,2014,09,01,18,33,45
B,264665,18307,138,3447,160780,6044,189,3447,979.7,301.6
G,3139878,119230,141,3447,1851326,32960,117,3447,979.7,301.6
R,1288991,68779,5943,3447,759033,32632,6126,3447,979.7,301.6
D,NBXX,9999,2.645e-5,2.119e-5,1.583e-5,2.838e-6,3.153e-6,2.611e-6
Y,189218,979.7,301.6,297.5,66.9,13.1,5.7,0,0000
T,2014,09,01,18,38,45
B,265719,18220,193,3448,160606,5976,127,3447,979.7,301.6
G,3143279,117580,127,3448,1849725,33164,147,3447,979.7,301.6
R,1287753,68344,5806,3448,761021,32886,5961,3447,979.7,301.6
D,NBXX,9999,2.599e-5,2.063e-5,1.580e-5,2.591e-6,3.203e-6,2.999e-6
Y,189368,979.7,301.6,297.5,65.9,13.1,5.7,0,0000
T,2014,09,01,18,43,45
B,264536,18474,153,3447,160169,5983,148,3447,979.9,301.6
G,3140056,120357,106,3447,1850539,32898,129,3447,979.9,301.6
R,1287124,68188,6088,3447,757756,32648,6250,3447,979.9,301.6
D,NBXX,9999,2.708e-5,2.155e-5,1.532e-5,2.752e-6,3.141e-6,2.445e-6
Y,189228,979.9,301.6,297.5,67.2,13.1,5.7,0,0000
T,2014,09,01,18,48,45
B,264631,18633,162,3447,161024,6146,138,3448,980.0,301.6
G,3142642,120949,146,3447,1851981,33581,130,3448,980.0,301.6
R,1286520,68960,6077,3447,761419,32586,5916,3448,980.0,301.6
D,NBXX,9999,2.755e-5,2.169e-5,1.603e-5,3.245e-6,3.329e-6,2.641e-6
Y,189385,980.0,301.6,297.4,68.0,13.1,5.7,0,0000
T,2014,09,01,18,53,45
B,265348,18958,161,3447,160758,6124,143,3447,980.0,301.6
G,3140841,123715,114,3447,1847228,33500,111,3447,980.0,301.6
R,1284439,70181,5921,3447,759162,33064,6135,3447,980.0,301.6
D,NBXX,9999,2.838e-5,2.260e-5,1.679e-5,3.121e-6,3.331e-6,2.914e-6
Y,189276,980.0,301.6,297.4,68.2,13.1,5.7,0,0000
T,2014,09,01,18,58,45
B,265664,20007,175,3448,160648,6095,140,3447,980.0,301.6
G,3145667,130222,148,3448,1852428,34358,118,3447,980.0,301.6
R,1287963,71862,5951,3448,762622,33194,6029,3447,980.0,301.6
D,NBXX,9999,3.149e-5,2.457e-5,1.779e-5,2.977e-6,3.573e-6,3.021e-6
Y,189513,980.0,301.6,297.4,68.5,13.1,5.7,0,0000
T,2014,09,01,19,03,45
B,265437,20507,148,3447,160269,6327,170,3447,979.9,301.6
G,3140834,133410,120,3447,1852397,35063,114,3447,979.9,301.6
R,1286574,73175,6158,3447,761668,33641,5878,3447,979.9,301.6
D,NBXX,9999,3.306e-5,2.565e-5,1.862e-5,3.688e-6,3.819e-6,3.278e-6
Y,189275,979.9,301.6,297.4,69.3,13.1,5.7,0,0000
T,2014,09,01,19,08,45
B,263543,20780,156,3447,160722,6496,167,3448,979.9,301.5
G,3143580,137479,110,3447,1853745,35468,122,3448,979.9,301.5
R,1286229,74789,5957,3447,760215,34069,5926,3448,979.9,301.5
D,NBXX,9999,3.431e-5,2.689e-5,1.974e-5,4.304e-6,3.934e-6,3.650e-6
Y,189442,979.9,301.5,297.4,69.7,13.1,5.7,0,0000
T,2014,09,01,19,13,45
B,264863,20942,160,3447,160084,6424,152,3447,979.9,301.5
G,3143340,136842,115,3447,1857437,35347,121,3447,979.9,301.5
R,1287584,74335,5954,3447,763700,33708,6045,3447,979.9,301.5
D,NBXX,9999,3.453e-5,2.669e-5,1.933e-5,4.033e-6,3.899e-6,3.336e-6
Y,189427,979.9,301.5,297.4,69.5,13.1,5.7,0,0000
T,2014,09,01,19,18,45
B,264726,21024,155,3448,160459,6463,137,3447,979.9,301.5
G,3144654,139514,129,3448,1858086,35802,107,3447,979.9,301.5
R,1287014,74719,5910,3448,761647,33741,5809,3447,979.9,301.5
D,NBXX,9999,3.488e-5,2.751e-5,1.978e-5,4.239e-6,4.040e-6,3.567e-6
Y,189451,979.9,301.5,297.4,70.3,13.1,5.7,0,0000
T,2014,09,01,19,23,45
B,265539,21562,171,3447,161566,6485,121,3447,980.0,301.5
G,3141636,139844,127,3447,1856013,35730,106,3447,980.0,301.5
R,1288100,74910,6007,3447,763989,33981,5841,3447,980.0,301.5
D,NBXX,9999,3.634e-5,2.766e-5,1.975e-5,4.244e-6,4.026e-6,3.594e-6
Y,189324,980.0,301.5,297.4,70.2,13.1,5.7,0,0000
T,2014,09,01,19,28,45
B,264398,21817,131,3447,160180,6647,139,3447,980.0,301.5
G,3144555,145052,107,3447,1856915,36625,137,3447,980.0,301.5
R,1286055,77296,6068,3447,762256,33896,6048,3447,980.0,301.5
D,NBXX,9999,3.748e-5,2.925e-5,2.109e-5,4.902e-6,4.293e-6,3.369e-6
Y,189501,980.0,301.5,297.4,70.2,13.1,5.7,0,0000
T,2014,09,01,19,33,45
B,264986,22059,163,3447,160368,6386,134,3448,980.0,301.5
G,3146906,145062,102,3447,1850495,36321,99,3448,980.0,301.5
R,1286725,77320,6032,3447,760375,34370,5870,3448,980.0,301.5
D,NBXX,9999,3.798e-5,2.923e-5,2.124e-5,3.955e-6,4.201e-6,3.803e-6
Y,189643,980.0,301.5,297.4,70.8,13.1,5.7,0,0000
T,2014,09,01,19,38,45
B,264563,22753,185,3447,160555,6696,143,3447,980.1,301.5
G,3146346,149838,112,3447,1854316,37122,97,3447,980.1,301.5
R,1288586,79103,5765,3447,760440,33768,5941,3447,980.1,301.5
D,NBXX,9999,4.012e-5,3.074e-5,2.242e-5,4.834e-6,4.455e-6,3.559e-6
Y,189609,980.1,301.5,297.4,71.3,13.1,5.7,0,0000
T,2014,09,01,19,43,45
B,264055,22812,163,3448,160162,6482,164,3447,980.1,301.5
G,3145752,151278,129,3448,1850639,37404,103,3447,980.1,301.5
R,1287730,79278,5929,3448,761375,34472,5857,3447,980.1,301.5
D,NBXX,9999,4.044e-5,3.119e-5,2.250e-5,4.221e-6,4.541e-6,3.949e-6
Y,189518,980.1,301.5,297.4,71.3,13.1,5.7,0,0000
T,2014,09,01,19,48,45
B,263441,23103,156,3447,160516,6632,136,3447,980.0,301.5
G,3142253,153791,124,3447,1849718,37756,138,3447,980.0,301.5
R,1286557,80003,5833,3447,759232,34671,5814,3447,980.0,301.5
D,NBXX,9999,4.162e-5,3.202e-5,2.308e-5,4.848e-6,4.650e-6,4.178e-6
Y,189361,980.0,301.5,297.4,71.8,13.1,5.7,0,0000
T,2014,09,01,19,53,45
B,265125,23255,139,3447,159936,6699,162,3448,980.0,301.5
G,3141874,154716,139,3447,1849450,37685,111,3448,980.0,301.5
R,1283795,79766,5860,3447,758991,34415,5757,3448,980.0,301.5
D,NBXX,9999,4.161e-5,3.232e-5,2.304e-5,4.892e-6,4.630e-6,4.064e-6
Y,189338,980.0,301.5,297.4,72.1,13.1,5.7,0,0000
T,2014,09,01,19,58,45
B,265961,24268,167,3447,160569,6923,138,3447,979.9,301.5
G,3147120,162310,136,3447,1852291,39130,107,3447,979.9,301.5
R,1286373,82250,5773,3447,761118,35113,5837,3447,979.9,301.5
D,NBXX,9999,4.447e-5,3.462e-5,2.452e-5,5.508e-6,5.070e-6,4.492e-6
Y,189656,979.9,301.5,297.4,72.1,13.1,5.7,0,0000
T,2014,09,01,20,03,45
B,264507,23929,138,3448,160805,6665,123,3447,979.8,301.5
G,3141866,159899,131,3448,1849302,38497,119,3447,979.8,301.5
R,1285659,82089,5871,3448,759760,34850,5898,3447,979.8,301.5
D,NBXX,9999,4.399e-5,3.395e-5,2.433e-5,4.987e-6,4.892e-6,4.228e-6
Y,189283,979.8,301.5,297.4,71.6,13.1,5.7,0,0000
T,2014,09,01,20,08,45
B,264977,23927,165,3447,160721,6837,158,3447,979.7,301.5
G,3143970,158354,133,3447,1854085,38380,93,3447,979.7,301.5
R,1285319,81782,5889,3447,759046,35032,5999,3447,979.7,301.5
D,NBXX,9999,4.363e-5,3.344e-5,2.407e-5,5.255e-6,4.853e-6,4.254e-6
Y,189465,979.7,301.5,297.4,71.6,13.1,5.7,0,0000
T,2014,09,01,20,13,45
B,265188,23968,194,3447,160339,6644,126,3448,979.7,301.5
G,3146617,159710,109,3447,1853964,38301,117,3448,979.7,301.5
R,1287614,81961,5920,3447,761458,35215,5994,3448,979.7,301.5
D,NBXX,9999,4.371e-5,3.382e-5,2.409e-5,4.651e-6,4.814e-6,4.320e-6
Y,189625,979.7,301.5,297.4,72.3,13.1,5.7,0,0000
T,2014,09,01,20,18,45
B,265326,23449,165,3447,160901,6627,154,3447,979.7,301.5
G,3143619,157692,138,3447,1852092,37990,127,3447,979.7,301.5
R,1285887,80889,5926,3447,760584,34808,5910,3447,979.7,301.5
D,NBXX,9999,4.209e-5,3.322e-5,2.354e-5,4.598e-6,4.717e-6,4.147e-6
Y,189444,979.7,301.5,297.4,73.7,13.1,5.7,0,0000
T,2014,09,01,20,23,45
B,264750,23861,172,3448,159181,6720,163,3447,979.7,301.5
G,3147338,159340,140,3448,1852805,38229,120,3447,979.7,301.5
R,1289194,81765,6048,3448,761148,34486,5948,3447,979.7,301.5
D,NBXX,9999,4.345e-5,3.368e-5,2.386e-5,4.875e-6,4.784e-6,3.806e-6
Y,189614,979.7,301.5,297.4,74.2,13.1,5.7,0,0000
T,2014,09,01,20,28,45
B,264985,23790,186,3447,160055,6748,137,3447,979.7,301.6
G,3146819,159182,124,3447,1856024,38178,111,3447,979.7,301.6
R,1289429,80883,5991,3447,761182,34895,6006,3447,979.7,301.6
D,NBXX,9999,4.324e-5,3.365e-5,2.331e-5,4.994e-6,4.775e-6,4.050e-6
Y,189638,979.7,301.6,297.4,74.7,13.1,5.7,0,0000
T,2014,09,01,20,33,45
B,264942,24116,163,3447,160680,6586,130,3448,979.7,301.5
G,3145154,158866,139,3447,1856846,38247,108,3448,979.7,301.5
R,1287999,80892,5835,3447,763483,34663,5964,3448,979.7,301.5
D,NBXX,9999,4.433e-5,3.357e-5,2.350e-5,4.587e-6,4.795e-6,4.058e-6
Y,189537,979.7,301.5,297.4,75.7,13.1,5.7,0,0000
T,2014,09,01,20,38,45
B,265940,24271,134,3447,160287,6639,134,3447,979.7,301.5
G,3145016,163813,121,3447,1856995,38780,96,3447,979.7,301.5
R,1288105,83278,5969,3447,762453,35028,6027,3447,979.7,301.5
D,NBXX,9999,4.462e-5,3.514e-5,2.483e-5,4.772e-6,4.978e-6,4.146e-6
Y,189528,979.7,301.5,297.4,75.8,13.1,5.7,0,0000
T,2014,09,01,20,43,45
B,266102,24186,127,3448,160894,6851,140,3447,979.9,301.6
G,3147611,164420,160,3448,1852685,39270,90,3447,979.9,301.6
R,1287494,83767,5895,3448,761649,34930,5876,3447,979.9,301.6
D,NBXX,9999,4.434e-5,3.528e-5,2.531e-5,5.432e-6,5.113e-6,4.258e-6
Y,189630,979.9,301.6,297.4,76.0,13.1,5.7,0,0000
T,2014,09,01,20,48,45
B,264955,23031,161,3447,160958,6616,129,3447,980.0,301.6
G,3146533,152761,130,3447,1851150,37634,101,3447,980.0,301.6
R,1288954,79772,5991,3447,760639,34541,5999,3447,980.0,301.6
D,NBXX,9999,4.103e-5,3.164e-5,2.262e-5,4.709e-6,4.607e-6,3.829e-6
Y,189620,980.0,301.6,297.4,74.5,13.1,5.7,0,0000
T,2014,09,01,20,53,45
B,264975,22404,137,3447,160511,6408,134,3448,980.0,301.5
G,3145286,148328,118,3447,1856012,37259,126,3448,980.0,301.5
R,1290193,78073,6005,3447,763844,34095,5849,3448,980.0,301.5
D,NBXX,9999,3.914e-5,3.027e-5,2.163e-5,4.116e-6,4.486e-6,3.634e-6
Y,189545,980.0,301.5,297.4,73.9,13.1,5.7,0,0000
T,2014,09,01,20,58,45
B,264719,21750,154,3447,159748,6621,164,3447,980.0,301.5
G,3143477,145324,129,3447,1852407,36444,101,3447,980.0,301.5
R,1285176,76541,5943,3447,760126,33981,6001,3447,980.0,301.5
D,NBXX,9999,3.703e-5,2.935e-5,2.078e-5,4.628e-6,4.245e-6,3.553e-6
Y,189435,980.0,301.5,297.4,73.4,13.1,5.7,0,0000
T,2014,09,01,21,03,45
B,265145,21174,163,3448,160378,6486,124,3447,980.1,301.5
G,3150352,141967,97,3448,1853875,36264,118,3447,980.1,301.5
R,1289097,75275,5886,3448,761466,34091,5879,3447,980.1,301.5
D,NBXX,9999,3.526e-5,2.821e-5,2.001e-5,4.298e-6,4.173e-6,3.716e-6
Y,189796,980.1,301.5,297.3,72.8,13.1,5.7,0,0000
T,2014,09,01,21,08,45
B,264272,21347,172,3447,159708,6580,138,3447,980.3,301.5
G,3146679,139795,130,3447,1852290,36213,85,3447,980.3,301.5
R,1286146,74106,6036,3447,762402,34276,5908,3447,980.3,301.5
D,NBXX,9999,3.593e-5,2.758e-5,1.925e-5,4.562e-6,4.167e-6,3.726e-6
Y,189629,980.3,301.5,297.3,72.4,13.1,5.7,0,0000
T,2014,09,01,21,13,45
B,264799,21439,199,3447,160611,6496,138,3448,980.4,301.5
G,3149092,140503,112,3447,1856062,36125,127,3448,980.4,301.5
R,1284602,75723,5799,3447,763685,33645,5952,3448,980.4,301.5
D,NBXX,9999,3.599e-5,2.776e-5,2.043e-5,4.164e-6,4.118e-6,3.485e-6
Y,189775,980.4,301.5,297.3,72.8,13.1,5.7,0,0000
T,2014,09,01,21,18,45
B,264980,21787,151,3447,160230,6602,130,3447,980.4,301.5
G,3147457,142837,112,3447,1852251,36615,107,3447,980.4,301.5
R,1287116,76363,5886,3447,759244,33547,5846,3447,980.4,301.5
D,NBXX,9999,3.721e-5,2.852e-5,2.076e-5,4.682e-6,4.288e-6,3.419e-6
Y,189676,980.4,301.5,297.3,72.8,13.1,5.7,0,0000
T,2014,09,01,21,23,45
B,264864,21162,164,3448,160526,6411,133,3447,980.5,301.5
G,3146118,138037,125,3448,1847463,35973,111,3447,980.5,301.5
R,1285430,74375,5902,3448,759147,33751,6025,3447,980.5,301.5
D,NBXX,9999,3.523e-5,2.703e-5,1.944e-5,4.038e-6,4.089e-6,3.426e-6
Y,189540,980.5,301.5,297.3,71.6,13.1,5.7,0,0000
T,2014,09,01,21,28,45
B,264365,20997,157,3447,160123,6335,118,3447,980.5,301.5
G,3143382,135723,128,3447,1850459,35357,119,3447,980.5,301.5
R,1287246,73141,5960,3447,759928,33360,5874,3447,980.5,301.5
D,NBXX,9999,3.492e-5,2.633e-5,1.870e-5,3.912e-6,3.898e-6,3.230e-6
Y,189430,980.5,301.5,297.3,71.0,13.1,5.7,0,0000
T,2014,09,01,21,33,45
B,264698,20805,150,3447,159646,6392,125,3448,980.6,301.5
G,3144945,136207,150,3447,1851248,36368,80,3448,980.6,301.5
R,1284732,73891,5932,3447,760681,33546,5904,3448,980.6,301.5
D,NBXX,9999,3.425e-5,2.647e-5,1.923e-5,4.059e-6,4.213e-6,3.362e-6
Y,189524,980.6,301.5,297.3,70.8,13.1,5.7,0,0000
T,2014,09,01,21,38,45
B,264207,21293,151,3447,161349,6392,148,3447,980.6,301.5
G,3148834,138303,131,3447,1853955,35782,116,3447,980.6,301.5
R,1290237,73625,5954,3447,760759,33732,5956,3447,980.6,301.5
D,NBXX,9999,3.579e-5,2.707e-5,1.886e-5,4.013e-6,4.012e-6,3.376e-6
Y,189759,980.6,301.5,297.3,72.1,13.1,5.7,0,0000
T,2014,09,01,21,43,45
B,263759,21124,121,3447,160612,6441,123,3447,980.7,301.4
G,3148362,138233,119,3447,1853420,36140,109,3447,980.7,301.4
R,1291054,74561,5870,3447,761541,33700,6033,3447,980.7,301.4
D,NBXX,9999,3.557e-5,2.706e-5,1.941e-5,4.393e-6,4.133e-6,3.353e-6
Y,189731,980.7,301.4,297.3,72.4,13.1,5.7,0,0000
T,2014,09,01,21,48,45
B,264623,20907,167,3448,160305,6449,120,3447,980.8,301.4
G,3148065,136211,130,3448,1854494,35753,111,3447,980.8,301.4
R,1289599,73172,5985,3448,760273,33805,5915,3447,980.8,301.4
D,NBXX,9999,3.454e-5,2.643e-5,1.860e-5,4.208e-6,4.011e-6,3.439e-6
Y,189658,980.8,301.4,297.3,71.9,13.1,5.7,0,0000
T,2014,09,01,21,53,45
B,265407,20977,130,3447,160389,6460,124,3447,980.8,301.4
G,3148684,135985,101,3447,1850506,35337,116,3447,980.8,301.4
R,1287296,74169,6011,3447,760497,33779,5865,3447,980.8,301.4
D,NBXX,9999,3.468e-5,2.635e-5,1.930e-5,4.298e-6,3.884e-6,3.457e-6
Y,189750,980.8,301.4,297.2,71.9,13.1,5.7,0,0000
T,2014,09,01,21,58,45
B,265839,20772,146,3447,160083,6573,140,3448,980.9,301.4
G,3146355,136519,130,3447,1857559,35672,104,3448,980.9,301.4
R,1288439,72823,5766,3447,763084,33456,5785,3448,980.9,301.4
D,NBXX,9999,3.384e-5,2.652e-5,1.867e-5,4.494e-6,3.975e-6,3.475e-6
Y,189609,980.9,301.4,297.2,71.9,13.1,5.7,0,0000
T,2014,09,01,22,03,45
B,264314,20750,126,3447,160397,6211,157,3447,980.9,301.4
G,3144853,136104,102,3447,1855126,35665,124,3447,980.9,301.4
R,1287674,73344,5951,3447,761951,33495,5814,3447,980.9,301.4
D,NBXX,9999,3.414e-5,2.641e-5,1.886e-5,3.505e-6,3.984e-6,3.358e-6
Y,189519,980.9,301.4,297.2,71.3,13.1,5.7,0,0000
T,2014,09,01,22,08,45
B,264946,20519,152,3448,160289,6206,138,3447,980.8,301.4
G,3146424,134890,147,3448,1852053,35429,96,3447,980.8,301.4
R,1285779,72396,5772,3448,759386,33429,5971,3447,980.8,301.4
D,NBXX,9999,3.326e-5,2.603e-5,1.834e-5,3.427e-6,3.915e-6,3.356e-6
Y,189558,980.8,301.4,297.2,71.0,13.1,5.7,0,0000
T,2014,09,01,22,13,45
B,263725,20641,152,3447,160982,6207,154,3447,980.8,301.4
G,3144031,134232,104,3447,1851377,35501,89,3447,980.8,301.4
R,1285499,72654,5794,3447,760590,33284,5815,3447,980.8,301.4
D,NBXX,9999,3.387e-5,2.588e-5,1.861e-5,3.451e-6,3.961e-6,3.360e-6
Y,189469,980.8,301.4,297.2,70.8,13.1,5.7,0,0000
T,2014,09,01,22,18,45
B,265817,20548,150,3447,161024,6385,126,3448,980.9,301.4
G,3145007,134664,120,3447,1851418,35679,102,3448,980.9,301.4
R,1287190,72638,5891,3447,761179,33321,5739,3448,980.9,301.4
D,NBXX,9999,3.319e-5,2.596e-5,1.854e-5,3.955e-6,3.986e-6,3.347e-6
Y,189528,980.9,301.4,297.2,70.8,13.1,5.7,0,0000
T,2014,09,01,22,23,45
B,265402,20359,167,3447,159774,6309,150,3447,981.0,301.3
G,3144497,134333,119,3447,1849535,35072,101,3447,981.0,301.3
R,1284265,72995,5844,3447,758879,33649,5886,3447,981.0,301.3
D,NBXX,9999,3.257e-5,2.586e-5,1.877e-5,3.611e-6,3.801e-6,3.511e-6
Y,189497,981.0,301.3,297.2,70.8,13.1,5.7,0,0000
T,2014,09,01,22,28,45
B,265127,20792,130,3448,161096,6260,164,3447,981.1,301.3
G,3150156,136037,113,3448,1855222,35646,100,3447,981.1,301.3
R,1286657,73321,5902,3448,760990,33438,5900,3447,981.1,301.3
D,NBXX,9999,3.404e-5,2.633e-5,1.885e-5,3.567e-6,3.967e-6,3.311e-6
Y,189784,981.1,301.3,297.2,70.8,13.1,5.7,0,0000
T,2014,09,01,22,33,45
B,263828,20894,155,3447,160493,6419,166,3447,981.1,301.3
G,3148180,136543,118,3447,1851598,35994,106,3447,981.1,301.3
R,1287028,73318,5808,3447,761914,33123,5814,3447,981.1,301.3
D,NBXX,9999,3.457e-5,2.651e-5,1.896e-5,4.045e-6,4.076e-6,3.237e-6
Y,189720,981.1,301.3,297.1,70.6,13.1,5.7,0,0000
T,2014,09,01,22,38,45
B,265226,20977,122,3447,160870,6138,123,3448,981.1,301.3
G,3146311,137229,111,3447,1856167,35698,129,3448,981.1,301.3
R,1286291,74185,5794,3447,761507,33195,5761,3448,981.1,301.3
D,NBXX,9999,3.476e-5,2.674e-5,1.957e-5,3.349e-6,3.981e-6,3.332e-6
Y,189607,981.1,301.3,297.1,70.6,13.1,5.7,0,0000
T,2014,09,01,22,43,45
B,265069,21696,147,3447,160430,6445,144,3447,981.1,301.3
G,3143703,139305,131,3447,1849082,36120,86,3447,981.1,301.3
R,1284726,74180,5760,3447,759719,33138,5751,3447,981.1,301.3
D,NBXX,9999,3.684e-5,2.744e-5,1.964e-5,4.144e-6,4.134e-6,3.348e-6
Y,189449,981.1,301.3,297.1,71.0,13.1,5.7,0,0000
T,2014,09,01,22,48,45
B,265829,21491,138,3448,160619,6382,155,3447,981.1,301.3
G,3144414,139702,87,3448,1855371,35888,113,3447,981.1,301.3
R,1284538,74118,5605,3448,757936,33189,5704,3447,981.1,301.3
D,NBXX,9999,3.602e-5,2.756e-5,1.975e-5,3.896e-6,4.068e-6,3.531e-6
Y,189437,981.1,301.3,297.1,71.3,13.1,5.7,0,0000
T,2014,09,01,22,53,45
B,264820,21518,146,3447,160316,6259,125,3447,981.1,301.3
G,3143594,142025,127,3447,1851782,36330,106,3447,981.1,301.3
R,1285030,75292,5700,3447,759462,33170,5732,3447,981.1,301.3
D,NBXX,9999,3.643e-5,2.829e-5,2.037e-5,3.661e-6,4.195e-6,3.421e-6
Y,189442,981.1,301.3,297.1,71.9,13.1,5.7,0,0000
T,2014,09,01,22,58,45
B,265658,21500,148,3447,160868,6420,136,3448,981.1,301.3
G,3144132,141782,125,3447,1855518,36312,93,3448,981.1,301.3
R,1286133,74806,5813,3447,759962,33319,5651,3448,981.1,301.3
D,NBXX,9999,3.612e-5,2.821e-5,2.002e-5,4.045e-6,4.189e-6,3.475e-6
Y,189475,981.1,301.3,297.1,72.1,13.1,5.7,0,0000
T,2014,09,01,23,03,45
B,264460,22020,130,3447,159782,6365,162,3447,981.2,301.3
G,3145139,145150,111,3447,1852973,36261,134,3447,981.2,301.3
R,1286022,74813,5731,3447,760235,33308,5774,3447,981.2,301.3
D,NBXX,9999,3.799e-5,2.924e-5,2.000e-5,3.937e-6,4.163e-6,3.445e-6
Y,189536,981.2,301.3,297.1,72.3,13.0,5.7,0,0000
T,2014,09,01,23,08,45
B,264729,22089,175,3448,160315,6388,120,3447,981.2,301.2
G,3148507,145826,147,3448,1849955,36291,134,3447,981.2,301.2
R,1286867,75561,5676,3448,758618,33496,5643,3447,981.2,301.2
D,NBXX,9999,3.812e-5,2.937e-5,2.056e-5,3.984e-6,4.137e-6,3.690e-6
Y,189684,981.2,301.2,297.1,72.4,13.1,5.7,0,0000
T,2014,09,01,23,13,45
B,264850,22730,149,3447,159871,6628,146,3447,981.2,301.2
G,3149575,146962,118,3447,1857919,36766,117,3447,981.2,301.2
R,1286761,75250,5748,3447,761440,33434,5685,3447,981.2,301.2
D,NBXX,9999,4.006e-5,2.972e-5,2.030e-5,4.708e-6,4.296e-6,3.567e-6
Y,189804,981.2,301.2,297.0,72.3,13.1,5.7,0,0000
T,2014,09,01,23,18,45
B,263312,22758,174,3447,161149,6551,140,3448,981.3,301.2
G,3146935,147520,102,3447,1861381,36525,113,3448,981.3,301.2
R,1287704,75385,5702,3447,762393,33381,5647,3448,981.3,301.2
D,NBXX,9999,4.048e-5,2.994e-5,2.041e-5,4.509e-6,4.234e-6,3.580e-6
Y,189645,981.3,301.2,297.0,72.4,13.1,5.7,0,0000
T,2014,09,01,23,23,45
B,264205,22316,178,3447,160574,6487,144,3447,981.2,301.2
G,3149021,147372,108,3447,1857893,36394,118,3447,981.2,301.2
R,1287954,75249,5699,3447,763426,33440,5792,3447,981.2,301.2
D,NBXX,9999,3.886e-5,2.986e-5,2.022e-5,4.224e-6,4.184e-6,3.517e-6
Y,189771,981.2,301.2,297.0,72.1,13.1,5.7,0,0000
T,2014,09,01,23,28,45
B,264673,22683,146,3448,160658,6303,163,3447,981.2,301.2
G,3149562,147171,137,3448,1855762,36441,119,3447,981.2,301.2
R,1288082,74882,5591,3448,760444,33353,5537,3447,981.2,301.2
D,NBXX,9999,3.991e-5,2.978e-5,2.024e-5,3.677e-6,4.190e-6,3.727e-6
Y,189748,981.2,301.2,296.9,72.1,13.1,5.7,0,0000
T,2014,09,01,23,33,45
B,265309,22570,148,3447,160262,6560,146,3447,981.1,301.1
G,3146275,146601,110,3447,1854927,36960,80,3447,981.1,301.1
R,1284325,74568,5797,3447,760895,33354,5499,3447,981.1,301.1
D,NBXX,9999,3.943e-5,2.967e-5,2.004e-5,4.455e-6,4.385e-6,3.639e-6
Y,189605,981.1,301.1,296.9,72.4,13.1,5.7,0,0000
T,2014,09,01,23,38,45
B,264534,22518,127,3447,160178,6396,156,3448,981.1,301.2
G,3145691,146101,115,3447,1857091,36311,109,3448,981.1,301.2
R,1284956,74639,5860,3447,760012,33800,5563,3448,981.1,301.2
D,NBXX,9999,3.953e-5,2.951e-5,1.998e-5,4.054e-6,4.168e-6,3.812e-6
Y,189569,981.1,301.2,296.9,72.3,13.1,5.7,0,0000
T,2014,09,01,23,43,45
B,265690,22146,141,3447,160756,6781,149,3447,981.0,301.1
G,3147422,143784,133,3447,1853048,36327,99,3447,981.0,301.1
R,1286598,73275,5745,3447,761785,33134,5661,3447,981.0,301.1
D,NBXX,9999,3.804e-5,2.876e-5,1.910e-5,5.119e-6,4.167e-6,3.403e-6
Y,189674,981.0,301.1,296.9,72.1,13.1,5.7,0,0000
T,2014,09,01,23,48,45
B,265564,22105,150,3447,160789,6477,172,3447,980.9,301.1
G,3149971,143751,127,3447,1858157,35865,93,3447,980.9,301.1
R,1285641,73050,5535,3447,760517,32984,5607,3447,980.9,301.1
D,NBXX,9999,3.784e-5,2.874e-5,1.918e-5,4.083e-6,4.031e-6,3.508e-6
Y,189828,980.9,301.1,296.9,71.9,13.1,5.7,0,0000
T,2014,09,01,23,53,45
B,265234,22407,179,3448,159893,6466,126,3447,980.9,301.1
G,3146250,143502,120,3448,1856155,36717,115,3447,980.9,301.1
R,1284772,73058,5545,3448,759974,33280,5549,3447,980.9,301.1
D,NBXX,9999,3.891e-5,2.871e-5,1.924e-5,4.139e-6,4.309e-6,3.739e-6
Y,189548,980.9,301.1,296.9,72.1,13.1,5.7,0,0000
T,2014,09,01,23,58,45
B,265131,22345,170,3447,160585,6290,179,3447,980.8,301.1
G,3146887,142219,106,3447,1860210,36457,108,3447,980.8,301.1
R,1284099,72790,5568,3447,762324,33093,5513,3447,980.8,301.1
D,NBXX,9999,3.859e-5,2.831e-5,1.911e-5,3.443e-6,4.229e-6,3.634e-6
Y,189642,980.8,301.1,296.9,71.9,13.1,5.7,0,0000
