T,2014,09,03,00,03,46
B,264680,20189,170,3448,159253,6293,136,3447,979.4,301.2
G,3141198,126678,131,3448,1853077,33799,113,3447,979.4,301.2
R,1283809,67081,5663,3448,758382,32373,5739,3447,979.4,301.2
D,NBXX,9999,3.228e-5,2.349e-5,1.539e-5,3.670e-6,3.407e-6,2.980e-6
Y,189242,979.4,301.2,297.0,70.6,13.1,5.7,0,0000
T,2014,09,03,00,08,46
B,261110,19236,143,3417,157755,6018,164,3417,979.3,301.2
G,3114492,120961,117,3417,1831265,33460,139,3417,979.3,301.2
R,1272910,65310,5664,3417,749368,31793,5837,3417,979.3,301.2
D,NBXX,9999,3.017e-5,2.202e-5,1.450e-5,3.067e-6,3.382e-6,2.644e-6
Y,189336,979.3,301.2,297.0,70.8,13.1,5.7,0,0008
T,2014,09,03,00,13,46
B,260153,19117,161,3402,156574,6026,126,3403,979.3,301.2
G,3101654,118354,122,3402,1819513,32645,117,3403,979.3,301.2
R,1264631,64049,5663,3402,745556,31556,5619,3403,979.3,301.2
D,NBXX,9999,3.008e-5,2.135e-5,1.408e-5,3.224e-6,3.170e-6,2.725e-6
Y,189387,979.3,301.2,297.0,70.3,13.1,5.7,0,0008
T,2014,09,03,00,18,46
B,263638,18795,128,3447,159053,6084,136,3447,979.3,301.2
G,3139932,118218,106,3447,1849241,33161,119,3447,979.3,301.2
R,1282794,64112,5770,3447,757961,31871,5675,3447,979.3,301.2
D,NBXX,9999,2.839e-5,2.086e-5,1.355e-5,3.255e-6,3.214e-6,2.644e-6
Y,189221,979.3,301.2,297.0,70.5,13.1,5.7,0,0000
T,2014,09,03,00,23,46
B,258548,18602,158,3383,156588,5946,172,3383,979.2,301.2
G,3084104,115788,110,3383,1808816,32279,92,3383,979.2,301.2
R,1257294,62706,5685,3383,741812,31260,5724,3383,979.2,301.2
D,NBXX,9999,2.867e-5,2.076e-5,1.333e-5,2.931e-6,3.128e-6,2.518e-6
Y,189373,979.2,301.2,297.0,70.6,13.1,5.7,0,0008
T,2014,09,03,00,28,46
B,262151,18625,133,3420,157795,5934,155,3420,979.1,301.2
G,3114047,116313,101,3420,1828693,32471,99,3420,979.1,301.2
R,1270606,63018,5679,3420,749827,31657,5813,3420,979.1,301.2
D,NBXX,9999,2.810e-5,2.057e-5,1.313e-5,2.804e-6,3.091e-6,2.586e-6
Y,189142,979.1,301.2,296.9,70.6,13.1,5.7,0,0008
T,2014,09,03,00,33,46
B,262431,18564,140,3416,158218,5986,168,3416,979.2,301.2
G,3111784,115966,139,3416,1830471,32705,148,3416,979.2,301.2
R,1271054,63260,5654,3416,752455,31351,5612,3416,979.2,301.2
D,NBXX,9999,2.778e-5,2.046e-5,1.344e-5,2.875e-6,3.140e-6,2.555e-6
Y,189226,979.2,301.2,296.9,70.8,13.1,5.7,0,0008
T,2014,09,03,00,38,46
B,260078,18356,167,3414,157086,6010,129,3415,979.2,301.2
G,3110707,111411,124,3414,1824810,32370,109,3415,979.2,301.2
R,1271041,62011,5691,3414,748848,31050,5537,3415,979.2,301.2
D,NBXX,9999,2.768e-5,1.904e-5,1.269e-5,3.147e-6,3.055e-6,2.391e-6
Y,189272,979.2,301.2,296.9,70.5,13.1,5.7,0,0008
T,2014,09,03,00,43,46
B,264327,18368,136,3447,159407,6074,139,3447,979.1,301.1
G,3145126,113217,129,3447,1846344,32660,141,3447,979.1,301.1
R,1282571,62379,5709,3447,758120,31692,5720,3447,979.1,301.1
D,NBXX,9999,2.686e-5,1.921e-5,1.249e-5,3.125e-6,3.024e-6,2.547e-6
Y,189535,979.1,301.1,296.9,70.5,13.1,5.7,0,0000
T,2014,09,03,00,48,46
B,263618,18572,141,3448,160053,5919,134,3447,979.1,301.1
G,3146147,113340,89,3448,1849896,32398,112,3447,979.1,301.1
R,1285333,62575,5598,3448,758768,31801,5667,3447,979.1,301.1
D,NBXX,9999,2.764e-5,1.926e-5,1.267e-5,2.699e-6,2.966e-6,2.712e-6
Y,189542,979.1,301.1,296.9,70.3,13.1,5.7,0,0000
T,2014,09,03,00,53,46
B,261273,17956,181,3399,156933,5973,118,3399,979.1,301.1
G,3103112,110713,136,3399,1826395,31887,100,3399,979.1,301.1
R,1266965,61124,5505,3399,747669,30916,5587,3399,979.1,301.1
D,NBXX,9999,2.614e-5,1.891e-5,1.233e-5,2.931e-6,2.928e-6,2.446e-6
Y,189644,979.1,301.1,296.9,70.5,13.1,5.7,0,0008
T,2014,09,03,00,58,46
B,258604,17514,127,3366,156580,5727,124,3367,979.2,301.1
G,3072757,108994,121,3366,1807592,31986,86,3367,979.2,301.1
R,1255139,59903,5588,3366,739295,30701,5455,3367,979.2,301.1
D,NBXX,9999,2.549e-5,1.871e-5,1.188e-5,2.507e-6,3.067e-6,2.448e-6
Y,189630,979.2,301.1,296.9,70.5,13.1,5.7,0,0008
T,2014,09,03,01,03,46
B,253893,17250,139,3313,153966,5714,110,3317,979.1,301.1
G,3031100,107252,101,3313,1790836,31371,114,3317,979.1,301.1
R,1238368,58915,5358,3313,733677,30145,5485,3317,979.1,301.1
D,NBXX,9999,2.566e-5,1.862e-5,1.180e-5,2.774e-6,2.994e-6,2.380e-6
Y,190054,979.1,301.1,296.9,70.3,13.0,5.7,0,0008
T,2014,09,03,01,08,46
B,262256,17911,138,3424,158292,5725,142,3423,979.1,301.1
G,3128681,111087,98,3424,1835048,32197,107,3423,979.1,301.1
R,1277613,61865,5622,3424,751912,31124,5709,3423,979.1,301.1
D,NBXX,9999,2.586e-5,1.875e-5,1.236e-5,2.169e-6,2.958e-6,2.313e-6
Y,189812,979.1,301.1,296.9,70.6,13.1,5.7,0,0008
T,2014,09,03,01,13,46
B,263211,18184,159,3447,159325,6135,129,3447,979.0,301.1
G,3143800,112827,116,3447,1851394,32051,89,3447,979.0,301.1
R,1284995,62382,5510,3447,757837,31563,5644,3447,979.0,301.1
D,NBXX,9999,2.648e-5,1.913e-5,1.263e-5,3.342e-6,2.860e-6,2.643e-6
Y,189455,979.0,301.1,296.8,71.0,13.1,5.7,0,0000
T,2014,09,03,01,18,46
B,264285,17727,154,3447,159341,5850,131,3448,979.0,301.1
G,3143636,111265,102,3447,1849105,32646,127,3448,979.0,301.1
R,1283578,62083,5446,3447,759807,31059,5677,3448,979.0,301.1
D,NBXX,9999,2.486e-5,1.863e-5,1.251e-5,2.397e-6,3.036e-6,2.362e-6
Y,189445,979.0,301.1,296.8,70.8,13.1,5.7,0,0000
T,2014,09,03,01,23,46
B,265420,19069,150,3447,160482,6295,130,3447,979.0,301.1
G,3146026,118778,106,3447,1847443,33125,103,3447,979.0,301.1
R,1283068,63934,5702,3447,756874,31380,5542,3447,979.0,301.1
D,NBXX,9999,2.876e-5,2.097e-5,1.357e-5,3.712e-6,3.189e-6,2.482e-6
Y,189590,979.0,301.1,296.8,70.8,13.1,5.7,0,0000
T,2014,09,03,01,28,46
B,264783,19785,152,3448,160220,6170,157,3447,978.9,301.0
G,3146286,123322,110,3448,1846398,33290,110,3447,978.9,301.0
R,1282420,64916,5566,3448,757929,31531,5574,3447,978.9,301.0
D,NBXX,9999,3.100e-5,2.239e-5,1.427e-5,3.274e-6,3.239e-6,2.661e-6
Y,189550,978.9,301.0,296.8,71.0,13.1,5.7,0,0000
T,2014,09,03,01,33,46
B,260060,17741,143,3380,157016,6013,155,3381,978.8,301.0
G,3092197,108429,116,3380,1817844,31776,97,3381,978.8,301.0
R,1262184,60005,5607,3380,745650,30645,5529,3381,978.8,301.0
D,NBXX,9999,2.573e-5,1.831e-5,1.171e-5,3.136e-6,2.933e-6,2.282e-6
Y,190041,978.8,301.0,296.8,70.6,13.1,5.7,0,0008
T,2014,09,03,01,38,46
B,263905,18001,147,3447,159379,5928,129,3448,978.7,301.0
G,3145453,111689,151,3447,1848860,32344,100,3448,978.7,301.0
R,1282873,62052,5419,3447,759441,30732,5564,3448,978.7,301.0
D,NBXX,9999,2.581e-5,1.873e-5,1.260e-5,2.694e-6,2.927e-6,2.267e-6
Y,189555,978.7,301.0,296.8,70.8,13.1,5.7,0,0000
T,2014,09,03,01,43,46
B,264760,18212,142,3447,158556,5874,160,3447,978.7,301.0
G,3141984,111377,100,3447,1845416,32277,115,3447,978.7,301.0
R,1281517,61464,5470,3447,756219,31081,5572,3447,978.7,301.0
D,NBXX,9999,2.620e-5,1.869e-5,1.223e-5,2.385e-6,2.934e-6,2.456e-6
Y,189345,978.7,301.0,296.8,71.0,13.1,5.7,0,0000
T,2014,09,03,01,48,46
B,263413,18171,153,3448,159039,5882,141,3447,978.6,301.0
G,3138757,111371,121,3448,1849966,32252,98,3447,978.6,301.0
R,1281779,61497,5438,3448,757760,31203,5625,3447,978.6,301.0
D,NBXX,9999,2.638e-5,1.872e-5,1.223e-5,2.530e-6,2.938e-6,2.519e-6
Y,189095,978.6,301.0,296.8,70.5,13.1,5.7,0,0000
T,2014,09,03,01,53,46
B,263554,18164,131,3447,159915,5778,121,3447,978.6,301.0
G,3138791,112841,104,3447,1849905,32218,96,3447,978.6,301.0
R,1282822,61899,5463,3447,758043,30847,5424,3447,978.6,301.0
D,NBXX,9999,2.648e-5,1.919e-5,1.258e-5,2.345e-6,2.931e-6,2.411e-6
Y,189152,978.6,301.0,296.8,70.3,13.1,5.7,0,0000
T,2014,09,03,01,58,46
B,263159,18582,125,3447,159924,6013,114,3448,978.6,301.0
G,3143966,114862,126,3447,1849735,32557,105,3448,978.6,301.0
R,1281546,62553,5543,3447,755438,31076,5551,3448,978.6,301.0
D,NBXX,9999,2.790e-5,1.975e-5,1.287e-5,3.139e-6,3.006e-6,2.411e-6
Y,189465,978.6,301.0,296.8,71.0,13.1,5.7,0,0000
T,2014,09,03,02,03,46
B,263436,18458,149,3447,160518,6070,103,3447,978.6,301.0
G,3140113,114390,131,3447,1852863,32678,99,3447,978.6,301.0
R,1283738,62420,5467,3447,757398,30840,5541,3447,978.6,301.0
D,NBXX,9999,2.741e-5,1.965e-5,1.279e-5,3.255e-6,3.060e-6,2.312e-6
Y,189232,978.6,301.0,296.8,70.6,13.1,5.7,0,0000
T,2014,09,03,02,08,46
B,264359,18771,97,3448,159203,6102,129,3447,978.6,301.0
G,3144887,116579,125,3448,1852601,32963,100,3447,978.6,301.0
R,1282558,63223,5584,3448,758065,31301,5553,3447,978.6,301.0
D,NBXX,9999,2.827e-5,2.028e-5,1.322e-5,3.389e-6,3.139e-6,2.519e-6
Y,189465,978.6,301.0,296.8,71.0,13.1,5.7,0,0000
T,2014,09,03,02,13,46
B,263341,18460,158,3447,158106,6027,139,3447,978.5,301.0
G,3138403,116648,134,3447,1847021,32792,121,3447,978.5,301.0
R,1277308,63763,5379,3447,756896,31429,5399,3447,978.5,301.0
D,NBXX,9999,2.728e-5,2.037e-5,1.394e-5,2.967e-6,3.092e-6,2.900e-6
Y,189128,978.5,301.0,296.8,71.0,13.1,5.7,0,0000
T,2014,09,03,02,18,46
B,262826,18772,148,3447,159427,5918,102,3448,978.5,301.0
G,3138844,118624,120,3447,1850189,32977,87,3448,978.5,301.0
R,1281828,63716,5552,3447,756638,31500,5418,3448,978.5,301.0
D,NBXX,9999,2.852e-5,2.100e-5,1.367e-5,2.828e-6,3.164e-6,2.760e-6
Y,189155,978.5,301.0,296.8,71.3,13.1,5.7,0,0000
T,2014,09,03,02,23,46
B,263635,18269,163,3447,160475,6055,132,3447,978.6,301.0
G,3139353,114655,135,3447,1850033,32543,81,3447,978.6,301.0
R,1275495,62078,5481,3447,756273,30952,5451,3447,978.6,301.0
D,NBXX,9999,2.663e-5,1.975e-5,1.283e-5,3.041e-6,3.025e-6,2.509e-6
Y,189186,978.6,301.0,296.8,70.8,13.1,5.7,0,0000
T,2014,09,03,02,28,46
B,263954,18361,161,3447,159114,6159,103,3447,978.6,301.0
G,3135661,113360,148,3447,1846705,32415,106,3447,978.6,301.0
R,1279356,61912,5415,3447,756981,31145,5433,3447,978.6,301.0
D,NBXX,9999,2.696e-5,1.937e-5,1.270e-5,3.452e-6,2.983e-6,2.655e-6
Y,188963,978.6,301.0,296.8,70.5,13.1,5.7,0,0000
T,2014,09,03,02,33,46
B,262925,18483,145,3448,159286,5973,155,3447,978.6,301.0
G,3139569,113450,91,3448,1849869,32312,116,3447,978.6,301.0
R,1279235,61910,5535,3448,755542,31115,5539,3447,978.6,301.0
D,NBXX,9999,2.742e-5,1.937e-5,1.254e-5,2.822e-6,2.958e-6,2.479e-6
Y,189144,978.6,301.0,296.8,70.5,13.1,5.7,0,0000
T,2014,09,03,02,38,46
B,263464,18015,135,3447,159684,5816,125,3447,978.6,301.1
G,3135571,113214,108,3447,1845864,32090,122,3447,978.6,301.1
R,1277616,62261,5620,3447,756183,30836,5396,3447,978.6,301.1
D,NBXX,9999,2.601e-5,1.933e-5,1.283e-5,2.440e-6,2.890e-6,2.358e-6
Y,188957,978.6,301.1,296.8,70.3,13.1,5.7,0,0000
T,2014,09,03,02,43,46
B,262463,18534,138,3447,159665,5893,146,3448,978.6,301.1
G,3138520,115450,124,3447,1847497,32482,112,3448,978.6,301.1
R,1277729,62904,5527,3447,755487,31096,5547,3448,978.6,301.1
D,NBXX,9999,2.774e-5,2.000e-5,1.319e-5,2.652e-6,2.999e-6,2.472e-6
Y,189136,978.6,301.1,296.9,70.6,13.1,5.7,0,0000
T,2014,09,03,02,48,46
B,264166,18851,128,3447,159330,6027,139,3447,978.6,301.1
G,3137141,116813,122,3447,1850397,33352,117,3447,978.6,301.1
R,1278334,62854,5513,3447,757232,31116,5472,3447,978.6,301.1
D,NBXX,9999,2.841e-5,2.044e-5,1.321e-5,3.020e-6,3.279e-6,2.547e-6
Y,189052,978.6,301.1,296.9,70.6,13.1,5.7,0,0000
T,2014,09,03,02,53,46
B,263811,18616,159,3448,158895,6178,155,3447,978.8,301.1
G,3138971,116989,114,3448,1848024,33211,115,3447,978.8,301.1
R,1278239,62630,5388,3448,756002,31602,5517,3447,978.8,301.1
D,NBXX,9999,2.760e-5,2.048e-5,1.313e-5,3.346e-6,3.235e-6,2.912e-6
Y,189108,978.8,301.1,296.9,70.6,13.1,5.7,0,0000
T,2014,09,03,02,58,46
B,263983,18628,140,3447,159633,6129,123,3447,978.9,301.1
G,3139383,114821,87,3447,1851040,32536,100,3447,978.9,301.1
R,1278692,61868,5542,3447,757282,31207,5442,3447,978.9,301.1
D,NBXX,9999,2.778e-5,1.981e-5,1.259e-5,3.361e-6,3.034e-6,2.601e-6
Y,189188,978.9,301.1,296.9,70.3,13.1,5.7,0,0000
T,2014,09,03,03,03,46
B,263725,18614,121,3447,159529,6170,128,3448,979.0,301.1
G,3141012,116436,121,3447,1853460,32855,111,3448,979.0,301.1
R,1282773,62802,5609,3447,755805,31065,5514,3448,979.0,301.1
D,NBXX,9999,2.784e-5,2.028e-5,1.297e-5,3.549e-6,3.109e-6,2.373e-6
Y,189286,979.0,301.1,296.9,70.5,13.1,5.7,0,0000
T,2014,09,03,03,08,46
B,264255,18940,166,3447,159209,6142,146,3447,979.1,301.1
G,3136657,116572,107,3447,1844650,33120,106,3447,979.1,301.1
R,1278320,62469,5513,3447,757107,31024,5424,3447,979.1,301.1
D,NBXX,9999,2.851e-5,2.038e-5,1.300e-5,3.207e-6,3.217e-6,2.525e-6
Y,189023,979.1,301.1,296.9,70.3,13.1,5.7,0,0000
T,2014,09,03,03,13,46
B,263502,18729,152,3448,159644,6037,129,3447,979.1,301.1
G,3142513,116673,86,3448,1846366,33038,108,3447,979.1,301.1
R,1280614,62872,5349,3448,755730,31015,5339,3447,979.1,301.1
D,NBXX,9999,2.813e-5,2.035e-5,1.337e-5,3.050e-6,3.182e-6,2.682e-6
Y,189322,979.1,301.1,296.9,70.3,13.1,5.7,0,0000
T,2014,09,03,03,18,46
B,263299,19059,104,3447,159017,6026,165,3447,979.0,301.1
G,3139181,117172,100,3447,1848120,32697,128,3447,979.0,301.1
R,1280995,63053,5459,3447,756887,31027,5337,3447,979.0,301.1
D,NBXX,9999,2.924e-5,2.054e-5,1.340e-5,3.067e-6,3.070e-6,2.604e-6
Y,189175,979.0,301.1,296.9,70.5,13.1,5.7,0,0000
T,2014,09,03,03,23,46
B,263533,19261,160,3447,160259,6001,124,3448,979.1,301.1
G,3138339,119124,108,3447,1851354,33587,97,3448,979.1,301.1
R,1278891,63756,5500,3447,756136,31141,5350,3448,979.1,301.1
D,NBXX,9999,2.976e-5,2.117e-5,1.385e-5,2.915e-6,3.358e-6,2.650e-6
Y,189125,979.1,301.1,296.9,70.3,13.1,5.7,0,0000
T,2014,09,03,03,28,46
B,264109,19458,137,3447,160041,6191,141,3447,979.1,301.1
G,3140334,122189,119,3447,1846422,33522,121,3447,979.1,301.1
R,1281203,64224,5422,3447,757777,31555,5359,3447,979.1,301.1
D,NBXX,9999,3.026e-5,2.210e-5,1.413e-5,3.490e-6,3.321e-6,2.940e-6
Y,189245,979.1,301.1,296.9,70.5,13.1,5.7,0,0000
T,2014,09,03,03,33,46
B,264221,19422,136,3448,159378,6241,111,3447,979.1,301.1
G,3139260,122248,132,3448,1851544,33388,106,3447,979.1,301.1
R,1282289,64777,5604,3448,757663,31679,5255,3447,979.1,301.1
D,NBXX,9999,3.023e-5,2.213e-5,1.439e-5,3.752e-6,3.286e-6,2.955e-6
Y,189125,979.1,301.1,296.9,70.8,13.1,5.7,0,0000
T,2014,09,03,03,38,46
B,262629,19277,145,3419,158246,5961,139,3420,979.1,301.1
G,3116483,120608,114,3419,1835200,33349,102,3420,979.1,301.1
R,1270932,63678,5531,3419,749971,31185,5307,3420,979.1,301.1
D,NBXX,9999,3.001e-5,2.190e-5,1.401e-5,2.852e-6,3.352e-6,2.758e-6
Y,189346,979.1,301.1,296.9,70.5,13.1,5.7,0,0008
T,2014,09,03,03,43,46
B,263565,20357,145,3447,160379,6166,156,3448,979.2,301.1
G,3140218,127362,133,3447,1851239,34244,101,3448,979.2,301.1
R,1281816,66373,5538,3447,758159,31691,5544,3448,979.2,301.1
D,NBXX,9999,3.307e-5,2.373e-5,1.523e-5,3.362e-6,3.548e-6,2.798e-6
Y,189238,979.2,301.1,296.9,70.8,13.1,5.7,0,0000
T,2014,09,03,03,48,46
B,264346,20329,132,3447,159496,6279,137,3447,979.1,301.1
G,3140078,128175,107,3447,1851819,33919,68,3447,979.1,301.1
R,1281015,66788,5560,3447,756712,31752,5403,3447,979.1,301.1
D,NBXX,9999,3.292e-5,2.400e-5,1.559e-5,3.776e-6,3.471e-6,2.933e-6
Y,189230,979.1,301.1,296.9,70.8,13.1,5.7,0,0000
T,2014,09,03,03,53,46
B,264851,20651,161,3448,159485,6269,147,3447,979.1,301.1
G,3146718,128505,91,3448,1851357,34407,116,3447,979.1,301.1
R,1282450,66591,5405,3448,755176,31961,5466,3447,979.1,301.1
D,NBXX,9999,3.365e-5,2.401e-5,1.550e-5,3.577e-6,3.593e-6,3.119e-6
Y,189576,979.1,301.1,296.9,70.6,13.1,5.7,0,0000
T,2014,09,03,03,58,46
B,263934,20911,144,3447,160018,6211,160,3447,979.1,301.1
G,3140572,133367,118,3447,1847201,34982,104,3447,979.1,301.1
R,1278589,68198,5415,3447,757402,32174,5601,3447,979.1,301.1
D,NBXX,9999,3.468e-5,2.561e-5,1.649e-5,3.470e-6,3.786e-6,3.179e-6
Y,189260,979.1,301.1,296.9,70.8,13.1,5.7,0,0000
T,2014,09,03,04,03,46
B,260836,20729,168,3406,157273,6109,107,3407,979.0,301.1
G,3107364,129659,118,3406,1826878,34182,102,3407,979.0,301.1
R,1266397,66614,5331,3406,745171,31607,5334,3407,979.0,301.1
D,NBXX,9999,3.497e-5,2.488e-5,1.609e-5,3.466e-6,3.646e-6,3.190e-6
Y,189514,979.0,301.1,296.9,70.6,13.1,5.7,0,0008
T,2014,09,03,04,08,46
B,263180,20847,131,3423,159332,5961,153,3423,978.9,301.1
G,3123300,132920,99,3423,1838854,34649,82,3423,978.9,301.1
R,1274924,68451,5201,3423,752797,31750,5426,3423,978.9,301.1
D,NBXX,9999,3.474e-5,2.572e-5,1.703e-5,2.820e-6,3.756e-6,3.230e-6
Y,189540,978.9,301.1,296.9,71.3,13.1,5.7,0,0008
T,2014,09,03,04,13,46
B,263724,21395,149,3448,159862,6340,122,3447,978.9,301.1
G,3145108,134994,118,3448,1850328,35359,101,3447,978.9,301.1
R,1281960,69468,5401,3448,758713,32262,5459,3447,978.9,301.1
D,NBXX,9999,3.635e-5,2.606e-5,1.730e-5,4.006e-6,3.893e-6,3.318e-6
Y,189479,978.9,301.1,296.9,71.3,13.1,5.7,0,0000
T,2014,09,03,04,18,46
B,259660,20825,123,3389,156689,6178,137,3389,978.9,301.1
G,3094047,131538,113,3389,1813057,34315,102,3389,978.9,301.1
R,1258933,67917,5294,3389,741274,31430,5387,3389,978.9,301.1
D,NBXX,9999,3.562e-5,2.566e-5,1.710e-5,3.824e-6,3.740e-6,3.143e-6
Y,189648,978.9,301.1,296.9,71.1,13.1,5.7,0,0008
T,2014,09,03,04,23,46
B,263840,21247,144,3447,158940,6235,122,3448,978.9,301.1
G,3146464,132798,129,3447,1847438,34806,103,3448,978.9,301.1
R,1282518,68650,5354,3447,757088,31660,5437,3448,978.9,301.1
D,NBXX,9999,3.588e-5,2.535e-5,1.683e-5,3.681e-6,3.703e-6,2.981e-6
Y,189616,978.9,301.1,296.9,71.1,13.1,5.7,0,0000
T,2014,09,03,04,28,46
B,263918,20717,139,3447,158836,6365,126,3447,978.9,301.1
G,3142038,130500,121,3447,1845430,35035,85,3447,978.9,301.1
R,1279144,67123,5391,3447,756453,31847,5241,3447,978.9,301.1
D,NBXX,9999,3.423e-5,2.470e-5,1.609e-5,4.086e-6,3.803e-6,3.247e-6
Y,189348,978.9,301.1,296.9,71.0,13.0,5.7,0,0000
T,2014,09,03,04,33,46
B,264696,20266,137,3448,159948,6296,150,3447,979.0,301.1
G,3145242,127484,124,3448,1851374,34849,64,3447,979.0,301.1
R,1277559,66967,5567,3448,757504,32119,5406,3447,979.0,301.1
D,NBXX,9999,3.258e-5,2.372e-5,1.579e-5,3.746e-6,3.743e-6,3.190e-6
Y,189487,979.0,301.1,296.9,71.0,13.1,5.7,0,0000
T,2014,09,03,04,38,46
B,263809,20288,150,3447,159455,6015,121,3447,979.0,301.1
G,3139756,126674,103,3447,1849983,34282,127,3447,979.0,301.1
R,1280743,66600,5478,3447,754904,31791,5337,3447,979.0,301.1
D,NBXX,9999,3.291e-5,2.352e-5,1.559e-5,2.992e-6,3.566e-6,3.066e-6
Y,189210,979.0,301.1,296.9,70.8,13.1,5.7,0,0000
T,2014,09,03,04,43,46
B,263369,20171,138,3447,159844,6097,139,3447,979.0,301.1
G,3141193,124719,125,3447,1851748,33638,99,3447,979.0,301.1
R,1282868,65995,5507,3447,756575,31533,5336,3447,979.0,301.1
D,NBXX,9999,3.263e-5,2.289e-5,1.514e-5,3.253e-6,3.361e-6,2.867e-6
Y,189297,979.0,301.1,296.9,70.5,13.1,5.7,0,0000
T,2014,09,03,04,48,46
B,263935,20146,128,3447,159671,6159,117,3448,979.0,301.1
G,3141550,126238,115,3447,1851243,34016,92,3448,979.0,301.1
R,1278433,65441,5530,3447,756122,31733,5403,3448,979.0,301.1
D,NBXX,9999,3.253e-5,2.337e-5,1.485e-5,3.515e-6,3.481e-6,2.962e-6
Y,189319,979.0,301.1,296.9,70.6,13.1,5.7,0,0000
T,2014,09,03,04,53,46
B,263437,20193,138,3447,159805,6357,116,3447,979.1,301.1
G,3140229,125811,133,3447,1850885,34434,104,3447,979.1,301.1
R,1280244,66273,5458,3447,758192,31456,5374,3447,979.1,301.1
D,NBXX,9999,3.276e-5,2.324e-5,1.539e-5,4.135e-6,3.609e-6,2.851e-6
Y,189239,979.1,301.1,296.9,70.8,13.1,5.7,0,0000
T,2014,09,03,04,58,46
B,264498,20307,155,3448,160233,6266,126,3447,979.1,301.1
G,3138628,124811,103,3448,1850549,34457,107,3447,979.1,301.1
R,1278684,65955,5314,3448,756145,31557,5409,3447,979.1,301.1
D,NBXX,9999,3.277e-5,2.295e-5,1.531e-5,3.688e-6,3.635e-6,3.011e-6
Y,189087,979.1,301.1,296.9,70.5,13.1,5.7,0,0000
T,2014,09,03,05,03,46
B,263401,20218,166,3447,160391,6211,103,3447,979.1,301.1
G,3140799,127315,109,3447,1846627,34233,106,3447,979.1,301.1
R,1278791,66202,5543,3447,752911,31681,5362,3447,979.1,301.1
D,NBXX,9999,3.280e-5,2.371e-5,1.533e-5,3.632e-6,3.552e-6,2.951e-6
Y,189273,979.1,301.1,296.9,70.6,13.1,5.7,0,0000
T,2014,09,03,05,08,46
B,263376,19998,157,3447,159526,6158,118,3448,979.1,301.1
G,3138764,125971,138,3447,1845093,34344,115,3448,979.1,301.1
R,1279355,65881,5557,3447,755472,31483,5357,3448,979.1,301.1
D,NBXX,9999,3.210e-5,2.330e-5,1.511e-5,3.443e-6,3.577e-6,2.812e-6
Y,189150,979.1,301.1,296.9,70.6,13.1,5.7,0,0000
T,2014,09,03,05,13,46
B,264821,19546,149,3447,160043,6063,106,3447,979.2,301.1
G,3138855,123703,123,3447,1849431,33856,97,3447,979.2,301.1
R,1278800,64900,5490,3447,755633,31401,5414,3447,979.2,301.1
D,NBXX,9999,3.045e-5,2.260e-5,1.452e-5,3.129e-6,3.438e-6,2.778e-6
Y,189156,979.2,301.1,296.9,70.8,13.1,5.7,0,0000
T,2014,09,03,05,18,46
B,264498,19861,135,3448,159290,6123,122,3447,979.2,301.1
G,3137371,123590,119,3448,1848838,34071,109,3447,979.2,301.1
R,1279663,65102,5558,3448,754714,31833,5265,3447,979.2,301.1
D,NBXX,9999,3.148e-5,2.258e-5,1.468e-5,3.334e-6,3.511e-6,3.101e-6
Y,189011,979.2,301.1,296.8,71.0,13.0,5.7,0,0000
T,2014,09,03,05,23,46
B,263800,19852,140,3447,159542,6175,128,3447,979.1,301.1
G,3139860,123387,107,3447,1849254,33890,120,3447,979.1,301.1
R,1282120,64711,5403,3447,755543,31588,5479,3447,979.1,301.1
D,NBXX,9999,3.158e-5,2.248e-5,1.434e-5,3.497e-6,3.443e-6,2.879e-6
Y,189217,979.1,301.1,296.9,71.0,13.1,5.7,0,0000
T,2014,09,03,05,28,46
B,263329,20032,138,3447,159439,6154,145,3448,979.2,301.1
G,3140602,124178,89,3447,1854570,33616,112,3448,979.2,301.1
R,1279336,65091,5445,3447,757199,31803,5362,3448,979.2,301.1
D,NBXX,9999,3.219e-5,2.273e-5,1.470e-5,3.405e-6,3.361e-6,3.088e-6
Y,189261,979.2,301.1,296.8,71.0,13.1,5.7,0,0000
T,2014,09,03,05,33,46
B,264187,19918,122,3447,159492,6091,156,3447,979.2,301.1
G,3136383,123045,135,3447,1844983,33646,115,3447,979.2,301.1
R,1276706,64794,5465,3447,755427,31286,5510,3447,979.2,301.1
D,NBXX,9999,3.166e-5,2.241e-5,1.446e-5,3.176e-6,3.370e-6,2.675e-6
Y,189006,979.2,301.1,296.8,70.8,13.1,5.7,0,0000
T,2014,09,03,05,38,46
B,264279,19871,115,3448,159538,6218,131,3447,979.2,301.0
G,3137402,124853,131,3448,1843722,33907,107,3447,979.2,301.0
R,1279555,64390,5402,3448,755926,31330,5441,3447,979.2,301.0
D,NBXX,9999,3.160e-5,2.297e-5,1.423e-5,3.681e-6,3.456e-6,2.776e-6
Y,189013,979.2,301.0,296.8,70.8,13.1,5.7,0,0000
T,2014,09,03,05,43,46
B,263036,19841,142,3447,158950,6100,134,3447,979.2,301.0
G,3137997,124409,102,3447,1848070,34493,88,3447,979.2,301.0
R,1280300,65591,5369,3447,757075,31693,5362,3447,979.2,301.0
D,NBXX,9999,3.169e-5,2.284e-5,1.504e-5,3.289e-6,3.653e-6,3.070e-6
Y,189104,979.2,301.0,296.8,71.0,13.1,5.7,0,0000
T,2014,09,03,05,48,46
B,263959,19966,131,3447,159626,6241,136,3448,979.2,301.0
G,3141060,125950,109,3447,1855296,34142,90,3448,979.2,301.0
R,1279260,65722,5404,3447,757516,31411,5236,3448,979.2,301.0
D,NBXX,9999,3.189e-5,2.328e-5,1.521e-5,3.688e-6,3.525e-6,2.966e-6
Y,189289,979.2,301.0,296.8,71.0,13.1,5.7,0,0000
T,2014,09,03,05,53,46
B,264753,20057,135,3447,160326,6128,174,3447,979.3,301.0
G,3138078,124545,106,3447,1853372,34036,101,3447,979.3,301.0
R,1279655,65862,5320,3447,757760,31349,5451,3447,979.3,301.0
D,NBXX,9999,3.185e-5,2.288e-5,1.519e-5,3.141e-6,3.502e-6,2.834e-6
Y,189109,979.3,301.0,296.8,70.8,13.1,5.7,0,0000
T,2014,09,03,05,58,46
B,263405,20100,165,3448,159283,6106,158,3447,979.4,301.0
G,3139011,125318,99,3448,1855257,34213,137,3447,979.4,301.0
R,1278077,65477,5379,3448,756601,31470,5327,3447,979.4,301.0
D,NBXX,9999,3.221e-5,2.310e-5,1.504e-5,3.105e-6,3.547e-6,2.975e-6
Y,189110,979.4,301.0,296.8,70.8,13.1,5.7,0,0000
T,2014,09,03,06,03,46
B,264558,28222,175,3447,159334,8161,138,3447,979.3,301.0
G,3139271,176094,138,3447,1849396,46747,129,3447,979.3,301.0
R,1275648,78681,5481,3447,755050,35263,5285,3447,979.3,301.0
D,NBXX,9999,5.700e-5,3.905e-5,2.327e-5,9.396e-6,7.474e-6,5.306e-6
Y,189181,979.3,301.0,296.8,70.8,13.1,5.7,0,0000
T,2014,09,03,06,08,46
B,264148,20185,137,3447,159489,6298,114,3448,979.3,301.0
G,3135471,127682,101,3447,1850256,34935,81,3448,979.3,301.0
R,1278830,66108,5473,3447,756796,31773,5417,3448,979.3,301.0
D,NBXX,9999,3.258e-5,2.391e-5,1.528e-5,3.908e-6,3.800e-6,3.014e-6
Y,188951,979.3,301.0,296.8,71.1,13.1,5.7,0,0000
T,2014,09,03,06,13,46
B,263765,20086,136,3447,159161,6229,130,3447,979.3,301.0
G,3139488,126846,143,3447,1848487,34579,112,3447,979.3,301.0
R,1278765,65780,5321,3447,757178,31530,5315,3447,979.3,301.0
D,NBXX,9999,3.231e-5,2.356e-5,1.526e-5,3.673e-6,3.651e-6,3.051e-6
Y,189194,979.3,301.0,296.8,71.1,13.1,5.7,0,0000
T,2014,09,03,06,18,46
B,263336,20319,133,3448,160051,6185,128,3447,979.3,301.0
G,3142141,127564,85,3448,1851036,34432,89,3447,979.3,301.0
R,1279381,66232,5416,3448,755072,31537,5312,3447,979.3,301.0
D,NBXX,9999,3.315e-5,2.379e-5,1.546e-5,3.590e-6,3.628e-6,2.988e-6
Y,189299,979.3,301.0,296.8,71.0,13.1,5.7,0,0000
T,2014,09,03,06,23,46
B,263123,20034,142,3447,159526,6222,131,3447,979.3,301.0
G,3140010,126332,92,3447,1853304,34461,117,3447,979.3,301.0
R,1278466,65716,5387,3447,755636,31555,5373,3447,979.3,301.0
D,NBXX,9999,3.228e-5,2.341e-5,1.514e-5,3.671e-6,3.629e-6,2.980e-6
Y,189226,979.3,301.0,296.8,70.8,13.1,5.7,0,0000
T,2014,09,03,06,28,46
B,263333,20480,146,3447,159857,6337,118,3448,979.2,301.0
G,3138147,129698,119,3447,1849415,34215,77,3448,979.2,301.0
R,1278526,66213,5364,3447,757251,31777,5480,3448,979.2,301.0
D,NBXX,9999,3.364e-5,2.450e-5,1.539e-5,4.039e-6,3.559e-6,3.052e-6
Y,189113,979.2,301.0,296.8,70.8,13.1,5.7,0,0000
T,2014,09,03,06,33,46
B,263285,20514,140,3447,159741,6331,142,3447,979.2,301.0
G,3136567,129579,120,3447,1846812,34363,99,3447,979.2,301.0
R,1277729,66564,5264,3447,755129,31703,5410,3447,979.2,301.0
D,NBXX,9999,3.369e-5,2.448e-5,1.575e-5,3.965e-6,3.606e-6,3.141e-6
Y,189017,979.2,301.0,296.8,70.8,13.1,5.7,0,0000
T,2014,09,03,06,38,46
B,263790,21243,112,3448,159124,6230,119,3447,979.2,301.0
G,3140030,132510,98,3448,1853244,34984,97,3447,979.2,301.0
R,1279868,67567,5359,3448,755619,31646,5490,3447,979.2,301.0
D,NBXX,9999,3.600e-5,2.536e-5,1.619e-5,3.805e-6,3.801e-6,2.964e-6
Y,189172,979.2,301.0,296.8,71.0,13.1,5.7,0,0000
T,2014,09,03,06,43,46
B,265043,20867,153,3447,159251,6325,133,3447,979.3,301.0
G,3138727,131706,121,3447,1847983,34820,100,3447,979.3,301.0
R,1277321,67102,5226,3447,755595,31780,5294,3447,979.3,301.0
D,NBXX,9999,3.435e-5,2.512e-5,1.620e-5,3.809e-6,3.742e-6,3.304e-6
Y,189148,979.3,301.0,296.8,71.0,13.1,5.7,0,0000
T,2014,09,03,06,48,46
B,263407,20656,115,3447,159777,6330,123,3448,979.2,301.0
G,3140702,130172,121,3447,1849091,34734,98,3448,979.2,301.0
R,1279942,66906,5200,3447,756897,31487,5192,3448,979.2,301.0
D,NBXX,9999,3.426e-5,2.461e-5,1.610e-5,4.105e-6,3.705e-6,3.185e-6
Y,189267,979.2,301.0,296.8,71.0,13.1,5.7,0,0000
T,2014,09,03,06,53,46
B,264561,20092,88,3447,160159,6253,118,3447,979.3,301.0
G,3135464,125802,140,3447,1849815,34264,130,3447,979.3,301.0
R,1277235,65528,5329,3447,755384,31153,5312,3447,979.3,301.0
D,NBXX,9999,3.236e-5,2.328e-5,1.514e-5,3.906e-6,3.560e-6,2.828e-6
Y,188951,979.3,301.0,296.8,70.8,13.1,5.7,0,0000
T,2014,09,03,06,58,46
B,263711,20192,133,3448,160397,6333,132,3447,979.3,301.0
G,3139757,126255,107,3448,1852562,34565,100,3447,979.3,301.0
R,1276758,65743,5203,3448,757995,31329,5466,3447,979.3,301.0
D,NBXX,9999,3.266e-5,2.339e-5,1.526e-5,4.007e-6,3.666e-6,2.926e-6
Y,189155,979.3,301.0,296.8,71.0,13.1,5.7,0,0000
T,2014,09,03,07,03,46
B,263462,19945,126,3447,160738,6298,126,3447,979.3,301.0
G,3141170,126325,120,3447,1849043,34093,84,3447,979.3,301.0
R,1279864,65755,5411,3447,754523,31031,5281,3447,979.3,301.0
D,NBXX,9999,3.200e-5,2.340e-5,1.518e-5,3.958e-6,3.511e-6,2.692e-6
Y,189296,979.3,301.0,296.7,71.0,13.1,5.7,0,0000
T,2014,09,03,07,08,46
B,263502,20334,151,3447,159822,6223,135,3447,979.2,301.0
G,3137407,128697,93,3447,1848127,34663,118,3447,979.2,301.0
R,1275990,65741,5449,3447,755360,31494,5341,3447,979.2,301.0
D,NBXX,9999,3.307e-5,2.419e-5,1.520e-5,3.601e-6,3.701e-6,2.944e-6
Y,189068,979.2,301.0,296.7,70.8,13.1,5.7,0,0000
T,2014,09,03,07,13,46
B,263581,20603,160,3447,159781,6192,134,3448,979.2,301.0
G,3141197,129766,110,3447,1856617,34631,131,3448,979.2,301.0
R,1277333,65929,5330,3447,756179,31602,5346,3448,979.2,301.0
D,NBXX,9999,3.385e-5,2.447e-5,1.536e-5,3.466e-6,3.663e-6,3.076e-6
Y,189297,979.2,301.0,296.7,70.8,13.1,5.7,0,0000
T,2014,09,03,07,18,46
B,262625,20793,149,3447,159828,6206,128,3447,979.2,301.0
G,3139755,130057,125,3447,1847847,34493,85,3447,979.2,301.0
R,1277956,66897,5261,3447,755334,31635,5330,3447,979.2,301.0
D,NBXX,9999,3.473e-5,2.459e-5,1.601e-5,3.642e-6,3.639e-6,3.156e-6
Y,189210,979.2,301.0,296.7,70.8,13.1,5.7,0,0000
T,2014,09,03,07,23,46
B,263351,20625,159,3448,160298,6194,142,3447,979.2,301.0
G,3134804,129975,93,3448,1854009,35170,101,3447,979.2,301.0
R,1279003,66031,5411,3448,757620,31576,5522,3447,979.2,301.0
D,NBXX,9999,3.395e-5,2.463e-5,1.520e-5,3.474e-6,3.879e-6,2.868e-6
Y,188856,979.2,301.0,296.7,71.0,13.1,5.7,0,0000
T,2014,09,03,07,28,46
B,264156,21014,157,3447,159805,6214,147,3447,979.2,300.9
G,3145120,133556,129,3447,1855289,35176,103,3447,979.2,300.9
R,1280516,68459,5424,3447,760230,32019,5239,3447,979.2,300.9
D,NBXX,9999,3.495e-5,2.561e-5,1.683e-5,3.464e-6,3.827e-6,3.305e-6
Y,189535,979.2,300.9,296.6,71.0,13.1,5.7,0,0000
T,2014,09,03,07,33,46
B,263932,20475,127,3447,160034,6270,130,3448,979.2,300.9
G,3144076,130534,101,3447,1854173,35759,105,3448,979.2,300.9
R,1282552,67053,5278,3447,756212,32203,5282,3448,979.2,300.9
D,NBXX,9999,3.351e-5,2.468e-5,1.598e-5,3.815e-6,4.020e-6,3.469e-6
Y,189472,979.2,300.9,296.6,71.1,13.1,5.7,0,0000
T,2014,09,03,07,38,46
B,264195,20797,104,3447,159492,6369,141,3447,979.3,300.9
G,3138444,129715,122,3447,1848307,34659,106,3447,979.3,300.9
R,1278300,66352,5417,3447,754457,31605,5280,3447,979.3,300.9
D,NBXX,9999,3.448e-5,2.449e-5,1.556e-5,4.150e-6,3.689e-6,3.045e-6
Y,189131,979.3,300.9,296.6,71.3,13.1,5.7,0,0000
T,2014,09,03,07,43,46
B,264547,20718,141,3448,159956,6424,144,3447,979.3,300.8
G,3140525,131394,115,3448,1852368,34625,108,3447,979.3,300.8
R,1279025,66775,5310,3448,757488,31607,5267,3447,979.3,300.8
D,NBXX,9999,3.398e-5,2.499e-5,1.588e-5,4.143e-6,3.677e-6,3.130e-6
Y,189202,979.3,300.8,296.5,71.5,13.1,5.7,0,0000
T,2014,09,03,07,48,46
B,264726,21105,152,3447,160159,6297,165,3447,979.3,300.8
G,3141347,131712,102,3447,1854020,35051,108,3447,979.3,300.8
R,1280168,66863,5388,3447,758801,31353,5301,3447,979.3,300.8
D,NBXX,9999,3.502e-5,2.509e-5,1.583e-5,3.620e-6,3.809e-6,2.877e-6
Y,189307,979.3,300.8,296.5,71.8,13.1,5.7,0,0000
T,2014,09,03,07,53,46
B,264560,21095,131,3447,160393,6198,123,3448,979.3,300.8
G,3141523,133051,124,3447,1852950,35506,118,3448,979.3,300.8
R,1280743,68070,5465,3447,757603,31683,5283,3448,979.3,300.8
D,NBXX,9999,3.525e-5,2.549e-5,1.652e-5,3.547e-6,3.937e-6,3.029e-6
Y,189317,979.3,300.8,296.5,71.8,13.1,5.7,0,0000
T,2014,09,03,07,58,46
B,264626,21081,168,3447,159875,6468,127,3447,979.3,300.8
G,3140056,132169,104,3447,1850927,35171,99,3447,979.3,300.8
R,1275871,67362,5205,3447,758550,31395,5269,3447,979.3,300.8
D,NBXX,9999,3.505e-5,2.525e-5,1.641e-5,4.232e-6,3.854e-6,3.098e-6
Y,189228,979.3,300.8,296.5,71.9,13.1,5.7,0,0000
T,2014,09,03,08,03,46
B,264139,21298,164,3448,160065,6354,129,3447,979.3,300.7
G,3139534,133044,113,3448,1853538,35182,82,3447,979.3,300.7
R,1278401,67470,5177,3448,755645,31535,5267,3447,979.3,300.7
D,NBXX,9999,3.584e-5,2.554e-5,1.643e-5,3.928e-6,3.865e-6,3.187e-6
Y,189142,979.3,300.7,296.5,72.3,13.1,5.7,0,0000
T,2014,09,03,08,08,46
B,264243,21118,145,3447,159143,6273,109,3447,979.3,300.7
G,3140567,134952,99,3447,1853385,34806,104,3447,979.3,300.7
R,1276391,67905,5130,3447,756645,31608,5322,3447,979.3,300.7
D,NBXX,9999,3.540e-5,2.612e-5,1.675e-5,3.805e-6,3.737e-6,3.241e-6
Y,189259,979.3,300.7,296.4,72.4,13.1,5.7,0,0000
T,2014,09,03,08,13,46
B,263727,21186,124,3447,159566,6312,148,3448,979.3,300.7
G,3143889,133029,106,3447,1851448,35371,110,3448,979.3,300.7
R,1278807,67715,5297,3447,754323,31863,5289,3448,979.3,300.7
D,NBXX,9999,3.567e-5,2.546e-5,1.647e-5,3.891e-6,3.895e-6,3.275e-6
Y,189460,979.3,300.7,296.4,72.6,13.1,5.7,0,0000
T,2014,09,03,08,18,46
B,263742,21018,152,3447,159984,6389,123,3447,979.2,300.7
G,3141169,133922,101,3447,1849201,35748,102,3447,979.2,300.7
R,1278323,67828,5121,3447,754979,31771,5172,3447,979.2,300.7
D,NBXX,9999,3.514e-5,2.579e-5,1.676e-5,4.123e-6,4.031e-6,3.439e-6
Y,189296,979.2,300.7,296.4,72.6,13.1,5.7,0,0000
T,2014,09,03,08,23,46
B,265695,21379,136,3448,159945,6499,144,3447,979.2,300.7
G,3140516,134821,107,3448,1850227,35644,82,3447,979.2,300.7
R,1278925,68270,5013,3448,755248,31466,5110,3447,979.2,300.7
D,NBXX,9999,3.575e-5,2.608e-5,1.714e-5,4.310e-6,4.009e-6,3.371e-6
Y,189201,979.2,300.7,296.4,72.9,13.1,5.7,0,0000
T,2014,09,03,08,28,46
B,263675,21016,139,3447,160134,6263,111,3447,979.2,300.7
G,3138087,134083,94,3447,1847742,35484,93,3447,979.2,300.7
R,1276727,67780,5112,3447,756785,31479,5131,3447,979.2,300.7
D,NBXX,9999,3.523e-5,2.588e-5,1.681e-5,3.828e-6,3.965e-6,3.309e-6
Y,189109,979.2,300.7,296.4,72.8,13.1,5.7,0,0000
T,2014,09,03,08,33,46
B,264738,21248,146,3447,159877,6344,140,3448,979.2,300.7
G,3141552,133159,92,3447,1854697,35093,101,3448,979.2,300.7
R,1278106,67482,5166,3447,757425,31425,5105,3448,979.2,300.7
D,NBXX,9999,3.556e-5,2.555e-5,1.657e-5,3.869e-6,3.825e-6,3.237e-6
Y,189319,979.2,300.7,296.4,72.8,13.1,5.7,0,0000
T,2014,09,03,08,38,46
B,263416,21305,141,3447,159459,6376,132,3447,979.1,300.7
G,3140873,134715,109,3447,1855848,34891,95,3447,979.1,300.7
R,1275661,67357,5218,3447,756452,31393,5108,3447,979.1,300.7
D,NBXX,9999,3.611e-5,2.604e-5,1.652e-5,4.113e-6,3.763e-6,3.206e-6
Y,189278,979.1,300.7,296.4,73.1,13.1,5.7,0,0000
T,2014,09,03,08,43,46
B,263169,21072,137,3448,159052,6358,126,3447,979.1,300.7
G,3142297,136410,95,3448,1847566,35721,90,3447,979.1,300.7
R,1278262,68550,5059,3448,755302,31432,5138,3447,979.1,300.7
D,NBXX,9999,3.548e-5,2.656e-5,1.728e-5,4.116e-6,4.029e-6,3.303e-6
Y,189309,979.1,300.7,296.4,73.1,13.1,5.7,0,0000
T,2014,09,03,08,48,46
B,262422,20866,134,3447,159154,6239,120,3447,979.1,300.7
G,3139507,134309,145,3447,1852028,34919,116,3447,979.1,300.7
R,1275519,67910,5100,3447,755813,31561,5038,3447,979.1,300.7
D,NBXX,9999,3.506e-5,2.591e-5,1.700e-5,3.827e-6,3.756e-6,3.447e-6
Y,189195,979.1,300.7,296.4,72.6,13.1,5.7,0,0000
T,2014,09,03,08,53,46
B,263767,21061,97,3447,159957,6256,134,3448,979.1,300.7
G,3140690,135423,104,3447,1850936,35221,110,3448,979.1,300.7
R,1275818,68285,5104,3447,755066,31175,5067,3448,979.1,300.7
D,NBXX,9999,3.542e-5,2.626e-5,1.720e-5,3.862e-6,3.860e-6,3.176e-6
Y,189267,979.1,300.7,296.5,72.6,13.1,5.7,0,0000
T,2014,09,03,08,58,46
B,264000,22088,145,3447,159127,6375,147,3447,979.2,300.7
G,3137332,138504,102,3447,1849133,35435,125,3447,979.2,300.7
R,1274428,69915,5120,3447,751641,31334,5048,3447,979.2,300.7
D,NBXX,9999,3.831e-5,2.727e-5,1.825e-5,4.000e-6,3.938e-6,3.295e-6
Y,189064,979.2,300.7,296.5,72.9,13.1,5.7,0,0000
T,2014,09,03,09,03,46
B,263845,20740,132,3448,159758,6265,134,3447,979.2,300.7
G,3141079,131728,122,3448,1851862,34555,104,3447,979.2,300.7
R,1276250,67105,5043,3448,756462,31131,5105,3447,979.2,300.7
D,NBXX,9999,3.429e-5,2.509e-5,1.647e-5,3.770e-6,3.652e-6,3.170e-6
Y,189235,979.2,300.7,296.5,72.8,13.1,5.7,0,0000
T,2014,09,03,09,08,46
B,263069,21240,129,3447,159561,6260,140,3447,979.2,300.7
G,3141739,132619,117,3447,1848381,34725,107,3447,979.2,300.7
R,1275624,67171,5039,3447,753709,31405,4886,3447,979.2,300.7
D,NBXX,9999,3.601e-5,2.536e-5,1.669e-5,3.793e-6,3.700e-6,3.503e-6
Y,189330,979.2,300.7,296.5,72.6,13.1,5.7,0,0000
T,2014,09,03,09,13,46
B,264549,21331,123,3447,160197,6378,134,3447,979.2,300.7
G,3144523,136063,107,3447,1849137,35124,88,3447,979.2,300.7
R,1278447,69100,5005,3447,754697,31718,5175,3447,979.2,300.7
D,NBXX,9999,3.597e-5,2.642e-5,1.763e-5,4.096e-6,3.827e-6,3.486e-6
Y,189499,979.2,300.7,296.5,72.8,13.1,5.7,0,0000
T,2014,09,03,09,18,46
B,263350,21893,103,3447,159552,6279,102,3448,979.2,300.7
G,3145815,140587,86,3447,1855441,35930,102,3448,979.2,300.7
R,1276577,69739,5045,3447,757668,31388,4973,3448,979.2,300.7
D,NBXX,9999,3.818e-5,2.782e-5,1.819e-5,4.056e-6,4.074e-6,3.411e-6
Y,189577,979.2,300.7,296.5,72.6,13.1,5.7,0,0000
T,2014,09,03,09,23,46
B,264962,22405,134,3447,159507,6402,114,3447,979.2,300.7
G,3148001,146640,116,3447,1851927,36661,82,3447,979.2,300.7
R,1278862,72700,5118,3447,756678,31981,5008,3447,979.2,300.7
D,NBXX,9999,3.920e-5,2.969e-5,1.988e-5,4.173e-6,4.295e-6,3.684e-6
Y,189709,979.2,300.7,296.5,72.6,13.1,5.7,0,0000
T,2014,09,03,09,28,46
B,263713,21253,177,3448,159730,6238,141,3447,979.2,300.7
G,3148880,135518,107,3448,1853541,35423,102,3447,979.2,300.7
R,1278289,68671,5030,3448,756770,31010,5139,3447,979.2,300.7
D,NBXX,9999,3.572e-5,2.618e-5,1.737e-5,3.510e-6,3.903e-6,3.061e-6
Y,189707,979.2,300.7,296.5,72.8,13.1,5.7,0,0000
T,2014,09,03,09,33,46
B,264491,21266,132,3447,160048,6309,124,3447,979.2,300.7
G,3147219,135820,118,3447,1857094,35153,87,3447,979.2,300.7
R,1282385,68377,5095,3447,756350,31454,5125,3447,979.2,300.7
D,NBXX,9999,3.579e-5,2.630e-5,1.704e-5,3.891e-6,3.823e-6,3.256e-6
Y,189662,979.2,300.7,296.6,72.9,13.1,5.7,0,0000
T,2014,09,03,09,38,46
B,264241,21307,153,3447,159565,6461,116,3448,979.2,300.7
G,3147902,136128,95,3447,1853729,35313,105,3448,979.2,300.7
R,1278578,68590,5091,3447,757371,31263,5025,3448,979.2,300.7
D,NBXX,9999,3.593e-5,2.639e-5,1.735e-5,4.325e-6,3.869e-6,3.244e-6
Y,189703,979.2,300.7,296.5,72.9,13.1,5.7,0,0000
T,2014,09,03,09,43,46
B,264546,20869,115,3447,159542,6281,144,3447,979.2,300.7
G,3142524,135280,90,3447,1855680,34768,91,3447,979.2,300.7
R,1279108,68512,5000,3447,757459,31342,4908,3447,979.2,300.7
D,NBXX,9999,3.454e-5,2.620e-5,1.744e-5,3.791e-6,3.727e-6,3.442e-6
Y,189378,979.2,300.7,296.5,73.1,13.1,5.7,0,0000
T,2014,09,03,09,48,46
B,264464,21131,121,3448,160570,6431,123,3447,979.2,300.7
G,3147870,135829,130,3448,1856264,35041,106,3447,979.2,300.7
R,1279173,68355,5179,3448,757183,31235,5056,3447,979.2,300.7
D,NBXX,9999,3.542e-5,2.628e-5,1.710e-5,4.317e-6,3.777e-6,3.145e-6
Y,189646,979.2,300.7,296.6,73.2,13.1,5.7,0,0000
T,2014,09,03,09,53,46
B,263154,21773,110,3423,158960,6434,124,3422,979.3,300.8
G,3125984,140238,143,3423,1840639,35863,108,3422,979.3,300.8
R,1271148,70024,5145,3423,752089,31333,5081,3422,979.3,300.8
D,NBXX,9999,3.776e-5,2.797e-5,1.837e-5,4.456e-6,4.108e-6,3.288e-6
Y,189703,979.3,300.8,296.6,73.2,13.1,5.7,0,0008
T,2014,09,03,09,58,46
B,264139,21812,141,3447,159733,6342,108,3448,979.3,300.8
G,3152249,138633,104,3447,1857674,35501,93,3448,979.3,300.8
R,1282262,69957,5140,3447,757692,31146,5175,3448,979.3,300.8
D,NBXX,9999,3.758e-5,2.712e-5,1.795e-5,4.037e-6,3.914e-6,2.994e-6
Y,189966,979.3,300.8,296.6,72.9,13.1,5.7,0,0000
T,2014,09,03,10,03,46
B,264453,21852,106,3447,159819,6304,108,3447,979.2,300.8
G,3150222,138694,116,3447,1859130,35255,105,3447,979.2,300.8
R,1281753,69326,5149,3447,759467,31159,5038,3447,979.2,300.8
D,NBXX,9999,3.775e-5,2.715e-5,1.767e-5,4.028e-6,3.838e-6,3.103e-6
Y,189843,979.2,300.8,296.6,72.3,13.1,5.7,0,0000
T,2014,09,03,10,08,46
B,262996,21280,140,3426,158267,6171,130,3425,979.2,300.8
G,3135616,137059,111,3426,1841438,35118,107,3425,979.2,300.8
R,1276781,68925,5027,3426,753979,31136,5051,3425,979.2,300.8
D,NBXX,9999,3.615e-5,2.684e-5,1.763e-5,3.524e-6,3.850e-6,3.219e-6
Y,190122,979.2,300.8,296.6,72.3,13.1,5.7,0,0008
T,2014,09,03,10,13,46
B,265081,21618,142,3447,159605,6330,127,3447,979.2,300.8
G,3148833,137794,116,3447,1852772,35242,84,3447,979.2,300.8
R,1282663,69401,5041,3447,754770,31333,5062,3447,979.2,300.8
D,NBXX,9999,3.668e-5,2.690e-5,1.775e-5,3.868e-6,3.847e-6,3.263e-6
Y,189759,979.2,300.8,296.6,72.8,13.1,5.7,0,0000
T,2014,09,03,10,18,46
B,261625,21208,128,3424,158156,6320,121,3426,979.2,300.8
G,3134226,137049,116,3424,1840430,34858,115,3426,979.2,300.8
R,1272274,69114,5147,3424,753698,31321,4934,3426,979.2,300.8
D,NBXX,9999,3.634e-5,2.685e-5,1.788e-5,4.142e-6,3.759e-6,3.361e-6
Y,190149,979.2,300.8,296.7,72.8,13.1,5.7,0,0008
T,2014,09,03,10,23,46
B,264544,20484,124,3447,158970,6252,124,3447,979.3,300.8
G,3147675,130130,107,3447,1844124,34445,88,3447,979.3,300.8
R,1279633,65888,5241,3447,754542,31030,5196,3447,979.3,300.8
D,NBXX,9999,3.339e-5,2.451e-5,1.542e-5,3.741e-6,3.603e-6,2.863e-6
Y,189689,979.3,300.8,296.7,71.3,13.1,5.7,0,0000
T,2014,09,03,10,28,46
B,265055,20473,107,3448,158969,6305,130,3447,979.3,300.8
G,3146404,129510,104,3448,1857445,34730,112,3447,979.3,300.8
R,1278288,66526,5015,3448,756921,30764,5103,3447,979.3,300.8
D,NBXX,9999,3.328e-5,2.433e-5,1.608e-5,3.913e-6,3.692e-6,2.945e-6
Y,189557,979.3,300.8,296.7,70.8,13.1,5.7,0,0000
T,2014,09,03,10,38,03
B,264883,20569,135,3447,160061,6294,115,3447,979.4,300.9
G,3142676,131253,101,3447,1855841,34297,103,3447,979.4,300.9
R,1281631,66978,5012,3447,754335,31054,5091,3447,979.4,300.9
D,NBXX,9999,3.357e-5,2.493e-5,1.628e-5,3.839e-6,3.570e-6,3.100e-6
Y,189387,979.4,300.9,296.8,71.8,13.1,5.7,0,0000
T,2014,09,03,10,43,03
B,263981,20724,151,3447,159254,6362,150,3448,979.4,300.9
G,3146872,131996,100,3447,1856077,34822,94,3448,979.4,300.9
R,1279955,67081,5223,3447,754922,31429,5157,3448,979.4,300.9
D,NBXX,9999,3.408e-5,2.511e-5,1.619e-5,3.924e-6,3.721e-6,3.144e-6
Y,189641,979.4,300.9,296.8,71.8,13.1,5.7,0,0000
T,2014,09,03,10,48,03
B,264467,20749,136,3447,160155,6134,149,3447,979.5,301.0
G,3145212,132013,98,3447,1850685,34203,90,3447,979.5,301.0
R,1277996,67178,5290,3447,758486,31381,5203,3447,979.5,301.0
D,NBXX,9999,3.410e-5,2.514e-5,1.625e-5,3.251e-6,3.538e-6,3.069e-6
Y,189540,979.5,301.0,296.8,71.3,13.1,5.7,0,0000
T,2014,09,03,10,53,03
B,264502,20632,130,3448,159566,6251,118,3447,979.4,301.0
G,3145101,132209,109,3448,1856147,34466,113,3447,979.4,301.0
R,1278838,67589,5201,3448,758656,31411,5308,3447,979.4,301.0
D,NBXX,9999,3.386e-5,2.519e-5,1.647e-5,3.746e-6,3.611e-6,3.073e-6
Y,189478,979.4,301.0,296.9,71.8,13.1,5.7,0,0000
T,2014,09,03,10,58,03
B,262892,20382,165,3447,160164,6395,108,3447,979.5,301.0
G,3148323,131377,136,3447,1859061,34495,110,3447,979.5,301.0
R,1284744,67842,5291,3447,761850,31189,5320,3447,979.5,301.0
D,NBXX,9999,3.338e-5,2.488e-5,1.640e-5,4.209e-6,3.597e-6,2.803e-6
Y,189728,979.5,301.0,296.9,71.5,13.1,5.7,0,0000
T,2014,09,03,11,03,03
B,264428,21106,150,3447,161482,6397,122,3448,979.5,301.0
G,3147452,133277,131,3447,1870645,34471,112,3448,979.5,301.0
R,1282146,67606,5364,3447,764146,31638,5258,3448,979.5,301.0
D,NBXX,9999,3.525e-5,2.549e-5,1.631e-5,4.104e-6,3.591e-6,3.092e-6
Y,189676,979.5,301.0,296.9,71.6,13.1,5.7,0,0000
T,2014,09,03,11,08,03
B,264138,21197,157,3447,159423,6225,143,3447,979.5,301.1
G,3146864,136126,111,3447,1858073,34624,116,3447,979.5,301.1
R,1282894,69344,5317,3447,760125,31704,5371,3447,979.5,301.1
D,NBXX,9999,3.550e-5,2.639e-5,1.732e-5,3.500e-6,3.650e-6,3.083e-6
Y,189640,979.5,301.1,296.9,71.1,13.1,5.7,0,0000
T,2014,09,03,11,13,03
B,264415,21127,139,3448,160541,6473,143,3447,979.5,301.1
G,3154015,134370,124,3448,1860870,34815,117,3447,979.5,301.1
R,1281517,68660,5266,3448,761702,31828,5292,3447,979.5,301.1
D,NBXX,9999,3.528e-5,2.574e-5,1.702e-5,4.314e-6,3.683e-6,3.271e-6
Y,190017,979.5,301.1,296.9,70.6,13.1,5.7,0,0000
T,2014,09,03,11,18,03
B,264265,21535,122,3447,159561,6462,125,3447,979.6,301.1
G,3150297,136779,119,3447,1848767,34981,110,3447,979.6,301.1
R,1283411,69633,5396,3447,756277,31791,5351,3447,979.6,301.1
D,NBXX,9999,3.670e-5,2.655e-5,1.744e-5,4.410e-6,3.749e-6,3.090e-6
Y,189848,979.6,301.1,297.0,70.8,13.1,5.7,0,0000
T,2014,09,03,11,23,03
B,264141,22106,128,3447,160628,6634,151,3448,979.7,301.2
G,3146853,141765,113,3447,1860384,35081,127,3448,979.7,301.2
R,1285242,71475,5398,3447,758679,32183,5515,3448,979.7,301.2
D,NBXX,9999,3.841e-5,2.816e-5,1.841e-5,4.843e-6,3.785e-6,3.191e-6
Y,189640,979.7,301.2,297.0,72.3,13.1,5.7,0,0000
T,2014,09,03,11,28,03
B,265405,21708,152,3447,160611,6393,132,3447,979.7,301.2
G,3149296,137723,125,3447,1860125,35319,106,3447,979.7,301.2
R,1286179,69996,5339,3447,760823,32243,5409,3447,979.7,301.2
D,NBXX,9999,3.685e-5,2.686e-5,1.759e-5,3.999e-6,3.858e-6,3.342e-6
Y,189787,979.7,301.2,297.0,71.3,13.1,5.7,0,0000
T,2014,09,03,11,33,03
B,263565,22464,163,3448,158772,6425,124,3447,979.7,301.2
G,3151826,141865,101,3448,1846333,35660,100,3447,979.7,301.2
R,1285101,71271,5415,3448,757985,32201,5530,3447,979.7,301.2
D,NBXX,9999,3.963e-5,2.813e-5,1.826e-5,4.223e-6,3.970e-6,3.190e-6
Y,189885,979.7,301.2,297.1,71.5,13.1,5.7,0,0000
T,2014,09,03,11,38,03
B,264594,22315,137,3447,160394,6260,139,3447,979.7,301.2
G,3154290,144015,106,3447,1858450,36322,100,3447,979.7,301.2
R,1283807,71655,5497,3447,760198,32049,5354,3447,979.7,301.2
D,NBXX,9999,3.894e-5,2.877e-5,1.860e-5,3.676e-6,4.163e-6,3.171e-6
Y,190089,979.7,301.2,297.1,71.5,13.1,5.7,0,0000
T,2014,09,03,11,43,03
B,265188,22576,152,3447,159396,6578,151,3448,979.7,301.2
G,3149051,146043,121,3447,1848432,36143,100,3448,979.7,301.2
R,1285131,73023,5578,3447,756164,32964,5530,3448,979.7,301.2
D,NBXX,9999,3.950e-5,2.947e-5,1.923e-5,4.509e-6,4.117e-6,3.534e-6
Y,189773,979.7,301.2,297.1,71.3,13.1,5.7,0,0000
T,2014,09,03,11,48,03
B,263215,39408,159,3447,159488,8720,111,3447,979.6,301.3
G,3147336,348436,93,3447,1851102,58191,116,3447,979.6,301.3
R,1282905,183711,5744,3447,758261,44862,5487,3447,979.6,301.3
D,NBXX,9999,9.218e-5,9.302e-5,8.761e-5,1.140e-5,1.106e-5,1.082e-5
Y,189669,979.6,301.3,297.1,70.6,13.1,5.7,0,0000
T,2014,09,03,11,53,03
B,264179,22251,129,3448,159138,6408,155,3447,979.7,301.3
G,3145997,142435,86,3448,1847769,35436,112,3447,979.7,301.3
R,1285588,72536,5669,3448,758195,32851,5706,3447,979.7,301.3
D,NBXX,9999,3.883e-5,2.842e-5,1.872e-5,4.138e-6,3.935e-6,3.278e-6
Y,189533,979.7,301.3,297.2,70.3,13.1,5.7,0,0000
T,2014,09,03,11,58,03
B,263720,22138,153,3447,158530,6401,151,3447,979.7,301.3
G,3144685,143146,118,3447,1843028,35655,116,3447,979.7,301.3
R,1284437,72764,5518,3447,753722,32729,5654,3447,979.7,301.3
D,NBXX,9999,3.852e-5,2.865e-5,1.904e-5,4.071e-6,3.992e-6,3.355e-6
Y,189508,979.7,301.3,297.2,69.7,13.0,5.7,0,0000
T,2014,09,03,12,03,03
B,256118,21666,146,3356,155845,6407,143,3356,979.7,301.3
G,3059892,139807,129,3356,1796348,34727,118,3356,979.7,301.3
R,1249629,71043,5552,3356,735236,31583,5435,3356,979.7,301.3
D,NBXX,9999,3.907e-5,2.881e-5,1.912e-5,4.700e-6,3.995e-6,3.103e-6
Y,189398,979.7,301.3,297.2,70.5,13.1,5.7,0,0008
T,2014,09,03,12,08,03
B,260893,22187,145,3409,156884,6329,139,3409,979.7,301.4
G,3106575,142119,107,3409,1816144,35160,97,3409,979.7,301.4
R,1269163,71529,5572,3409,745080,32425,5521,3409,979.7,301.4
D,NBXX,9999,3.948e-5,2.889e-5,1.877e-5,4.121e-6,3.982e-6,3.369e-6
Y,189298,979.7,301.4,297.3,70.2,13.1,5.7,0,0008
T,2014,09,03,12,13,03
B,262718,21056,117,3448,160536,6220,140,3447,979.6,301.4
G,3146622,135388,129,3448,1857179,34736,114,3447,979.6,301.4
R,1286171,68949,5580,3448,762050,32310,5669,3447,979.6,301.4
D,NBXX,9999,3.559e-5,2.619e-5,1.659e-5,3.756e-6,3.696e-6,3.029e-6
Y,189570,979.6,301.4,297.3,68.2,13.1,5.7,0,0000
T,2014,09,03,12,18,03
B,264467,21715,128,3447,159516,6354,150,3447,979.6,301.4
G,3140435,138658,126,3447,1853315,34762,104,3447,979.6,301.4
R,1282384,71538,5813,3447,758147,32806,5693,3447,979.6,301.4
D,NBXX,9999,3.712e-5,2.730e-5,1.811e-5,3.967e-6,3.728e-6,3.182e-6
Y,189251,979.6,301.4,297.3,69.7,13.1,5.7,0,0000
T,2014,09,03,12,23,03
B,264675,20090,183,3447,160273,6251,153,3448,979.6,301.5
G,3142126,128286,103,3447,1856676,33654,96,3448,979.6,301.5
R,1283148,67580,5805,3447,760244,32466,5756,3448,979.6,301.5
D,NBXX,9999,3.187e-5,2.403e-5,1.560e-5,3.423e-6,3.382e-6,2.920e-6
Y,189354,979.6,301.5,297.4,67.6,13.1,5.7,0,0000
T,2014,09,03,12,28,03
B,262468,21703,156,3447,159700,6314,145,3447,979.5,301.5
G,3140658,137621,135,3447,1848590,35002,120,3447,979.5,301.5
R,1279849,69617,5683,3447,757561,32628,5785,3447,979.5,301.5
D,NBXX,9999,3.751e-5,2.696e-5,1.702e-5,3.901e-6,3.793e-6,3.123e-6
Y,189265,979.5,301.5,297.4,67.6,13.1,5.7,0,0000
T,2014,09,03,12,33,03
B,264238,21259,153,3448,160908,6313,155,3447,979.5,301.5
G,3140010,136299,132,3448,1854559,34507,137,3447,979.5,301.5
R,1281787,70361,5841,3448,759711,32307,5762,3447,979.5,301.5
D,NBXX,9999,3.567e-5,2.655e-5,1.732e-5,3.755e-6,3.638e-6,2.814e-6
Y,189171,979.5,301.5,297.4,67.6,13.1,5.7,0,0000
T,2014,09,03,12,38,03
B,264533,21290,182,3447,160234,6189,160,3447,979.5,301.5
G,3138295,136213,125,3447,1854671,34998,133,3447,979.5,301.5
R,1279304,70668,5898,3447,758854,32367,5715,3447,979.5,301.5
D,NBXX,9999,3.557e-5,2.655e-5,1.758e-5,3.226e-6,3.799e-6,2.862e-6
Y,189122,979.5,301.5,297.4,67.1,13.1,5.7,0,0000
T,2014,09,03,12,43,03
B,263960,21780,167,3447,159529,6355,136,3447,979.5,301.5
G,3143873,140578,139,3447,1852198,34984,129,3447,979.5,301.5
R,1284764,71714,5668,3447,761561,33211,5935,3447,979.5,301.5
D,NBXX,9999,3.736e-5,2.784e-5,1.808e-5,3.916e-6,3.771e-6,3.340e-6
Y,189459,979.5,301.5,297.5,67.7,13.1,5.7,0,0000
T,2014,09,03,12,48,03
B,264737,22229,160,3447,160528,6470,136,3448,979.5,301.6
G,3146069,140553,116,3447,1849077,34812,107,3448,979.5,301.6
R,1286152,71806,5872,3447,760554,33144,5901,3448,979.5,301.6
D,NBXX,9999,3.860e-5,2.782e-5,1.798e-5,4.249e-6,3.723e-6,3.159e-6
Y,189592,979.5,301.6,297.5,67.9,13.1,5.7,0,0000
T,2014,09,03,12,53,03
B,264208,21876,178,3447,159864,6140,166,3447,979.5,301.6
G,3146256,137416,142,3447,1852024,34468,145,3447,979.5,301.6
R,1285376,70941,5961,3447,758956,33071,5853,3447,979.5,301.6
D,NBXX,9999,3.748e-5,2.681e-5,1.744e-5,3.104e-6,3.594e-6,3.097e-6
Y,189603,979.5,301.6,297.5,67.2,13.1,5.7,0,0000
T,2014,09,03,12,58,03
B,263835,21225,137,3448,159607,6256,198,3447,979.4,301.6
G,3139106,133439,142,3448,1846786,34161,125,3447,979.4,301.6
R,1284966,69732,5950,3448,758635,32845,5781,3447,979.4,301.6
D,NBXX,9999,3.560e-5,2.567e-5,1.676e-5,3.524e-6,3.533e-6,3.025e-6
Y,189116,979.4,301.6,297.5,66.7,13.1,5.7,0,0000
T,2014,09,03,13,03,03
B,262411,20706,182,3447,158735,6099,135,3447,979.4,301.6
G,3135782,131523,122,3447,1845029,34006,97,3447,979.4,301.6
R,1279728,69394,5971,3447,756566,33067,5959,3447,979.4,301.6
D,NBXX,9999,3.440e-5,2.513e-5,1.655e-5,3.195e-6,3.510e-6,3.063e-6
Y,188970,979.4,301.6,297.6,66.4,13.1,5.7,0,0000
T,2014,09,03,13,08,03
B,264440,20654,143,3447,159033,6094,158,3448,979.3,301.7
G,3134815,133507,97,3447,1846328,34148,93,3448,979.3,301.7
R,1282961,71738,5881,3447,757892,32966,5991,3448,979.3,301.7
D,NBXX,9999,3.384e-5,2.577e-5,1.795e-5,3.109e-6,3.565e-6,3.008e-6
Y,188911,979.3,301.7,297.6,67.2,13.1,5.7,0,0000
T,2014,09,03,13,13,03
B,263831,19483,162,3447,159210,6031,157,3447,979.3,301.8
G,3136746,122285,134,3447,1845971,32704,119,3447,979.3,301.8
R,1282529,66136,5931,3447,758814,32686,6058,3447,979.3,301.8
D,NBXX,9999,3.031e-5,2.219e-5,1.442e-5,2.896e-6,3.084e-6,2.759e-6
Y,189028,979.3,301.8,297.7,65.9,13.1,5.7,0,0000
T,2014,09,03,13,18,03
B,262752,19760,155,3448,159714,6037,169,3447,979.2,301.8
G,3137294,123966,101,3448,1848783,33050,119,3447,979.2,301.8
R,1283480,66734,6021,3448,758479,32560,6197,3447,979.2,301.8
D,NBXX,9999,3.139e-5,2.273e-5,1.460e-5,2.974e-6,3.206e-6,2.513e-6
Y,189006,979.2,301.8,297.8,65.9,13.1,5.7,0,0000
T,2014,09,03,13,23,03
B,263878,19699,168,3447,159464,6035,165,3447,979.2,301.9
G,3136394,124085,152,3447,1847724,32969,107,3447,979.2,301.9
R,1282949,67292,5969,3447,758280,32967,5936,3447,979.2,301.9
D,NBXX,9999,3.094e-5,2.276e-5,1.518e-5,2.869e-6,3.167e-6,2.990e-6
Y,189007,979.2,301.9,297.8,65.6,13.1,5.7,0,0000
T,2014,09,03,13,28,03
B,263041,19727,160,3447,159436,5924,166,3448,979.2,301.9
G,3139683,125313,136,3447,1846937,32757,119,3448,979.2,301.9
R,1283380,67340,6054,3447,758278,32954,6106,3448,979.2,301.9
D,NBXX,9999,3.124e-5,2.311e-5,1.502e-5,2.601e-6,3.088e-6,2.790e-6
Y,189206,979.2,301.9,297.8,66.1,13.1,5.7,0,0000
T,2014,09,03,13,33,03
B,263815,19594,199,3447,159458,6099,152,3447,979.2,302.0
G,3138316,124814,145,3447,1841865,32812,102,3447,979.2,302.0
R,1284658,67209,6073,3447,757529,32883,6149,3447,979.2,302.0
D,NBXX,9999,3.057e-5,2.300e-5,1.486e-5,3.006e-6,3.128e-6,2.695e-6
Y,189123,979.2,302.0,297.9,65.9,13.1,5.7,0,0000
T,2014,09,03,13,38,03
B,262773,19342,164,3448,159712,6077,159,3447,979.2,302.0
G,3137292,121795,110,3448,1847064,32630,113,3447,979.2,302.0
R,1282080,67123,6210,3448,757057,32618,6114,3447,979.2,302.0
D,NBXX,9999,3.012e-5,2.207e-5,1.480e-5,3.113e-6,3.086e-6,2.485e-6
Y,189006,979.2,302.0,297.9,65.5,13.1,5.7,0,0000
T,2014,09,03,13,43,03
B,262346,19641,180,3447,158673,6134,139,3447,979.2,302.0
G,3132713,121963,143,3447,1850729,32320,102,3447,979.2,302.0
R,1280834,66727,6136,3447,759769,32753,6206,3447,979.2,302.0
D,NBXX,9999,3.116e-5,2.217e-5,1.458e-5,3.328e-6,2.993e-6,2.562e-6
Y,188784,979.2,302.0,298.0,64.6,13.1,5.7,0,0000
T,2014,09,03,13,48,03
B,263498,21068,165,3447,159650,6148,171,3448,979.2,302.1
G,3134260,132691,124,3447,1846272,34090,102,3448,979.2,302.1
R,1282471,70513,6142,3447,759695,33677,6279,3448,979.2,302.1
D,NBXX,9999,3.524e-5,2.554e-5,1.682e-5,3.227e-6,3.549e-6,3.058e-6
Y,188878,979.2,302.1,298.0,65.9,13.1,5.7,0,0000
T,2014,09,03,13,53,03
B,264750,21013,174,3447,159439,6244,176,3447,979.1,302.1
G,3134590,133764,143,3447,1846521,34159,169,3447,979.1,302.1
R,1280173,70107,6368,3447,757885,33835,6365,3447,979.1,302.1
D,NBXX,9999,3.472e-5,2.584e-5,1.641e-5,3.393e-6,3.541e-6,2.957e-6
Y,188898,979.1,302.1,298.1,66.1,13.1,5.7,0,0000
T,2014,09,03,13,58,03
B,264023,21044,170,3448,160654,6060,174,3447,979.1,302.2
G,3132379,134349,137,3448,1841275,34422,115,3447,979.1,302.2
R,1282957,71115,6333,3448,757091,34061,6227,3447,979.1,302.2
D,NBXX,9999,3.504e-5,2.608e-5,1.708e-5,2.916e-6,3.657e-6,3.200e-6
Y,188709,979.1,302.2,298.1,65.3,13.1,5.7,0,0000
T,2014,09,03,14,03,03
B,264347,21877,176,3447,159376,6427,188,3447,979.1,302.2
G,3136414,141004,131,3447,1850235,34684,104,3447,979.1,302.2
R,1285743,73858,6536,3447,760626,34347,6425,3447,979.1,302.2
D,NBXX,9999,3.746e-5,2.812e-5,1.841e-5,3.948e-6,3.728e-6,3.058e-6
Y,189008,979.1,302.2,298.1,65.9,13.1,5.7,0,0000
T,2014,09,03,14,08,03
B,263011,21733,164,3447,159530,6402,147,3448,979.0,302.2
G,3131101,137639,124,3447,1845295,34774,125,3448,979.0,302.2
R,1283640,71989,6311,3447,760176,34092,6491,3448,979.0,302.2
D,NBXX,9999,3.754e-5,2.713e-5,1.743e-5,4.149e-6,3.767e-6,3.030e-6
Y,188687,979.0,302.2,298.2,64.6,13.1,5.7,0,0000
T,2014,09,03,14,13,03
B,261187,21463,151,3423,157284,6386,136,3423,979.0,302.3
G,3108199,136849,106,3423,1830654,34160,109,3423,979.0,302.3
R,1273088,71275,6388,3423,751631,34306,6520,3423,979.0,302.3
D,NBXX,9999,3.724e-5,2.721e-5,1.720e-5,4.322e-6,3.668e-6,3.190e-6
Y,188620,979.0,302.3,298.3,64.8,13.1,5.7,0,0008
T,2014,09,03,14,18,03
B,253680,22072,159,3291,152226,6227,167,3290,979.0,302.4
G,2995983,142631,137,3291,1756835,34015,85,3290,979.0,302.4
R,1225791,72814,6145,3291,724429,33314,6051,3290,979.0,302.4
D,NBXX,9999,4.100e-5,3.074e-5,2.008e-5,4.231e-6,4.024e-6,3.552e-6
Y,189104,979.0,302.4,298.3,65.8,13.1,5.7,0,0008
T,2014,09,03,14,23,03
B,263745,23114,142,3447,160075,6565,202,3447,978.9,302.4
G,3135891,147502,144,3447,1842953,35534,102,3447,978.9,302.4
R,1284411,75826,6583,3447,759572,35194,6735,3447,978.9,302.4
D,NBXX,9999,4.150e-5,3.017e-5,1.941e-5,4.488e-6,3.994e-6,3.338e-6
Y,188976,978.9,302.4,298.4,64.6,13.1,5.7,0,0000
T,2014,09,03,14,28,03
B,252353,21946,135,3313,153194,6250,174,3316,978.9,302.5
G,3012656,139397,117,3313,1769634,34097,126,3316,978.9,302.5
R,1236437,72264,6280,3313,726343,34191,6333,3316,978.9,302.5
D,NBXX,9999,4.105e-5,2.941e-5,1.910e-5,4.458e-6,3.968e-6,3.677e-6
Y,188893,978.9,302.5,298.4,64.6,13.1,5.7,0,0008
T,2014,09,03,14,33,03
B,248662,21309,151,3263,150083,5983,170,3262,978.8,302.5
G,2966207,136234,117,3263,1740674,33411,117,3262,978.8,302.5
R,1217624,70503,6326,3263,713566,33980,6287,3262,978.8,302.5
D,NBXX,9999,3.996e-5,2.908e-5,1.852e-5,3.844e-6,3.930e-6,3.754e-6
Y,188830,978.8,302.5,298.5,63.7,13.1,5.7,0,0008
T,2014,09,03,14,38,03
B,263615,22522,202,3448,158398,6284,186,3447,978.8,302.6
G,3132251,145083,140,3448,1841363,35519,147,3447,978.8,302.6
R,1285979,76198,6642,3448,758247,35432,6922,3447,978.8,302.6
D,NBXX,9999,3.958e-5,2.945e-5,1.942e-5,3.491e-6,3.990e-6,3.298e-6
Y,188701,978.8,302.6,298.5,64.5,13.1,5.7,0,0000
T,2014,09,03,14,43,03
B,261669,22014,183,3423,158402,6495,172,3422,978.7,302.6
G,3111267,141312,135,3423,1832637,34960,132,3422,978.7,302.6
R,1274588,74657,6881,3423,755229,35408,6882,3422,978.7,302.6
D,NBXX,9999,3.862e-5,2.857e-5,1.865e-5,4.401e-6,3.895e-6,3.248e-6
Y,188807,978.7,302.6,298.6,63.7,13.1,5.7,0,0008
T,2014,09,03,14,48,03
B,259675,22875,187,3400,157995,6466,173,3400,978.6,302.6
G,3088693,146723,144,3400,1822937,35422,126,3400,978.6,302.6
R,1267689,76064,6698,3400,749504,35279,6954,3400,978.6,302.6
D,NBXX,9999,4.182e-5,3.062e-5,1.981e-5,4.432e-6,4.119e-6,3.309e-6
Y,188704,978.6,302.6,298.6,64.6,13.1,5.7,0,0008
T,2014,09,03,14,53,03
B,263890,22483,216,3447,158905,6356,191,3447,978.6,302.7
G,3130450,146428,154,3447,1839495,35744,146,3447,978.6,302.7
R,1285275,76978,6812,3447,759184,36132,6984,3447,978.6,302.7
D,NBXX,9999,3.932e-5,2.989e-5,1.976e-5,3.621e-6,4.059e-6,3.566e-6
Y,188647,978.6,302.7,298.6,64.2,13.1,5.7,0,0000
T,2014,09,03,14,58,03
B,262523,23127,194,3447,159359,6524,191,3447,978.5,302.7
G,3130439,145888,136,3447,1845570,35747,147,3447,978.5,302.7
R,1284355,77132,7146,3447,761395,36111,6984,3447,978.5,302.7
D,NBXX,9999,4.175e-5,2.973e-5,1.964e-5,4.316e-6,4.067e-6,3.322e-6
Y,188647,978.5,302.7,298.7,63.3,13.1,5.7,0,0000
T,2014,09,03,15,03,03
B,263778,23192,176,3448,160463,6638,193,3447,978.5,302.8
G,3129120,148808,132,3448,1849704,35555,113,3447,978.5,302.8
R,1284925,77660,7237,3448,762292,36645,7040,3447,978.5,302.8
D,NBXX,9999,4.167e-5,3.071e-5,1.984e-5,4.641e-6,4.041e-6,3.546e-6
Y,188512,978.5,302.8,298.7,63.0,13.1,5.7,0,0000
T,2014,09,03,15,08,03
B,263824,22878,201,3447,159814,6459,149,3447,978.4,302.8
G,3126476,148956,142,3447,1842623,35889,151,3447,978.4,302.8
R,1286975,78330,7191,3447,760880,36424,7151,3447,978.4,302.8
D,NBXX,9999,4.076e-5,3.078e-5,2.015e-5,4.148e-6,4.135e-6,3.338e-6
Y,188407,978.4,302.8,298.7,63.3,13.1,5.7,0,0000
T,2014,09,03,15,13,03
B,262678,22330,190,3447,160001,6487,179,3448,978.3,302.8
G,3128790,144919,116,3447,1849657,35764,118,3448,978.3,302.8
R,1286143,77804,7052,3447,763134,36595,7277,3448,978.3,302.8
D,NBXX,9999,3.929e-5,2.949e-5,1.986e-5,4.242e-6,4.106e-6,3.456e-6
Y,188547,978.3,302.8,298.8,62.2,13.1,5.7,0,0000
T,2014,09,03,15,18,03
B,263112,21934,185,3447,159722,6433,227,3447,978.2,302.9
G,3124315,142871,164,3447,1848048,35616,166,3447,978.2,302.9
R,1284473,77501,7311,3447,761976,37155,7233,3447,978.2,302.9
D,NBXX,9999,3.783e-5,2.888e-5,1.957e-5,3.909e-6,4.043e-6,3.669e-6
Y,188276,978.2,302.9,298.8,61.6,13.1,5.7,0,0000
T,2014,09,03,15,23,03
B,257217,20972,209,3380,155808,6013,210,3380,978.1,302.9
G,3062619,135637,119,3380,1806317,34285,115,3380,978.1,302.9
R,1260539,74601,7092,3380,745854,35759,7076,3380,978.1,302.9
D,NBXX,9999,3.628e-5,2.752e-5,1.873e-5,2.976e-6,3.888e-6,3.303e-6
Y,188217,978.1,302.9,298.8,60.6,13.1,5.7,0,0008
T,2014,09,03,15,28,03
B,264307,21121,188,3447,159430,6359,185,3447,978.1,302.9
G,3126160,137497,136,3447,1840747,34784,149,3447,978.1,302.9
R,1285766,76734,7207,3447,760961,36828,7524,3447,978.1,302.9
D,NBXX,9999,3.516e-5,2.720e-5,1.893e-5,3.737e-6,3.804e-6,3.320e-6
Y,188388,978.1,302.9,298.9,60.3,13.1,5.7,0,0000
T,2014,09,03,15,33,03
B,262914,20733,198,3447,158980,6309,188,3448,978.1,303.0
G,3125513,133731,135,3447,1841286,34242,156,3448,978.1,303.0
R,1288002,75493,7410,3447,760932,36760,7478,3448,978.1,303.0
D,NBXX,9999,3.425e-5,2.601e-5,1.802e-5,3.627e-6,3.629e-6,3.153e-6
Y,188349,978.1,303.0,298.9,59.1,13.1,5.7,0,0000
T,2014,09,03,15,38,03
B,263491,20548,222,3447,159183,6152,211,3447,978.0,303.0
G,3126066,132077,154,3447,1840002,34072,155,3447,978.0,303.0
R,1288663,74724,7352,3447,763077,36574,7525,3447,978.0,303.0
D,NBXX,9999,3.341e-5,2.548e-5,1.753e-5,2.953e-6,3.570e-6,3.046e-6
Y,188382,978.0,303.0,298.9,59.0,13.1,5.7,0,0000
T,2014,09,03,15,43,03
B,263251,21128,229,3448,157902,6285,192,3447,978.0,303.0
G,3130322,136086,138,3448,1833777,34220,137,3447,978.0,303.0
R,1288595,77603,7612,3448,759827,36926,7493,3447,978.0,303.0
D,NBXX,9999,3.530e-5,2.670e-5,1.914e-5,3.429e-6,3.618e-6,3.105e-6
Y,188585,978.0,303.0,298.9,59.6,13.1,5.7,0,0000
T,2014,09,03,15,48,03
B,262913,20009,212,3447,158399,6462,206,3447,977.9,303.0
G,3123795,131582,124,3447,1835644,33940,146,3447,977.9,303.0
R,1289898,75135,7482,3447,760093,37130,7477,3447,977.9,303.0
D,NBXX,9999,3.193e-5,2.537e-5,1.769e-5,4.005e-6,3.551e-6,3.318e-6
Y,188245,977.9,303.0,299.0,58.5,13.1,5.7,0,0000
T,2014,09,03,15,53,03
B,262960,20669,169,3447,159382,6202,192,3448,977.8,303.0
G,3127965,133652,171,3447,1844113,33815,140,3448,977.8,303.0
R,1288079,75551,7538,3447,763947,36752,7454,3448,977.8,303.0
D,NBXX,9999,3.416e-5,2.595e-5,1.798e-5,3.396e-6,3.479e-6,3.073e-6
Y,188497,977.8,303.0,299.0,58.8,13.1,5.7,0,0000
T,2014,09,03,15,58,03
B,259557,20013,212,3399,157387,5946,205,3398,977.8,303.1
G,3080349,128293,124,3399,1812944,33595,158,3398,977.8,303.1
R,1272807,73148,7549,3399,750083,36419,7513,3398,977.8,303.1
D,NBXX,9999,3.272e-5,2.489e-5,1.685e-5,2.635e-6,3.589e-6,2.968e-6
Y,188248,977.8,303.1,299.0,58.3,13.1,5.7,0,0008
T,2014,09,03,16,03,03
B,262832,20028,229,3448,159617,6285,208,3447,977.8,303.1
G,3123557,128925,148,3448,1836116,33918,137,3447,977.8,303.1
R,1289650,74263,7771,3448,761877,37044,7519,3447,977.8,303.1
D,NBXX,9999,3.194e-5,2.452e-5,1.692e-5,3.400e-6,3.542e-6,3.035e-6
Y,188176,977.8,303.1,299.0,58.0,13.1,5.7,0,0000
T,2014,09,03,16,08,03
B,259217,19453,227,3403,158053,6079,207,3404,977.8,303.1
G,3096940,126816,158,3403,1821678,33620,129,3404,977.8,303.1
R,1276619,73240,7483,3403,756199,36738,7572,3404,977.8,303.1
D,NBXX,9999,3.099e-5,2.420e-5,1.682e-5,3.003e-6,3.531e-6,3.126e-6
Y,189043,977.8,303.1,299.0,57.8,13.1,5.7,0,0008
T,2014,09,03,16,13,03
B,262765,19544,222,3447,158845,6124,194,3448,977.8,303.1
G,3126955,125556,174,3447,1838123,33253,159,3448,977.8,303.1
R,1292655,73934,7580,3447,763894,36861,7820,3448,977.8,303.1
D,NBXX,9999,3.053e-5,2.340e-5,1.657e-5,2.970e-6,3.297e-6,2.807e-6
Y,188436,977.8,303.1,299.0,57.0,13.1,5.7,0,0000
T,2014,09,03,16,18,03
B,262079,20394,188,3447,159767,6359,204,3447,977.8,303.1
G,3125509,130917,164,3447,1844733,33816,161,3447,977.8,303.1
R,1292413,75960,7650,3447,760883,37249,7733,3447,977.8,303.1
D,NBXX,9999,3.341e-5,2.511e-5,1.783e-5,3.838e-6,3.486e-6,3.065e-6
Y,188348,977.8,303.1,299.0,58.0,13.1,5.7,0,0000
T,2014,09,03,16,23,03
B,263608,20672,198,3448,159210,6375,221,3447,977.7,303.1
G,3126402,133344,148,3448,1841255,34539,145,3447,977.7,303.1
R,1291281,76328,7770,3448,763169,37274,7740,3447,977.7,303.1
D,NBXX,9999,3.381e-5,2.588e-5,1.799e-5,3.690e-6,3.726e-6,3.005e-6
Y,188348,977.7,303.1,299.1,59.4,13.1,5.7,0,0000
T,2014,09,03,16,28,03
B,263458,20819,173,3447,159977,6498,194,3447,977.7,303.2
G,3126154,135005,128,3447,1846702,34781,152,3447,977.7,303.2
R,1292065,76895,7914,3447,763442,37680,7852,3447,977.7,303.2
D,NBXX,9999,3.451e-5,2.641e-5,1.814e-5,4.275e-6,3.805e-6,3.059e-6
Y,188388,977.7,303.2,299.1,59.6,13.1,5.7,0,0000
T,2014,09,03,16,33,03
B,263508,21885,196,3447,159204,6303,202,3448,977.7,303.2
G,3129484,142953,177,3447,1843108,35514,137,3448,977.7,303.2
R,1291376,80227,7770,3447,765275,37595,7812,3448,977.7,303.2
D,NBXX,9999,3.768e-5,2.886e-5,2.034e-5,3.552e-6,4.009e-6,3.140e-6
Y,188589,977.7,303.2,299.1,61.1,13.1,5.7,0,0000
T,2014,09,03,16,38,03
B,263994,22427,187,3447,159716,6650,206,3447,977.6,303.2
G,3128985,145025,160,3447,1840387,35779,140,3447,977.6,303.2
R,1290640,81015,7923,3447,763169,38143,7832,3447,977.6,303.2
D,NBXX,9999,3.925e-5,2.953e-5,2.072e-5,4.612e-6,4.102e-6,3.365e-6
Y,188559,977.6,303.2,299.1,61.4,13.1,5.7,0,0000
T,2014,09,03,16,43,03
B,263033,23209,203,3448,159473,6606,196,3447,977.5,303.2
G,3126367,150818,154,3448,1839051,36387,155,3447,977.5,303.2
R,1290247,83022,7703,3448,765166,38681,7902,3447,977.5,303.2
D,NBXX,9999,4.190e-5,3.139e-5,2.207e-5,4.530e-6,4.304e-6,3.812e-6
Y,188346,977.5,303.2,299.1,62.5,13.1,5.7,0,0000
