T,2014,08,29,00,03,43
B,264475,27156,126,3447,160687,7265,128,3448,978.5,300.1
G,3194645,177233,102,3447,1889725,41237,90,3448,978.5,300.1
R,1286028,77796,4794,3447,762734,32845,4531,3448,978.5,300.1
D,NBXX,9999,5.387e-5,3.847e-5,2.338e-5,6.808e-6,5.540e-6,4.715e-6
Y,192531,978.5,300.1,295.9,59.0,13.1,5.7,0,0000
T,2014,08,29,00,08,43
B,264391,27797,123,3447,159532,7101,130,3447,978.6,300.1
G,3192798,179977,96,3447,1885640,41883,117,3447,978.6,300.1
R,1288837,78978,4821,3447,763324,33081,4743,3447,978.6,300.1
D,NBXX,9999,5.587e-5,3.931e-5,2.385e-5,6.320e-6,5.730e-6,4.664e-6
Y,192419,978.6,300.1,295.9,59.6,13.0,5.7,0,0000
T,2014,08,29,00,13,43
B,264614,28135,124,3448,160947,7316,133,3447,978.6,300.1
G,3198491,184987,98,3448,1891717,42729,132,3447,978.6,300.1
R,1288437,81683,4895,3448,764793,33287,4843,3447,978.6,300.1
D,NBXX,9999,5.683e-5,4.075e-5,2.540e-5,6.956e-6,5.966e-6,4.676e-6
Y,192707,978.6,300.1,295.9,61.1,13.1,5.7,0,0000
T,2014,08,29,00,18,43
B,264659,28604,103,3447,160066,7344,137,3447,978.6,300.1
G,3198914,186691,88,3447,1887239,42787,95,3447,978.6,300.1
R,1289079,81794,4643,3447,763168,33213,4717,3447,978.6,300.1
D,NBXX,9999,5.831e-5,4.129e-5,2.572e-5,7.092e-6,5.995e-6,4.888e-6
Y,192789,978.6,300.1,295.9,61.9,13.1,5.7,0,0000
T,2014,08,29,00,23,43
B,263810,29262,143,3447,161488,7378,111,3447,978.6,300.1
G,3192429,193645,126,3447,1897939,43640,84,3447,978.6,300.1
R,1288643,83527,4745,3447,765489,33749,4752,3447,978.6,300.1
D,NBXX,9999,6.058e-5,4.355e-5,2.670e-5,7.217e-6,6.276e-6,5.125e-6
Y,192397,978.6,300.1,295.8,61.7,13.1,5.7,0,0000
T,2014,08,29,00,28,43
B,264616,27577,132,3447,160546,7106,133,3448,978.6,300.1
G,3192854,179613,116,3447,1891438,41725,108,3448,978.6,300.1
R,1289067,78996,4855,3447,764623,32634,4885,3448,978.6,300.1
D,NBXX,9999,5.508e-5,3.920e-5,2.373e-5,6.268e-6,5.673e-6,4.257e-6
Y,192422,978.6,300.1,295.8,62.2,13.1,5.7,0,0000
T,2014,08,29,00,33,43
B,264541,27267,161,3447,159911,7141,155,3447,978.7,300.1
G,3192860,178657,115,3447,1889579,41231,93,3447,978.7,300.1
R,1292034,79358,4920,3447,764011,33025,4768,3447,978.7,300.1
D,NBXX,9999,5.397e-5,3.891e-5,2.389e-5,6.206e-6,5.530e-6,4.508e-6
Y,192423,978.7,300.1,295.8,62.5,13.1,5.7,0,0000
T,2014,08,29,00,38,43
B,264881,27848,119,3448,161221,7283,112,3447,978.7,300.1
G,3198942,179900,101,3448,1897312,41987,93,3447,978.7,300.1
R,1291282,79025,4756,3448,766010,32923,4786,3447,978.7,300.1
D,NBXX,9999,5.595e-5,3.919e-5,2.381e-5,6.925e-6,5.748e-6,4.562e-6
Y,192735,978.7,300.1,295.8,62.4,13.0,5.7,0,0000
T,2014,08,29,00,43,43
B,265566,27623,138,3447,161739,7265,133,3447,978.7,300.1
G,3196201,178894,100,3447,1890510,41655,89,3447,978.7,300.1
R,1288524,79504,4667,3447,765674,32944,4718,3447,978.7,300.1
D,NBXX,9999,5.490e-5,3.893e-5,2.431e-5,6.666e-6,5.655e-6,4.711e-6
Y,192625,978.7,300.1,295.7,62.0,13.1,5.7,0,0000
T,2014,08,29,00,48,43
B,265624,27699,147,3447,161360,7047,161,3448,978.7,300.1
G,3198737,179105,129,3447,1892439,41315,97,3448,978.7,300.1
R,1289265,78526,4794,3447,764556,32693,4772,3448,978.7,300.1
D,NBXX,9999,5.499e-5,3.894e-5,2.356e-5,5.856e-6,5.523e-6,4.415e-6
Y,192778,978.7,300.1,295.7,60.6,13.1,5.7,0,0000
T,2014,08,29,00,53,43
B,264912,27381,145,3447,161479,7226,137,3447,978.8,300.1
G,3196718,179795,104,3447,1893151,41938,95,3447,978.8,300.1
R,1286509,78964,4731,3447,765087,32760,4632,3447,978.8,300.1
D,NBXX,9999,5.433e-5,3.919e-5,2.406e-5,6.559e-6,5.736e-6,4.635e-6
Y,192656,978.8,300.1,295.8,61.4,13.0,5.7,0,0000
T,2014,08,29,00,58,43
B,264794,27714,129,3448,161513,7115,134,3447,978.8,300.1
G,3197256,183039,118,3448,1893398,42532,103,3447,978.8,300.1
R,1289683,80353,4661,3448,766087,33039,4744,3447,978.8,300.1
D,NBXX,9999,5.545e-5,4.018e-5,2.478e-5,6.301e-6,5.914e-6,4.748e-6
Y,192633,978.8,300.1,295.8,61.7,13.0,5.7,0,0000
T,2014,08,29,01,03,43
B,264254,28055,129,3447,161745,7312,136,3447,978.8,300.1
G,3196497,183196,100,3447,1888807,42248,102,3447,978.8,300.1
R,1289194,80225,4637,3447,765632,33172,4758,3447,978.8,300.1
D,NBXX,9999,5.667e-5,4.025e-5,2.472e-5,6.938e-6,5.832e-6,4.837e-6
Y,192643,978.8,300.1,295.8,61.9,13.0,5.7,0,0000
T,2014,08,29,01,08,43
B,265221,28228,129,3447,161523,7282,129,3448,978.8,300.1
G,3196894,186446,97,3447,1891191,42737,88,3448,978.8,300.1
R,1286839,80971,4687,3447,766161,33399,4722,3448,978.8,300.1
D,NBXX,9999,5.691e-5,4.125e-5,2.525e-5,6.785e-6,5.984e-6,4.987e-6
Y,192667,978.8,300.1,295.8,61.7,13.1,5.7,0,0000
T,2014,08,29,01,13,43
B,265986,28725,113,3447,161189,7463,133,3447,978.8,300.1
G,3195625,186030,124,3447,1892069,42935,88,3447,978.8,300.1
R,1287632,81363,4738,3447,763382,33544,4787,3447,978.8,300.1
D,NBXX,9999,5.823e-5,4.113e-5,2.538e-5,7.327e-6,6.044e-6,4.990e-6
Y,192590,978.8,300.1,295.8,60.9,13.1,5.7,0,0000
T,2014,08,29,01,18,43
B,265295,28327,144,3448,160956,7470,135,3447,978.8,300.1
G,3194476,187356,115,3448,1895064,42766,101,3447,978.8,300.1
R,1288698,81873,4781,3448,767065,33658,4741,3447,978.8,300.1
D,NBXX,9999,5.712e-5,4.156e-5,2.566e-5,7.295e-6,5.999e-6,5.056e-6
Y,192464,978.8,300.1,295.8,61.2,13.1,5.7,0,0000
T,2014,08,29,01,23,43
B,264772,28727,131,3447,161710,7220,129,3447,978.9,300.1
G,3193773,189961,93,3447,1895560,43341,113,3447,978.9,300.1
R,1286374,82388,4688,3447,765940,33568,4755,3447,978.9,300.1
D,NBXX,9999,5.859e-5,4.239e-5,2.611e-5,6.630e-6,6.179e-6,5.077e-6
Y,192478,978.9,300.1,295.8,61.4,13.1,5.7,0,0000
T,2014,08,29,01,28,43
B,264618,28521,130,3447,161113,7180,110,3448,978.8,300.1
G,3196722,188806,128,3447,1893221,43254,103,3448,978.8,300.1
R,1288634,82364,4772,3447,765755,33496,4692,3448,978.8,300.1
D,NBXX,9999,5.807e-5,4.197e-5,2.601e-5,6.585e-6,6.127e-6,4.988e-6
Y,192656,978.8,300.1,295.8,61.7,12.9,5.7,0,0000
T,2014,08,29,01,33,43
B,263874,28880,109,3447,161200,7308,116,3447,978.8,300.1
G,3193793,191807,74,3447,1898023,43263,99,3447,978.8,300.1
R,1289934,83141,4732,3447,766993,33429,4604,3447,978.8,300.1
D,NBXX,9999,5.948e-5,4.297e-5,2.653e-5,7.099e-6,6.167e-6,5.029e-6
Y,192479,978.8,300.1,295.8,61.7,13.1,5.7,0,0000
T,2014,08,29,01,38,43
B,264391,29917,141,3448,160680,7413,150,3447,978.8,300.1
G,3198307,196448,92,3448,1892247,44466,82,3447,978.8,300.1
R,1287981,84926,4653,3448,764638,33710,4694,3447,978.8,300.1
D,NBXX,9999,6.227e-5,4.432e-5,2.769e-5,7.151e-6,6.523e-6,5.220e-6
Y,192696,978.8,300.1,295.8,61.9,13.0,5.7,0,0000
T,2014,08,29,01,43,43
B,265043,29739,136,3447,161105,7325,140,3447,978.8,300.1
G,3194955,198602,99,3447,1890813,44664,113,3447,978.8,300.1
R,1286787,85947,4744,3447,766311,34155,4847,3447,978.8,300.1
D,NBXX,9999,6.155e-5,4.503e-5,2.819e-5,6.874e-6,6.581e-6,5.328e-6
Y,192549,978.8,300.1,295.8,62.0,13.0,5.7,0,0000
T,2014,08,29,01,48,43
B,264112,30797,158,3447,161600,7563,153,3448,978.8,300.1
G,3197978,203937,104,3447,1897014,45830,107,3448,978.8,300.1
R,1286453,87748,4639,3447,766423,33989,4853,3448,978.8,300.1
D,NBXX,9999,6.501e-5,4.662e-5,2.938e-5,7.552e-6,6.924e-6,5.295e-6
Y,192732,978.8,300.1,295.9,61.6,13.1,5.7,0,0000
T,2014,08,29,01,53,43
B,265549,30348,189,3447,162052,7468,113,3447,978.8,300.1
G,3198740,203107,107,3447,1893458,44271,104,3447,978.8,300.1
R,1289415,86271,4632,3447,764183,33904,4742,3447,978.8,300.1
D,NBXX,9999,6.315e-5,4.635e-5,2.845e-5,7.179e-6,6.444e-6,5.300e-6
Y,192778,978.8,300.1,295.9,61.4,13.0,5.7,0,0000
T,2014,08,29,01,58,43
B,265585,32312,129,3448,160360,7795,149,3447,978.8,300.1
G,3195867,216182,91,3448,1896942,45899,116,3447,978.8,300.1
R,1289808,90852,4695,3448,766780,34251,4838,3447,978.8,300.1
D,NBXX,9999,6.924e-5,5.045e-5,3.113e-5,8.271e-6,6.965e-6,5.400e-6
Y,192549,978.8,300.1,295.9,61.4,13.1,5.7,0,0000
T,2014,08,29,02,03,43
B,264797,30937,146,3447,160577,7571,130,3447,978.8,300.2
G,3197051,206059,99,3447,1891297,45055,94,3447,978.8,300.2
R,1287290,88122,4714,3447,765702,34006,4779,3447,978.8,300.2
D,NBXX,9999,6.532e-5,4.730e-5,2.958e-5,7.650e-6,6.700e-6,5.301e-6
Y,192676,978.8,300.2,295.9,61.2,13.1,5.7,0,0000
T,2014,08,29,02,08,43
B,264949,30667,145,3447,161251,7568,115,3448,978.8,300.2
G,3194113,202902,106,3447,1894709,44768,109,3448,978.8,300.2
R,1290315,87216,4733,3447,767028,33960,4757,3448,978.8,300.2
D,NBXX,9999,6.449e-5,4.638e-5,2.891e-5,7.679e-6,6.612e-6,5.236e-6
Y,192499,978.8,300.2,295.9,61.6,13.1,5.7,0,0000
T,2014,08,29,02,13,43
B,264806,31676,111,3447,161648,7725,152,3447,978.8,300.2
G,3196566,210453,86,3447,1888468,46921,88,3447,978.8,300.2
R,1289005,88687,4600,3447,765378,34858,4656,3447,978.8,300.2
D,NBXX,9999,6.763e-5,4.867e-5,3.003e-5,8.169e-6,7.285e-6,5.975e-6
Y,192647,978.8,300.2,295.9,61.7,13.1,5.7,0,0000
T,2014,08,29,02,18,43
B,265274,30849,150,3448,161552,7631,126,3447,978.8,300.2
G,3197856,203587,106,3448,1896940,45563,93,3447,978.8,300.2
R,1290627,86511,4706,3448,769109,34223,4720,3447,978.8,300.2
D,NBXX,9999,6.488e-5,4.652e-5,2.851e-5,7.801e-6,6.855e-6,5.450e-6
Y,192669,978.8,300.2,295.9,61.7,13.0,5.7,0,0000
T,2014,08,29,02,23,43
B,264762,29526,147,3447,160781,7500,134,3447,978.8,300.2
G,3197812,195968,86,3447,1893869,43344,82,3447,978.8,300.2
R,1290135,84585,4777,3447,765044,34069,4736,3447,978.8,300.2
D,NBXX,9999,6.097e-5,4.418e-5,2.729e-5,7.417e-6,6.177e-6,5.294e-6
Y,192722,978.8,300.2,295.9,61.9,13.0,5.7,0,0000
T,2014,08,29,02,28,43
B,264884,29691,146,3447,161000,7285,148,3448,978.8,300.2
G,3193922,194278,112,3447,1892484,43537,66,3448,978.8,300.2
R,1290375,83231,4790,3447,766833,33610,4812,3448,978.8,300.2
D,NBXX,9999,6.139e-5,4.373e-5,2.638e-5,6.694e-6,6.246e-6,4.941e-6
Y,192487,978.8,300.2,295.9,61.6,13.1,5.7,0,0000
T,2014,08,29,02,33,43
B,265719,29833,146,3447,161800,7394,124,3447,978.8,300.2
G,3199072,195405,107,3447,1895588,43551,88,3447,978.8,300.2
R,1290502,83572,4851,3447,766638,33421,4757,3447,978.8,300.2
D,NBXX,9999,6.163e-5,4.397e-5,2.658e-5,7.052e-6,6.226e-6,4.824e-6
Y,192799,978.8,300.2,295.9,61.2,13.1,5.7,0,0000
T,2014,08,29,02,38,43
B,266239,29386,146,3447,161994,7165,124,3447,978.8,300.3
G,3199331,191345,112,3447,1893636,42950,94,3447,978.8,300.3
R,1288456,81626,4800,3447,766980,33276,4854,3447,978.8,300.3
D,NBXX,9999,6.011e-5,4.271e-5,2.543e-5,6.323e-6,6.036e-6,4.724e-6
Y,192814,978.8,300.3,296.0,61.1,13.1,5.7,0,0000
T,2014,08,29,02,43,43
B,264919,28635,153,3448,161228,7138,148,3447,978.8,300.3
G,3195937,186918,116,3448,1891446,41971,110,3447,978.8,300.3
R,1292112,80482,4828,3448,766715,33361,4864,3447,978.8,300.3
D,NBXX,9999,5.814e-5,4.140e-5,2.457e-5,6.241e-6,5.744e-6,4.716e-6
Y,192553,978.8,300.3,296.0,60.6,13.1,5.7,0,0000
T,2014,08,29,02,48,43
B,265171,28258,124,3447,161832,7114,104,3447,978.8,300.4
G,3198239,185008,89,3447,1890372,42329,79,3447,978.8,300.4
R,1289383,80485,4689,3447,764496,33142,4628,3447,978.8,300.4
D,NBXX,9999,5.715e-5,4.079e-5,2.493e-5,6.401e-6,5.862e-6,4.872e-6
Y,192748,978.8,300.4,296.1,60.1,13.1,5.7,0,0000
T,2014,08,29,02,53,43
B,265569,28727,102,3447,161505,7177,139,3448,978.8,300.4
G,3196040,183012,91,3447,1891671,41665,104,3448,978.8,300.4
R,1292857,79652,4641,3447,766030,32913,4937,3448,978.8,300.4
D,NBXX,9999,5.842e-5,4.020e-5,2.412e-5,6.510e-6,5.653e-6,4.504e-6
Y,192615,978.8,300.4,296.1,59.6,13.1,5.7,0,0000
T,2014,08,29,02,58,43
B,264526,28214,128,3447,162763,7266,124,3447,978.8,300.4
G,3196182,183188,125,3447,1889707,42556,110,3447,978.8,300.4
R,1291356,79978,4844,3447,766727,33255,4827,3447,978.8,300.4
D,NBXX,9999,5.714e-5,4.024e-5,2.430e-5,6.834e-6,5.916e-6,4.668e-6
Y,192624,978.8,300.4,296.2,59.6,13.1,5.7,0,0000
T,2014,08,29,03,03,43
B,265773,28303,127,3448,161139,7333,157,3447,978.8,300.5
G,3201518,182410,108,3448,1899741,42015,97,3447,978.8,300.5
R,1290674,79447,4898,3448,768466,33396,4873,3447,978.8,300.5
D,NBXX,9999,5.690e-5,3.994e-5,2.393e-5,6.831e-6,5.756e-6,4.696e-6
Y,192890,978.8,300.5,296.2,59.9,13.1,5.7,0,0000
T,2014,08,29,03,08,43
B,266568,28244,142,3447,161485,7387,161,3447,978.8,300.5
G,3195451,182051,99,3447,1893690,41961,95,3447,978.8,300.5
R,1291485,79680,4900,3447,768084,33060,4846,3447,978.8,300.5
D,NBXX,9999,5.640e-5,3.994e-5,2.406e-5,6.859e-6,5.764e-6,4.494e-6
Y,192579,978.8,300.5,296.3,59.8,13.0,5.7,0,0000
T,2014,08,29,03,13,43
B,265586,27877,134,3447,162187,7253,115,3448,978.8,300.6
G,3197692,182018,96,3447,1901923,42120,95,3448,978.8,300.6
R,1291830,79986,4935,3447,769403,32972,4925,3448,978.8,300.6
D,NBXX,9999,5.581e-5,3.989e-5,2.416e-5,6.727e-6,5.801e-6,4.350e-6
Y,192715,978.8,300.6,296.3,59.4,13.1,5.7,0,0000
T,2014,08,29,03,18,43
B,265165,28576,165,3447,161885,7285,149,3447,978.8,300.6
G,3195239,183773,129,3447,1893759,41818,92,3447,978.8,300.6
R,1291277,80298,5083,3447,768208,33448,5030,3447,978.8,300.6
D,NBXX,9999,5.786e-5,4.047e-5,2.419e-5,6.634e-6,5.711e-6,4.473e-6
Y,192567,978.8,300.6,296.4,59.1,13.1,5.7,0,0000
T,2014,08,29,03,23,43
B,265532,28178,135,3448,161855,7276,132,3447,978.8,300.6
G,3194639,183545,72,3448,1893337,42016,97,3447,978.8,300.6
R,1289789,80324,4922,3448,767893,33533,4899,3447,978.8,300.6
D,NBXX,9999,5.668e-5,4.043e-5,2.446e-5,6.750e-6,5.797e-6,4.754e-6
Y,192474,978.8,300.6,296.4,59.1,13.1,5.7,0,0000
T,2014,08,29,03,28,43
B,263825,28264,162,3447,161547,7279,150,3447,978.8,300.7
G,3194946,184120,115,3447,1893438,42119,118,3447,978.8,300.7
R,1292395,79841,4826,3447,767843,33434,5068,3447,978.8,300.7
D,NBXX,9999,5.734e-5,4.058e-5,2.403e-5,6.731e-6,5.801e-6,4.609e-6
Y,192549,978.8,300.7,296.4,59.0,13.1,5.7,0,0000
T,2014,08,29,03,33,43
B,265166,28482,150,3447,162067,7215,130,3448,978.8,300.7
G,3197181,182856,118,3447,1898750,41654,106,3448,978.8,300.7
R,1291621,79821,5123,3447,771187,33600,5050,3448,978.8,300.7
D,NBXX,9999,5.769e-5,4.015e-5,2.385e-5,6.534e-6,5.647e-6,4.515e-6
Y,192684,978.8,300.7,296.4,59.3,13.1,5.7,0,0000
T,2014,08,29,03,38,43
B,264662,28008,136,3447,161370,7086,108,3447,978.8,300.8
G,3194049,182906,115,3447,1884006,41746,100,3447,978.8,300.8
R,1289829,79945,5212,3447,764231,33565,5187,3447,978.8,300.8
D,NBXX,9999,5.652e-5,4.022e-5,2.382e-5,6.312e-6,5.695e-6,4.356e-6
Y,192495,978.8,300.8,296.5,59.1,13.1,5.7,0,0000
T,2014,08,29,03,43,43
B,265125,28183,156,3448,161536,7332,165,3447,978.8,300.8
G,3199981,181584,110,3448,1888087,41745,100,3447,978.8,300.8
R,1293340,80252,5137,3448,763831,33554,5157,3447,978.8,300.8
D,NBXX,9999,5.664e-5,3.971e-5,2.397e-5,6.763e-6,5.677e-6,4.393e-6
Y,192797,978.8,300.8,296.5,59.0,13.1,5.7,0,0000
T,2014,08,29,03,48,43
B,266042,27921,150,3447,161926,7332,150,3447,978.8,300.8
G,3192687,181608,109,3447,1890042,42087,118,3447,978.8,300.8
R,1293238,79567,5130,3447,766662,33764,5080,3447,978.8,300.8
D,NBXX,9999,5.562e-5,3.984e-5,2.361e-5,6.757e-6,5.802e-6,4.577e-6
Y,192412,978.8,300.8,296.5,58.8,13.1,5.7,0,0000
T,2014,08,29,03,53,43
B,265385,28482,142,3447,160677,7311,110,3448,978.8,300.8
G,3191255,185711,99,3447,1888844,42581,105,3448,978.8,300.8
R,1294076,81337,5085,3447,767066,34201,5079,3448,978.8,300.8
D,NBXX,9999,5.772e-5,4.114e-5,2.470e-5,6.910e-6,5.965e-6,4.864e-6
Y,192326,978.8,300.8,296.5,59.1,13.1,5.7,0,0000
T,2014,08,29,03,58,43
B,266358,28811,135,3447,161549,7316,177,3447,978.8,300.8
G,3195261,186725,92,3447,1890868,42700,68,3447,978.8,300.8
R,1290983,82624,5308,3447,765622,34117,5290,3447,978.8,300.8
D,NBXX,9999,5.820e-5,4.140e-5,2.529e-5,6.641e-6,6.005e-6,4.541e-6
Y,192568,978.8,300.8,296.5,59.3,13.1,5.7,0,0000
T,2014,08,29,04,03,43
B,265735,29670,172,3448,161351,7448,124,3447,978.8,300.9
G,3195525,193289,118,3448,1890570,43234,107,3447,978.8,300.9
R,1292857,84067,5325,3448,767998,34762,5466,3447,978.8,300.9
D,NBXX,9999,6.112e-5,4.340e-5,2.597e-5,7.172e-6,6.149e-6,4.785e-6
Y,192528,978.8,300.9,296.6,59.0,13.1,5.7,0,0000
T,2014,08,29,04,08,43
B,265379,30217,185,3447,161110,7449,136,3447,978.9,300.9
G,3196993,196646,109,3447,1887088,44181,110,3447,978.9,300.9
R,1293303,85610,5339,3447,765979,34964,5228,3447,978.9,300.9
D,NBXX,9999,6.283e-5,4.441e-5,2.706e-5,7.109e-6,6.434e-6,5.058e-6
Y,192673,978.9,300.9,296.6,58.8,13.1,5.7,0,0000
T,2014,08,29,04,13,43
B,266605,29546,147,3447,161624,7440,157,3448,978.9,300.9
G,3195236,194356,122,3447,1892605,43351,110,3448,978.9,300.9
R,1293319,85210,5163,3447,768316,35011,5199,3448,978.9,300.9
D,NBXX,9999,6.042e-5,4.373e-5,2.696e-5,7.035e-6,6.176e-6,5.227e-6
Y,192566,978.9,300.9,296.6,59.0,13.1,5.7,0,0000
T,2014,08,29,04,18,43
B,264901,29890,131,3447,161004,7520,142,3447,978.9,300.9
G,3190022,195251,136,3447,1886914,43196,84,3447,978.9,300.9
R,1290976,85702,5414,3447,767938,34215,5273,3447,978.9,300.9
D,NBXX,9999,6.215e-5,4.411e-5,2.712e-5,7.537e-6,6.158e-6,4.538e-6
Y,192251,978.9,300.9,296.6,59.0,12.9,5.7,0,0000
T,2014,08,29,04,23,43
B,265029,29986,160,3448,161020,7379,137,3447,979.0,300.9
G,3194381,196418,103,3448,1890065,43767,83,3447,979.0,300.9
R,1292588,85765,5195,3448,766965,35204,5298,3447,979.0,300.9
D,NBXX,9999,6.232e-5,4.440e-5,2.723e-5,7.014e-6,6.333e-6,5.271e-6
Y,192459,979.0,300.9,296.6,58.8,13.1,5.7,0,0000
T,2014,08,29,04,28,43
B,267123,29480,151,3447,161393,7463,126,3447,979.0,300.9
G,3190792,194364,104,3447,1885499,43740,97,3447,979.0,300.9
R,1293789,84598,5167,3447,766261,34765,5379,3447,979.0,300.9
D,NBXX,9999,6.013e-5,4.383e-5,2.644e-5,7.165e-6,6.330e-6,4.946e-6
Y,192298,979.0,300.9,296.6,58.8,13.0,5.7,0,0000
T,2014,08,29,04,33,43
B,264905,28902,134,3447,162397,7169,142,3448,979.0,300.9
G,3189672,187584,120,3447,1887877,42907,114,3448,979.0,300.9
R,1292278,82649,5338,3447,768615,34545,5339,3448,979.0,300.9
D,NBXX,9999,5.911e-5,4.174e-5,2.521e-5,6.441e-6,6.062e-6,4.729e-6
Y,192230,979.0,300.9,296.6,59.0,13.1,5.7,0,0000
T,2014,08,29,04,38,43
B,265802,28454,151,3447,160596,7368,136,3447,979.1,300.9
G,3190628,187461,109,3447,1886691,42820,89,3447,979.1,300.9
R,1292688,82436,5359,3447,765636,34975,5340,3447,979.1,300.9
D,NBXX,9999,5.740e-5,4.170e-5,2.504e-5,6.947e-6,6.048e-6,4.977e-6
Y,192288,979.1,300.9,296.6,59.0,13.1,5.7,0,0000
T,2014,08,29,04,43,43
B,265773,28627,167,3448,161400,7336,186,3447,979.1,300.9
G,3194513,184212,110,3448,1887599,42612,120,3447,979.1,300.9
R,1291162,81300,5349,3448,767701,34290,5333,3447,979.1,300.9
D,NBXX,9999,5.771e-5,4.061e-5,2.441e-5,6.624e-6,5.960e-6,4.590e-6
Y,192467,979.1,300.9,296.6,59.0,13.1,5.7,0,0000
T,2014,08,29,04,48,43
B,266589,28435,149,3447,161105,7281,145,3447,979.0,300.9
G,3193225,185592,116,3447,1887419,42081,121,3447,979.0,300.9
R,1293931,81359,5385,3447,767094,34481,5284,3447,979.0,300.9
D,NBXX,9999,5.706e-5,4.106e-5,2.436e-5,6.593e-6,5.794e-6,4.683e-6
Y,192445,979.0,300.9,296.6,58.8,13.1,5.7,0,0000
T,2014,08,29,04,53,43
B,264444,28010,128,3447,161629,7308,153,3447,979.0,300.9
G,3191169,183321,126,3447,1890427,42109,122,3447,979.0,300.9
R,1292340,81004,5419,3447,766993,34414,5364,3447,979.0,300.9
D,NBXX,9999,5.650e-5,4.039e-5,2.412e-5,6.894e-6,5.807e-6,4.577e-6
Y,192320,979.0,300.9,296.6,58.8,13.1,5.7,0,0000
T,2014,08,29,04,58,43
B,264947,28755,168,3447,161822,7155,128,3448,979.1,300.9
G,3190910,186549,120,3447,1887975,41883,111,3448,979.1,300.9
R,1293044,82629,5323,3447,768212,34311,5292,3448,979.1,300.9
D,NBXX,9999,5.857e-5,4.140e-5,2.521e-5,6.324e-6,5.741e-6,4.621e-6
Y,192305,979.1,300.9,296.6,58.5,13.1,5.7,0,0000
T,2014,08,29,05,03,43
B,264814,28377,150,3447,161360,7333,198,3447,979.0,300.9
G,3193846,186234,120,3447,1887158,42235,94,3447,979.0,300.9
R,1292701,81692,5372,3447,765087,34330,5371,3447,979.0,300.9
D,NBXX,9999,5.727e-5,4.126e-5,2.456e-5,6.703e-6,5.848e-6,4.550e-6
Y,192482,979.0,300.9,296.6,58.3,13.1,5.7,0,0000
T,2014,08,29,05,08,43
B,266817,28720,169,3448,161375,7297,157,3447,979.1,300.9
G,3197087,184362,108,3448,1885552,41945,128,3447,979.1,300.9
R,1296274,81094,5406,3448,766610,34361,5191,3447,979.1,300.9
D,NBXX,9999,5.775e-5,4.061e-5,2.418e-5,6.517e-6,5.741e-6,4.641e-6
Y,192622,979.1,300.9,296.6,57.7,13.1,5.7,0,0000
T,2014,08,29,05,13,43
B,265384,27990,145,3447,160739,7166,136,3447,979.1,300.9
G,3189458,183064,101,3447,1881270,41694,94,3447,979.1,300.9
R,1291390,80981,5491,3447,765490,34245,5339,3447,979.1,300.9
D,NBXX,9999,5.613e-5,4.036e-5,2.410e-5,6.383e-6,5.705e-6,4.450e-6
Y,192217,979.1,300.9,296.6,57.5,13.1,5.7,0,0000
T,2014,08,29,05,18,43
B,265476,28301,173,3447,161206,7207,165,3448,979.1,300.9
G,3195481,181947,107,3447,1882378,41606,88,3448,979.1,300.9
R,1294986,80559,5288,3447,766062,34613,5289,3448,979.1,300.9
D,NBXX,9999,5.686e-5,3.991e-5,2.391e-5,6.292e-6,5.650e-6,4.813e-6
Y,192581,979.1,300.9,296.6,57.0,13.1,5.7,0,0000
T,2014,08,29,05,23,43
B,264890,28374,164,3447,161901,7293,159,3447,979.2,300.9
G,3192016,182087,104,3447,1882720,42180,115,3447,979.2,300.9
R,1291061,80332,5303,3447,765205,34553,5271,3447,979.2,300.9
D,NBXX,9999,5.733e-5,4.000e-5,2.389e-5,6.663e-6,5.836e-6,4.825e-6
Y,192372,979.2,300.9,296.6,57.0,13.1,5.7,0,0000
T,2014,08,29,05,28,43
B,265213,28321,159,3448,161416,7276,144,3447,979.2,300.9
G,3190381,181745,128,3448,1884198,41938,106,3447,979.2,300.9
R,1293387,80631,5533,3448,766941,34693,5409,3447,979.2,300.9
D,NBXX,9999,5.713e-5,3.992e-5,2.374e-5,6.662e-6,5.766e-6,4.629e-6
Y,192217,979.2,300.9,296.6,57.3,13.1,5.7,0,0000
T,2014,08,29,05,33,43
B,265637,28104,131,3447,161283,7124,120,3447,979.2,300.9
G,3190438,180911,120,3447,1887508,42073,103,3447,979.2,300.9
R,1291228,80936,5363,3447,765887,33998,5381,3447,979.2,300.9
D,NBXX,9999,5.651e-5,3.967e-5,2.414e-5,6.340e-6,5.808e-6,4.361e-6
Y,192276,979.2,300.9,296.6,57.3,13.1,5.7,0,0000
T,2014,08,29,05,38,43
B,265216,28283,163,3447,161005,7207,165,3448,979.2,300.9
G,3188287,182216,112,3447,1883657,41840,98,3448,979.2,300.9
R,1293443,81127,5384,3447,767786,34357,5402,3448,979.2,300.9
D,NBXX,9999,5.692e-5,4.011e-5,2.416e-5,6.348e-6,5.746e-6,4.524e-6
Y,192146,979.2,300.9,296.6,57.3,13.1,5.7,0,0000
T,2014,08,29,05,43,43
B,265836,28019,168,3447,161949,7283,148,3447,979.2,300.9
G,3188852,183192,100,3447,1886608,42110,109,3447,979.2,300.9
R,1290408,81912,5249,3447,767899,34437,5336,3447,979.2,300.9
D,NBXX,9999,5.596e-5,4.041e-5,2.488e-5,6.581e-6,5.831e-6,4.753e-6
Y,192180,979.2,300.9,296.6,57.5,13.1,5.7,0,0000
T,2014,08,29,05,48,43
B,265234,27684,167,3448,161586,7094,125,3447,979.2,301.0
G,3189641,180943,98,3448,1887097,41952,114,3447,979.2,301.0
R,1292692,80900,5361,3448,766042,34251,5405,3447,979.2,301.0
D,NBXX,9999,5.520e-5,3.970e-5,2.408e-5,6.141e-6,5.782e-6,4.504e-6
Y,192172,979.2,301.0,296.6,57.7,13.1,5.7,0,0000
T,2014,08,29,05,53,43
B,265454,27834,160,3447,161699,7282,174,3447,979.3,301.0
G,3189828,180173,98,3447,1888341,41681,112,3447,979.3,301.0
R,1293956,80967,5327,3447,764954,34108,5420,3447,979.3,301.0
D,NBXX,9999,5.545e-5,3.945e-5,2.410e-5,6.545e-6,5.694e-6,4.412e-6
Y,192239,979.3,301.0,296.6,57.5,13.1,5.7,0,0000
T,2014,08,29,05,58,43
B,265764,27713,155,3447,161483,7242,146,3448,979.3,301.0
G,3189168,180191,122,3447,1886960,41235,104,3448,979.3,301.0
R,1291947,80647,5483,3447,768081,34189,5483,3448,979.3,301.0
D,NBXX,9999,5.509e-5,3.947e-5,2.381e-5,6.508e-6,5.549e-6,4.321e-6
Y,192199,979.3,301.0,296.6,57.3,13.1,5.7,0,0000
T,2014,08,29,06,03,43
B,266218,28065,133,3447,162060,7224,152,3447,979.3,301.0
G,3189434,182472,92,3447,1887764,41691,130,3447,979.3,301.0
R,1293061,80845,5410,3447,766356,34037,5393,3447,979.3,301.0
D,NBXX,9999,5.608e-5,4.017e-5,2.401e-5,6.480e-6,5.694e-6,4.338e-6
Y,192215,979.3,301.0,296.6,57.2,13.1,5.7,0,0000
T,2014,08,29,06,08,43
B,265596,27633,146,3448,161157,7353,121,3447,979.4,301.0
G,3187575,180610,82,3448,1886615,41630,71,3447,979.4,301.0
R,1293188,79932,5472,3448,765376,34128,5390,3447,979.4,301.0
D,NBXX,9999,5.499e-5,3.965e-5,2.340e-5,6.981e-6,5.712e-6,4.355e-6
Y,192047,979.4,301.0,296.7,57.0,13.1,5.7,0,0000
T,2014,08,29,06,13,43
B,265931,28357,154,3447,161225,7364,139,3447,979.4,301.0
G,3187535,181720,108,3447,1885705,41720,89,3447,979.4,301.0
R,1290711,80334,5548,3447,767438,34957,5366,3447,979.4,301.0
D,NBXX,9999,5.701e-5,3.998e-5,2.369e-5,6.889e-6,5.720e-6,4.848e-6
Y,192101,979.4,301.0,296.6,56.7,13.1,5.7,0,0000
T,2014,08,29,06,18,43
B,265171,28616,158,3447,160473,7320,124,3448,979.4,301.0
G,3191863,182122,134,3447,1887907,42179,94,3448,979.4,301.0
R,1292528,81058,5425,3447,766200,34318,5316,3448,979.4,301.0
D,NBXX,9999,5.809e-5,4.002e-5,2.420e-5,6.848e-6,5.830e-6,4.555e-6
Y,192362,979.4,301.0,296.7,56.5,13.1,5.7,0,0000
T,2014,08,29,06,23,43
B,265160,29631,146,3447,161265,7531,160,3447,979.5,301.0
G,3191750,189454,120,3447,1889023,43044,103,3447,979.5,301.0
R,1291674,82819,5298,3447,767603,35029,5519,3447,979.5,301.0
D,NBXX,9999,6.113e-5,4.229e-5,2.526e-5,7.418e-6,6.103e-6,4.951e-6
Y,192356,979.5,301.0,296.7,56.2,13.1,5.7,0,0000
T,2014,08,29,06,28,43
B,265034,39288,130,3448,161440,9218,149,3447,979.5,301.0
G,3194318,296914,140,3448,1887255,62341,116,3447,979.5,301.0
R,1294559,139430,5425,3448,767795,45649,5298,3447,979.5,301.0
D,NBXX,9999,9.093e-5,7.544e-5,5.989e-5,1.271e-5,1.205e-5,1.149e-5
Y,192455,979.5,301.0,296.7,56.5,13.1,5.7,0,0000
T,2014,08,29,06,33,43
B,266384,29623,140,3447,161189,7670,153,3447,979.6,301.0
G,3187074,192912,129,3447,1885238,44543,99,3447,979.6,301.0
R,1293855,87378,5477,3447,767249,35863,5506,3447,979.6,301.0
D,NBXX,9999,6.074e-5,4.344e-5,2.786e-5,7.788e-6,6.585e-6,5.320e-6
Y,192073,979.6,301.0,296.7,57.0,13.0,5.7,0,0000
T,2014,08,29,06,38,43
B,265896,29731,157,3447,161486,7561,140,3448,979.7,301.0
G,3190429,193324,102,3447,1883853,44103,86,3448,979.7,301.0
R,1292382,86689,5670,3447,765225,35690,5518,3448,979.7,301.0
D,NBXX,9999,6.122e-5,4.352e-5,2.735e-5,7.474e-6,6.445e-6,5.079e-6
Y,192276,979.7,301.0,296.7,56.7,13.1,5.7,0,0000
T,2014,08,29,06,43,43
B,265309,29478,154,3447,161361,7610,172,3447,979.7,301.0
G,3192377,190675,107,3447,1884859,43119,127,3447,979.7,301.0
R,1293437,83693,5367,3447,766982,35192,5442,3447,979.7,301.0
D,NBXX,9999,6.054e-5,4.265e-5,2.574e-5,7.577e-6,6.120e-6,5.037e-6
Y,192393,979.7,301.0,296.7,56.0,13.1,5.7,0,0000
T,2014,08,29,06,48,43
B,265722,30108,148,3448,161527,7670,103,3447,979.8,301.0
G,3186671,196002,130,3448,1886550,44836,129,3447,979.8,301.0
R,1292592,86143,5498,3448,767807,35780,5458,3447,979.8,301.0
D,NBXX,9999,6.259e-5,4.440e-5,2.717e-5,7.999e-6,6.671e-6,5.308e-6
Y,191992,979.8,301.0,296.7,55.6,13.1,5.7,0,0000
T,2014,08,29,06,53,43
B,265189,42538,143,3447,161119,9433,144,3447,979.8,301.0
G,3186050,339222,132,3447,1886446,63185,99,3447,979.8,301.0
R,1293096,160340,5219,3447,768180,46170,5542,3447,979.8,301.0
D,NBXX,9999,1.008e-4,8.880e-5,7.277e-5,1.332e-5,1.236e-5,1.180e-5
Y,192011,979.8,301.0,296.7,56.0,13.1,5.7,0,0000
T,2014,08,29,06,58,43
B,266012,43286,160,3447,161289,9130,134,3448,979.8,301.0
G,3187761,342530,126,3447,1887179,63122,107,3448,979.8,301.0
R,1291365,162338,5558,3447,766487,45605,5231,3448,979.8,301.0
D,NBXX,9999,1.026e-4,8.977e-5,7.410e-5,1.227e-5,1.232e-5,1.145e-5
Y,192114,979.8,301.0,296.7,56.0,13.1,5.7,0,0000
T,2014,08,29,07,03,43
B,266905,38398,152,3447,161344,8754,145,3447,979.8,301.0
G,3185525,290905,106,3447,1886595,56749,90,3447,979.8,301.0
R,1291783,135002,5404,3447,768099,42399,5584,3447,979.8,301.0
D,NBXX,9999,8.731e-5,7.385e-5,5.716e-5,1.103e-5,1.038e-5,9.351e-6
Y,191979,979.8,301.0,296.7,56.0,13.1,5.7,0,0000
T,2014,08,29,07,08,43
B,266234,40124,169,3447,161819,9034,161,3447,979.8,301.0
G,3186718,302344,103,3447,1888270,58905,106,3447,979.8,301.0
R,1293184,138527,5519,3447,769221,42730,5574,3447,979.8,301.0
D,NBXX,9999,9.277e-5,7.736e-5,5.917e-5,1.184e-5,1.104e-5,9.459e-6
Y,192051,979.8,301.0,296.7,56.0,13.1,5.7,0,0000
T,2014,08,29,07,13,43
B,266222,35353,173,3448,161785,8097,129,3447,979.9,301.0
G,3188267,256330,100,3448,1890465,52987,116,3447,979.9,301.0
R,1292501,117602,5418,3448,768685,40207,5565,3447,979.9,301.0
D,NBXX,9999,7.828e-5,6.306e-5,4.645e-5,9.082e-6,9.203e-6,8.006e-6
Y,192089,979.9,301.0,296.7,56.4,13.1,5.7,0,0000
T,2014,08,29,07,18,43
B,265250,33243,180,3447,162127,7872,120,3447,980.0,301.0
G,3184172,233435,101,3447,1886841,49024,92,3447,980.0,301.0
R,1290846,105636,5427,3447,765614,38340,5629,3447,980.0,301.0
D,NBXX,9999,7.220e-5,5.607e-5,3.910e-5,8.479e-6,7.999e-6,6.809e-6
Y,191897,980.0,301.0,296.7,56.5,13.1,5.7,0,0000
T,2014,08,29,07,23,43
B,265497,31794,123,3447,161969,7796,154,3448,980.0,301.0
G,3184614,218926,137,3447,1884097,47128,93,3448,980.0,301.0
R,1293372,98227,5525,3447,769042,37124,5494,3448,980.0,301.0
D,NBXX,9999,6.775e-5,5.155e-5,3.448e-5,8.299e-6,7.392e-6,6.054e-6
Y,191924,980.0,301.0,296.7,56.7,13.1,5.7,0,0000
T,2014,08,29,07,28,43
B,264630,30332,145,3447,160121,7578,153,3447,980.0,301.0
G,3187463,201313,111,3447,1886293,44760,132,3447,980.0,301.0
R,1293634,89706,5422,3447,769001,36221,5495,3447,980.0,301.0
D,NBXX,9999,6.349e-5,4.603e-5,2.931e-5,7.635e-6,6.645e-6,5.576e-6
Y,192096,980.0,301.0,296.6,56.5,13.1,5.7,0,0000
T,2014,08,29,07,33,43
B,258893,29601,148,3359,156901,7350,133,3360,980.0,301.0
G,3113541,196277,122,3359,1830405,43839,125,3360,980.0,301.0
R,1262999,86638,5255,3359,746342,34850,5283,3360,980.0,301.0
D,NBXX,9999,6.330e-5,4.591e-5,2.881e-5,7.467e-6,6.675e-6,5.336e-6
Y,192559,980.0,301.0,296.6,56.7,13.1,5.7,0,0008
T,2014,08,29,07,38,43
B,263462,30254,166,3410,158723,7676,133,3410,980.0,300.9
G,3155903,200305,109,3410,1857660,45118,113,3410,980.0,300.9
R,1280140,88240,5429,3410,753156,35564,5526,3410,980.0,300.9
D,NBXX,9999,6.366e-5,4.635e-5,2.888e-5,8.033e-6,6.903e-6,5.294e-6
Y,192259,980.0,300.9,296.6,56.9,13.1,5.7,0,0008
T,2014,08,29,07,43,43
B,251451,30114,155,3252,150518,7287,149,3254,980.1,300.9
G,3012965,197087,102,3252,1763847,43163,109,3254,980.1,300.9
R,1224200,86407,5088,3252,718486,34208,5124,3254,980.1,300.9
D,NBXX,9999,6.760e-5,4.826e-5,3.039e-5,7.823e-6,6.923e-6,5.609e-6
Y,192469,980.1,300.9,296.6,56.9,13.1,5.7,0,0008
T,2014,08,29,07,48,43
B,265129,31494,152,3447,160333,7715,150,3447,980.1,300.9
G,3190525,208532,144,3447,1877491,45965,122,3447,980.1,300.9
R,1293636,91782,5406,3447,763653,36401,5425,3447,980.1,300.9
D,NBXX,9999,6.687e-5,4.820e-5,3.065e-5,8.000e-6,6.997e-6,5.747e-6
Y,192281,980.1,300.9,296.5,57.2,13.1,5.7,0,0000
T,2014,08,29,07,53,43
B,265312,32344,107,3448,161151,7835,131,3447,980.1,300.8
G,3191008,216599,115,3448,1878878,47137,102,3447,980.1,300.8
R,1293011,94237,5399,3448,766334,36729,5376,3447,980.1,300.8
D,NBXX,9999,6.961e-5,5.070e-5,3.221e-5,8.573e-6,7.379e-6,6.001e-6
Y,192255,980.1,300.8,296.5,58.0,13.1,5.7,0,0000
T,2014,08,29,07,58,43
B,263883,34489,163,3447,160844,8082,140,3447,980.2,300.8
G,3184064,230486,100,3447,1878091,48629,120,3447,980.2,300.8
R,1292281,98789,5446,3447,762685,36822,5499,3447,980.2,300.8
D,NBXX,9999,7.653e-5,5.515e-5,3.489e-5,9.222e-6,7.868e-6,5.926e-6
Y,191891,980.2,300.8,296.4,57.7,13.1,5.7,0,0000
T,2014,08,29,08,03,43
B,265544,35220,152,3447,160902,8090,154,3448,980.1,300.7
G,3183065,235640,113,3447,1883070,49521,112,3448,980.1,300.7
R,1292979,98830,5400,3447,766096,37505,5453,3448,980.1,300.7
D,NBXX,9999,7.811e-5,5.677e-5,3.498e-5,9.079e-6,8.143e-6,6.410e-6
Y,191830,980.1,300.7,296.3,57.3,13.1,5.7,0,0000
T,2014,08,29,08,08,43
B,265794,34952,150,3447,161588,8120,137,3447,980.1,300.6
G,3185132,234144,124,3447,1877571,48881,113,3447,980.1,300.6
R,1290478,98979,5311,3447,763841,37679,5358,3447,980.1,300.6
D,NBXX,9999,7.725e-5,5.626e-5,3.530e-5,9.223e-6,7.935e-6,6.683e-6
Y,191955,980.1,300.6,296.3,58.3,13.1,5.7,0,0000
T,2014,08,29,08,13,43
B,265613,34736,149,3448,161789,8119,151,3447,980.1,300.6
G,3183312,232833,106,3448,1880492,49180,101,3447,980.1,300.6
R,1289520,98161,5292,3448,764901,37168,5226,3447,980.1,300.6
D,NBXX,9999,7.661e-5,5.590e-5,3.494e-5,9.197e-6,8.051e-6,6.494e-6
Y,191789,980.1,300.6,296.2,58.1,13.1,5.7,0,0000
T,2014,08,29,08,18,43
B,265688,34361,124,3447,160599,7905,146,3447,980.1,300.5
G,3184001,228730,109,3447,1885052,48235,118,3447,980.1,300.5
R,1289279,96821,5266,3447,765693,36492,5342,3447,980.1,300.5
D,NBXX,9999,7.551e-5,5.461e-5,3.407e-5,8.620e-6,7.743e-6,6.012e-6
Y,191887,980.1,300.5,296.2,58.6,13.1,5.7,0,0000
T,2014,08,29,08,23,43
B,264323,34124,146,3447,161549,8115,148,3448,980.1,300.5
G,3182706,229064,130,3447,1883375,48401,95,3448,980.1,300.5
R,1289488,96745,5180,3447,765918,36410,5226,3448,980.1,300.5
D,NBXX,9999,7.524e-5,5.474e-5,3.416e-5,9.295e-6,7.797e-6,6.097e-6
Y,191808,980.1,300.5,296.1,59.0,13.1,5.7,0,0000
T,2014,08,29,08,28,43
B,264876,34214,135,3447,161091,8077,140,3447,980.1,300.4
G,3185711,226325,104,3447,1884167,47869,107,3447,980.1,300.4
R,1290290,95494,5236,3447,767306,36454,5251,3447,980.1,300.4
D,NBXX,9999,7.536e-5,5.380e-5,3.330e-5,9.202e-6,7.615e-6,6.063e-6
Y,191990,980.1,300.4,296.1,58.8,13.1,5.7,0,0000
T,2014,08,29,08,33,43
B,265363,35085,128,3448,161436,8046,122,3447,980.1,300.4
G,3189113,235913,117,3448,1881099,49757,83,3447,980.1,300.4
R,1290162,99468,5138,3448,764392,37016,5110,3447,980.1,300.4
D,NBXX,9999,7.793e-5,5.670e-5,3.591e-5,9.159e-6,8.192e-6,6.586e-6
Y,192140,980.1,300.4,296.1,59.3,13.1,5.7,0,0000
T,2014,08,29,08,38,43
B,264260,35752,129,3447,161210,8279,133,3447,980.1,300.4
G,3180926,239825,110,3447,1880749,50164,96,3447,980.1,300.4
R,1292379,99591,5067,3447,766639,37216,4999,3447,980.1,300.4
D,NBXX,9999,8.039e-5,5.810e-5,3.602e-5,9.927e-6,8.351e-6,6.806e-6
Y,191701,980.1,300.4,296.0,59.1,13.1,5.7,0,0000
T,2014,08,29,08,43,43
B,264796,36910,140,3447,162067,8531,168,3448,980.1,300.3
G,3185578,251064,92,3447,1883706,52193,113,3448,980.1,300.3
R,1288447,104942,5005,3447,765478,38050,4853,3448,980.1,300.3
D,NBXX,9999,8.357e-5,6.147e-5,3.963e-5,1.048e-5,8.953e-6,7.509e-6
Y,191982,980.1,300.3,296.0,59.0,13.1,5.7,0,0000
T,2014,08,29,08,48,43
B,264886,37750,114,3447,160602,8548,128,3447,980.1,300.3
G,3187919,253533,91,3447,1881302,52385,111,3447,980.1,300.3
R,1287321,104837,5036,3447,764834,38077,5107,3447,980.1,300.3
D,NBXX,9999,8.634e-5,6.218e-5,3.941e-5,1.076e-5,9.006e-6,7.342e-6
Y,192124,980.1,300.3,296.0,58.6,13.1,5.7,0,0000
T,2014,08,29,08,53,43
B,265200,36940,142,3448,161750,8482,157,3447,980.0,300.3
G,3182801,250671,120,3448,1887702,52380,63,3447,980.0,300.3
R,1291384,104637,4932,3448,767097,37858,4936,3447,980.0,300.3
D,NBXX,9999,8.352e-5,6.143e-5,3.930e-5,1.033e-5,9.042e-6,7.358e-6
Y,191758,980.0,300.3,296.0,58.5,13.1,5.7,0,0000
T,2014,08,29,08,58,43
B,264748,38607,112,3447,160147,8616,149,3447,980.0,300.2
G,3183427,270568,98,3447,1879057,56543,90,3447,980.0,300.2
R,1287533,116371,5004,3447,763756,40277,4959,3447,980.0,300.2
D,NBXX,9999,8.894e-5,6.758e-5,4.663e-5,1.090e-5,1.032e-5,8.822e-6
Y,191852,980.0,300.2,296.0,58.5,13.0,5.7,0,0000
T,2014,08,29,09,03,43
B,264617,37885,159,3447,160799,8690,117,3448,980.0,300.2
G,3183208,259046,111,3447,1883511,54001,99,3448,980.0,300.2
R,1288279,109060,4836,3447,766895,39001,4949,3448,980.0,300.2
D,NBXX,9999,8.673e-5,6.401e-5,4.222e-5,1.108e-5,9.523e-6,8.148e-6
Y,191839,980.0,300.2,295.9,58.3,13.1,5.7,0,0000
T,2014,08,29,09,08,43
B,265121,37576,146,3447,160867,8526,126,3447,980.0,300.2
G,3183549,250833,107,3447,1883031,51801,93,3447,980.0,300.2
R,1288427,101807,4899,3447,763038,37446,4969,3447,980.0,300.2
D,NBXX,9999,8.557e-5,6.145e-5,3.769e-5,1.055e-5,8.848e-6,7.136e-6
Y,191859,980.0,300.2,295.9,57.8,13.1,5.7,0,0000
T,2014,08,29,09,13,43
B,265569,40591,137,3447,160880,9168,143,3447,980.0,300.2
G,3185990,288002,115,3447,1880035,58497,101,3447,980.0,300.2
R,1289981,121704,4995,3447,763336,41088,4850,3447,980.0,300.2
D,NBXX,9999,9.459e-5,7.291e-5,4.986e-5,1.245e-5,1.090e-5,9.371e-6
Y,192007,980.0,300.2,295.9,58.0,13.1,5.7,0,0000
T,2014,08,29,09,18,43
B,264973,39767,121,3448,161150,8863,142,3447,980.0,300.2
G,3187204,270880,102,3448,1883587,55061,105,3447,980.0,300.2
R,1287680,110402,4925,3448,763717,38818,4928,3447,980.0,300.2
D,NBXX,9999,9.240e-5,6.757e-5,4.302e-5,1.164e-5,9.841e-6,8.007e-6
Y,192025,980.0,300.2,295.9,58.5,13.1,5.7,0,0000
T,2014,08,29,09,23,43
B,265457,36805,155,3447,161442,8339,154,3447,979.9,300.2
G,3185379,241908,85,3447,1885666,50004,86,3447,979.9,300.2
R,1288612,97514,4697,3447,764563,36173,4864,3447,979.9,300.2
D,NBXX,9999,8.294e-5,5.865e-5,3.526e-5,9.819e-6,8.292e-6,6.570e-6
Y,191970,979.9,300.2,295.9,56.7,13.1,5.7,0,0000
T,2014,08,29,09,28,43
B,265291,36193,144,3447,161149,8272,109,3448,979.9,300.2
G,3186561,241154,105,3447,1884858,50630,133,3448,979.9,300.2
R,1288709,98227,4885,3447,766771,36447,4854,3448,979.9,300.2
D,NBXX,9999,8.132e-5,5.837e-5,3.557e-5,9.821e-6,8.452e-6,6.605e-6
Y,192042,979.9,300.2,295.9,57.3,13.1,5.7,0,0000
T,2014,08,29,09,33,43
B,265675,36654,137,3447,159578,8291,125,3447,979.9,300.2
G,3187402,242763,115,3447,1880246,50418,111,3447,979.9,300.2
R,1286831,98279,4912,3447,762273,36500,4735,3447,979.9,300.2
D,NBXX,9999,8.254e-5,5.885e-5,3.574e-5,9.819e-6,8.391e-6,6.732e-6
Y,192093,979.9,300.2,295.9,56.9,13.1,5.7,0,0000
T,2014,08,29,09,38,43
B,265665,36144,126,3448,161059,8277,119,3447,979.9,300.2
G,3186043,241821,89,3448,1885253,50228,80,3447,979.9,300.2
R,1288839,97665,4760,3448,763667,36431,4603,3447,979.9,300.2
D,NBXX,9999,8.104e-5,5.861e-5,3.548e-5,9.844e-6,8.364e-6,6.873e-6
Y,191954,979.9,300.2,295.9,57.8,13.1,5.7,0,0000
T,2014,08,29,09,43,43
B,265659,36968,146,3447,161628,8355,129,3447,980.0,300.2
G,3186611,245942,98,3447,1885345,50628,85,3447,980.0,300.2
R,1289375,98539,4649,3447,763275,36522,4739,3447,980.0,300.2
D,NBXX,9999,8.347e-5,5.987e-5,3.598e-5,9.970e-6,8.475e-6,6.899e-6
Y,192045,980.0,300.2,295.9,58.8,13.0,5.7,0,0000
T,2014,08,29,09,48,43
B,265035,36532,116,3447,161532,8287,111,3448,980.0,300.1
G,3186346,243531,113,3447,1885048,50743,91,3448,980.0,300.1
R,1286341,97534,4759,3447,763048,36271,4682,3448,980.0,300.1
D,NBXX,9999,8.256e-5,5.912e-5,3.545e-5,9.983e-6,8.500e-6,6.738e-6
Y,192029,980.0,300.1,295.9,57.7,13.1,5.7,0,0000
T,2014,08,29,09,53,43
B,265123,36933,150,3447,160809,8453,114,3447,980.0,300.1
G,3186102,243959,69,3447,1880970,50636,91,3447,980.0,300.1
R,1288574,98110,4608,3447,761823,36128,4645,3447,980.0,300.1
D,NBXX,9999,8.362e-5,5.927e-5,3.584e-5,1.036e-5,8.488e-6,6.763e-6
Y,192014,980.0,300.1,295.9,58.1,13.1,5.7,0,0000
T,2014,08,29,09,58,43
B,264871,37725,124,3448,161319,8296,116,3447,980.0,300.1
G,3187191,250389,126,3448,1887289,51316,107,3447,980.0,300.1
R,1288876,100299,4767,3448,764138,36845,4714,3447,980.0,300.1
D,NBXX,9999,8.625e-5,6.122e-5,3.701e-5,9.994e-6,8.672e-6,7.043e-6
Y,192024,980.0,300.1,295.9,58.8,13.0,5.7,0,0000
T,2014,08,29,10,03,43
B,266280,41459,128,3447,161428,9080,116,3447,980.0,300.1
G,3186779,275198,93,3447,1879495,57745,76,3447,980.0,300.1
R,1290220,109150,4587,3447,762229,38770,4788,3447,980.0,300.1
D,NBXX,9999,9.704e-5,6.893e-5,4.247e-5,1.223e-5,1.068e-5,8.279e-6
Y,192055,980.0,300.1,295.9,58.8,13.1,5.7,0,0000
T,2014,08,29,10,08,43
B,265039,38973,137,3447,161908,8697,108,3448,980.0,300.1
G,3188069,259448,124,3447,1884997,53373,85,3448,980.0,300.1
R,1289823,102609,4796,3447,763556,37169,4774,3448,980.0,300.1
D,NBXX,9999,8.999e-5,6.401e-5,3.833e-5,1.117e-5,9.304e-6,7.156e-6
Y,192133,980.0,300.1,295.9,58.3,13.1,5.7,0,0000
T,2014,08,29,10,13,43
B,264795,37839,142,3447,161767,8708,118,3447,980.0,300.1
G,3187195,253921,94,3447,1887912,52570,96,3447,980.0,300.1
R,1287026,101365,4693,3447,763819,37426,4899,3447,980.0,300.1
D,NBXX,9999,8.656e-5,6.232e-5,3.767e-5,1.118e-5,9.071e-6,7.339e-6
Y,192080,980.0,300.1,295.9,57.5,13.1,5.7,0,0000
T,2014,08,29,10,18,43
B,265545,37676,113,3448,161294,8548,141,3447,980.1,300.1
G,3185866,249283,89,3448,1886776,51703,61,3447,980.1,300.1
R,1286996,99890,4784,3448,764444,36689,4760,3447,980.1,300.1
D,NBXX,9999,8.576e-5,6.093e-5,3.680e-5,1.065e-5,8.828e-6,6.925e-6
Y,191944,980.1,300.1,295.9,57.2,13.1,5.7,0,0000
T,2014,08,29,10,23,43
B,265919,37505,120,3447,160817,8233,106,3447,980.1,300.1
G,3188951,248310,92,3447,1883925,51799,101,3447,980.1,300.1
R,1286731,100529,4741,3447,762333,36776,4817,3447,980.1,300.1
D,NBXX,9999,8.517e-5,6.054e-5,3.719e-5,9.746e-6,8.822e-6,6.966e-6
Y,192186,980.1,300.1,295.9,58.1,13.1,5.7,0,0000
T,2014,08,29,10,28,43
B,265199,37063,148,3447,161666,8368,122,3448,980.1,300.1
G,3191031,245234,103,3447,1885602,52237,75,3448,980.1,300.1
R,1287378,97955,4722,3447,764288,36924,4756,3448,980.1,300.1
D,NBXX,9999,8.397e-5,5.955e-5,3.564e-5,1.006e-5,8.948e-6,7.101e-6
Y,192312,980.1,300.1,295.9,57.8,13.0,5.7,0,0000
T,2014,08,29,10,33,43
B,264448,36645,172,3447,160282,8585,96,3447,980.2,300.1
G,3187590,246154,108,3447,1882959,51659,84,3447,980.2,300.1
R,1288771,99104,4626,3447,762608,36545,4722,3447,980.2,300.1
D,NBXX,9999,8.301e-5,5.991e-5,3.635e-5,1.081e-5,8.786e-6,6.936e-6
Y,192104,980.2,300.1,295.9,57.2,13.1,5.7,0,0000
T,2014,08,29,10,38,43
B,265828,36335,124,3448,162194,8295,117,3447,980.2,300.1
G,3186822,242566,102,3448,1888407,50750,111,3447,980.2,300.1
R,1288885,98518,4718,3448,765519,36193,4730,3447,980.2,300.1
D,NBXX,9999,8.157e-5,5.881e-5,3.591e-5,9.898e-6,8.506e-6,6.652e-6
Y,192002,980.2,300.1,295.9,57.3,13.1,5.7,0,0000
T,2014,08,29,10,43,43
B,264861,35937,152,3447,161054,8337,126,3447,980.3,300.1
G,3187617,239096,106,3447,1883825,50837,108,3447,980.3,300.1
R,1286931,97045,4684,3447,763025,36269,4664,3447,980.3,300.1
D,NBXX,9999,8.063e-5,5.771e-5,3.516e-5,9.978e-6,8.524e-6,6.788e-6
Y,192106,980.3,300.1,296.0,56.9,13.1,5.7,0,0000
T,2014,08,29,10,48,43
B,264453,35365,143,3447,161759,8445,131,3448,980.3,300.1
G,3188759,236401,116,3447,1886427,49946,102,3448,980.3,300.1
R,1288226,95470,4816,3447,764210,35693,4661,3448,980.3,300.1
D,NBXX,9999,7.905e-5,5.685e-5,3.405e-5,1.035e-5,8.236e-6,6.321e-6
Y,192175,980.3,300.1,296.0,56.2,13.0,5.7,0,0000
T,2014,08,29,10,53,43
B,264265,35401,145,3447,161305,8063,119,3447,980.3,300.1
G,3185365,234842,111,3447,1883474,49464,107,3447,980.3,300.1
R,1289216,95372,4625,3447,763632,35604,4716,3447,980.3,300.1
D,NBXX,9999,7.927e-5,5.645e-5,3.404e-5,9.240e-6,8.108e-6,6.357e-6
Y,191969,980.3,300.1,296.0,55.9,13.1,5.7,0,0000
T,2014,08,29,10,58,43
B,266272,35682,131,3448,161960,8285,151,3447,980.3,300.1
G,3187527,236524,120,3448,1884330,50139,88,3447,980.3,300.1
R,1285504,95642,4623,3448,763736,36382,4764,3447,980.3,300.1
D,NBXX,9999,7.925e-5,5.692e-5,3.433e-5,9.682e-6,8.315e-6,6.853e-6
Y,192044,980.3,300.1,296.0,55.4,13.1,5.7,0,0000
T,2014,08,29,11,03,43
B,265090,36153,117,3447,161164,8205,111,3447,980.3,300.1
G,3188800,239851,117,3447,1880219,50447,108,3447,980.3,300.1
R,1288679,97072,4597,3447,763545,35865,4679,3447,980.3,300.1
D,NBXX,9999,8.137e-5,5.792e-5,3.516e-5,9.729e-6,8.393e-6,6.570e-6
Y,192177,980.3,300.1,296.0,55.9,13.1,5.7,0,0000
T,2014,08,29,11,08,43
B,265217,37321,131,3447,161155,8502,144,3448,980.3,300.1
G,3188616,247998,98,3447,1885572,52209,100,3448,980.3,300.1
R,1288640,99192,4544,3447,764351,37092,4825,3448,980.3,300.1
D,NBXX,9999,8.474e-5,6.045e-5,3.640e-5,1.045e-5,8.945e-6,7.253e-6
Y,192166,980.3,300.1,296.0,55.2,13.1,5.7,0,0000
T,2014,08,29,11,13,43
B,265363,34203,140,3447,160641,8085,82,3447,980.3,300.2
G,3183383,227125,79,3447,1885689,48301,93,3447,980.3,300.2
R,1288292,92799,4698,3447,763486,35326,4804,3447,980.3,300.2
D,NBXX,9999,7.529e-5,5.411e-5,3.238e-5,9.357e-6,7.773e-6,6.082e-6
Y,191849,980.3,300.2,296.0,53.4,13.1,5.7,0,0000
T,2014,08,29,11,18,43
B,264885,34438,149,3448,161351,8024,115,3447,980.3,300.2
G,3187872,223603,123,3448,1883455,48059,73,3447,980.3,300.2
R,1285839,91945,4830,3448,763556,35489,4763,3447,980.3,300.2
D,NBXX,9999,7.606e-5,5.292e-5,3.189e-5,9.071e-6,7.673e-6,6.151e-6
Y,192065,980.3,300.2,296.1,53.4,13.1,5.7,0,0000
T,2014,08,29,11,23,43
B,264022,32693,148,3447,161863,7826,134,3447,980.3,300.2
G,3188058,209546,86,3447,1886639,46508,82,3447,980.3,300.2
R,1286512,87468,4795,3447,765011,34591,4699,3447,980.3,300.2
D,NBXX,9999,7.096e-5,4.857e-5,2.918e-5,8.467e-6,7.198e-6,5.656e-6
Y,192132,980.3,300.2,296.1,51.8,13.0,5.7,0,0000
T,2014,08,29,11,28,43
B,266233,32443,114,3447,160977,7930,145,3447,980.3,300.2
G,3187854,211023,100,3447,1893688,47165,78,3447,980.3,300.2
R,1289319,87856,4648,3447,765368,34602,4634,3447,980.3,300.2
D,NBXX,9999,6.944e-5,4.903e-5,2.946e-5,8.674e-6,7.398e-6,5.782e-6
Y,192120,980.3,300.2,296.1,52.3,13.1,5.7,0,0000
T,2014,08,29,11,33,43
B,264893,32065,146,3447,161016,7761,102,3448,980.2,300.2
G,3186226,207700,113,3447,1888489,47044,93,3448,980.2,300.2
R,1285256,87418,4581,3447,766574,34668,4744,3448,980.2,300.2
D,NBXX,9999,6.882e-5,4.802e-5,2.931e-5,8.305e-6,7.354e-6,5.833e-6
Y,192021,980.2,300.2,296.1,51.8,13.1,5.7,0,0000
T,2014,08,29,11,38,43
B,264494,31366,126,3447,161235,7537,113,3447,980.2,300.3
G,3184585,206471,91,3447,1888839,45442,109,3447,980.2,300.3
R,1286984,87197,4751,3447,766108,34758,4814,3447,980.2,300.3
D,NBXX,9999,6.687e-5,4.768e-5,2.894e-5,7.703e-6,6.871e-6,5.702e-6
Y,191922,980.2,300.3,296.1,52.0,13.1,5.7,0,0000
T,2014,08,29,11,43,43
B,263977,30639,105,3448,161308,7748,133,3447,980.1,300.3
G,3187620,199252,125,3448,1890103,44592,92,3447,980.1,300.3
R,1287983,84949,4840,3448,765898,34091,4778,3447,980.1,300.3
D,NBXX,9999,6.482e-5,4.537e-5,2.751e-5,8.408e-6,6.593e-6,5.261e-6
Y,192050,980.1,300.3,296.1,51.8,13.1,5.7,0,0000
T,2014,08,29,11,48,43
B,264466,30439,144,3447,161554,7643,99,3447,980.1,300.3
G,3187589,201334,103,3447,1890059,44816,93,3447,980.1,300.3
R,1286020,85320,4738,3447,765526,34291,4761,3447,980.1,300.3
D,NBXX,9999,6.402e-5,4.603e-5,2.789e-5,8.018e-6,6.666e-6,5.486e-6
Y,192104,980.1,300.3,296.2,51.3,13.1,5.7,0,0000
T,2014,08,29,11,53,43
B,265162,31534,125,3447,161473,7867,132,3448,980.1,300.3
G,3185574,204361,103,3447,1889283,46244,97,3448,980.1,300.3
R,1287583,85890,4745,3447,763229,34327,4685,3448,980.1,300.3
D,NBXX,9999,6.709e-5,4.700e-5,2.824e-5,8.589e-6,7.111e-6,5.535e-6
Y,191982,980.1,300.3,296.1,48.9,13.1,5.7,0,0000
T,2014,08,29,11,58,43
B,264275,30418,141,3447,161433,7802,121,3447,980.0,300.3
G,3184185,198648,93,3447,1885122,45653,101,3447,980.0,300.3
R,1287858,84006,4809,3447,765564,34349,4630,3447,980.0,300.3
D,NBXX,9999,6.395e-5,4.526e-5,2.706e-5,8.456e-6,6.941e-6,5.544e-6
Y,191898,980.0,300.3,296.2,46.5,13.1,5.7,0,0000
T,2014,08,29,12,03,43
B,263993,27764,131,3448,159985,7329,159,3447,980.0,300.3
G,3184309,179172,102,3448,1878265,41859,81,3447,980.0,300.3
R,1285195,78515,4913,3448,761824,33327,4664,3447,980.0,300.3
D,NBXX,9999,5.577e-5,3.922e-5,2.367e-5,6.929e-6,5.772e-6,4.850e-6
Y,191850,980.0,300.3,296.2,45.8,13.1,5.7,0,0000
T,2014,08,29,12,08,43
B,264629,29020,142,3447,160375,7521,110,3447,980.0,300.3
G,3183000,187934,117,3447,1883811,43442,115,3447,980.0,300.3
R,1287946,80163,4881,3447,762992,33562,4958,3447,980.0,300.3
D,NBXX,9999,5.956e-5,4.195e-5,2.441e-5,7.596e-6,6.247e-6,4.773e-6
Y,191826,980.0,300.3,296.2,47.3,13.1,5.7,0,0000
T,2014,08,29,12,13,43
B,265495,29431,126,3447,160993,7512,164,3448,979.9,300.3
G,3182779,191116,79,3447,1882404,43806,85,3448,979.9,300.3
R,1286861,82229,4840,3447,764060,33525,4861,3448,979.9,300.3
D,NBXX,9999,6.040e-5,4.296e-5,2.582e-5,7.355e-6,6.381e-6,4.856e-6
Y,191813,979.9,300.3,296.2,45.8,13.1,5.7,0,0000
T,2014,08,29,12,18,43
B,263879,30212,110,3447,160457,7568,125,3447,979.9,300.4
G,3182544,196085,135,3447,1883313,44406,88,3447,979.9,300.4
R,1288067,83277,4833,3447,765306,34122,4916,3447,979.9,300.4
D,NBXX,9999,6.355e-5,4.449e-5,2.639e-5,7.865e-6,6.551e-6,5.181e-6
Y,191799,979.9,300.4,296.2,47.0,13.1,5.7,0,0000
T,2014,08,29,12,23,43
B,263216,31826,133,3448,160760,7731,125,3447,979.9,300.4
G,3186752,206250,117,3448,1880962,46354,77,3447,979.9,300.4
R,1285350,86385,4846,3448,764032,34823,4855,3447,979.9,300.4
D,NBXX,9999,6.869e-5,4.757e-5,2.843e-5,8.350e-6,7.151e-6,5.682e-6
Y,191997,979.9,300.4,296.2,46.8,13.0,5.7,0,0000
T,2014,08,29,12,28,43
B,264175,31119,141,3447,160353,7755,122,3447,979.9,300.4
G,3189794,200670,101,3447,1881656,45388,89,3447,979.9,300.4
R,1286755,84205,5007,3447,761193,34447,4859,3447,979.9,300.4
D,NBXX,9999,6.614e-5,4.578e-5,2.692e-5,8.316e-6,6.835e-6,5.312e-6
Y,192237,979.9,300.4,296.2,45.5,13.1,5.7,0,0000
T,2014,08,29,12,33,43
B,264800,30225,149,3447,160766,7721,100,3448,979.8,300.4
G,3184716,192882,81,3447,1880421,44349,88,3448,979.8,300.4
R,1288525,81589,4810,3447,762733,34185,4914,3448,979.8,300.4
D,NBXX,9999,6.322e-5,4.347e-5,2.535e-5,8.201e-6,6.539e-6,5.227e-6
Y,191930,979.8,300.4,296.2,45.5,13.1,5.7,0,0000
T,2014,08,29,12,38,43
B,264690,30858,136,3447,161764,7711,135,3447,979.8,300.4
G,3185149,195875,90,3447,1884397,45349,69,3447,979.8,300.4
R,1285447,83024,4871,3447,764797,34378,4722,3447,979.8,300.4
D,NBXX,9999,6.513e-5,4.439e-5,2.643e-5,8.108e-6,6.855e-6,5.479e-6
Y,191956,979.8,300.4,296.3,46.0,13.1,5.7,0,0000
T,2014,08,29,12,43,43
B,264575,32718,153,3448,160656,7908,139,3447,979.8,300.4
G,3185094,210050,88,3448,1885689,48263,97,3447,979.8,300.4
R,1287311,88072,4927,3448,764129,35368,4916,3447,979.8,300.4
D,NBXX,9999,7.082e-5,4.878e-5,2.930e-5,8.656e-6,7.753e-6,5.894e-6
Y,191897,979.8,300.4,296.2,47.0,13.1,5.7,0,0000
T,2014,08,29,12,48,43
B,265285,32432,135,3447,160695,7759,124,3447,979.7,300.4
G,3184328,209321,119,3447,1883718,47146,98,3447,979.7,300.4
R,1288966,88349,4818,3447,764588,35382,4863,3447,979.7,300.4
D,NBXX,9999,6.979e-5,4.856e-5,2.952e-5,8.247e-6,7.395e-6,5.994e-6
Y,191907,979.7,300.4,296.3,48.7,13.1,5.7,0,0000
T,2014,08,29,12,53,43
B,264753,32058,141,3447,160948,7972,148,3448,979.7,300.5
G,3185845,210692,121,3447,1882516,47607,86,3448,979.7,300.5
R,1287275,88194,4870,3447,763358,35067,4897,3448,979.7,300.5
D,NBXX,9999,6.873e-5,4.898e-5,2.943e-5,8.834e-6,7.543e-6,5.753e-6
Y,191998,979.7,300.5,296.3,49.4,13.1,5.7,0,0000
T,2014,08,29,12,58,43
B,263032,33023,122,3447,159961,8250,145,3447,979.7,300.5
G,3183921,214742,111,3447,1880465,48534,86,3447,979.7,300.5
R,1287834,90005,4998,3447,764687,35480,4925,3447,979.7,300.5
D,NBXX,9999,7.244e-5,5.028e-5,3.041e-5,9.934e-6,7.847e-6,5.895e-6
Y,191882,979.7,300.5,296.3,48.6,13.1,5.7,0,0000
T,2014,08,29,13,03,43
B,264749,31097,145,3448,160006,7511,162,3447,979.6,300.5
G,3183265,201901,110,3448,1881140,45686,66,3447,979.6,300.5
R,1288982,85916,4849,3448,762542,35159,4802,3447,979.6,300.5
D,NBXX,9999,6.572e-5,4.632e-5,2.805e-5,7.366e-6,6.979e-6,5.884e-6
Y,191786,979.6,300.5,296.3,48.7,13.1,5.7,0,0000
T,2014,08,29,13,08,43
B,264041,31586,108,3447,160180,7905,155,3447,979.6,300.5
G,3183710,206804,134,3447,1879184,46383,100,3447,979.6,300.5
R,1287432,87912,4828,3447,762552,34903,4870,3447,979.6,300.5
D,NBXX,9999,6.763e-5,4.781e-5,2.930e-5,8.790e-6,7.168e-6,5.705e-6
Y,191869,979.6,300.5,296.3,49.5,13.1,5.7,0,0000
T,2014,08,29,13,13,43
B,265040,31625,165,3447,160632,7882,159,3448,979.6,300.5
G,3187926,206482,118,3447,1879462,46172,81,3448,979.6,300.5
R,1286504,87313,5152,3447,763551,34964,5040,3448,979.6,300.5
D,NBXX,9999,6.718e-5,4.764e-5,2.862e-5,8.408e-6,7.092e-6,5.395e-6
Y,192124,979.6,300.5,296.3,48.4,13.1,5.7,0,0000
T,2014,08,29,13,18,43
B,264456,32340,157,3447,159820,7917,159,3447,979.6,300.6
G,3185406,213408,121,3447,1877492,47474,108,3447,979.6,300.6
R,1287823,89685,4984,3447,760833,35750,5092,3447,979.6,300.6
D,NBXX,9999,6.965e-5,4.983e-5,3.011e-5,8.616e-6,7.500e-6,5.952e-6
Y,191972,979.6,300.6,296.4,48.4,13.1,5.7,0,0000
T,2014,08,29,13,23,43
B,263635,33448,167,3448,160393,8238,157,3447,979.6,300.7
G,3183047,217548,103,3448,1880096,48631,113,3447,979.6,300.7
R,1289483,91961,5134,3448,763808,36080,5003,3447,979.6,300.7
D,NBXX,9999,7.335e-5,5.116e-5,3.140e-5,9.658e-6,7.879e-6,6.097e-6
Y,191773,979.6,300.7,296.5,49.9,13.1,5.7,0,0000
T,2014,08,29,13,28,43
B,264070,36524,163,3447,159894,8777,144,3447,979.7,300.7
G,3184084,239991,104,3447,1881651,52902,106,3447,979.7,300.7
R,1287393,99126,5035,3447,762347,37293,5059,3447,979.7,300.7
D,NBXX,9999,8.272e-5,5.810e-5,3.592e-5,1.133e-5,9.196e-6,6.894e-6
Y,191892,979.7,300.7,296.5,49.4,13.1,5.7,0,0000
T,2014,08,29,13,33,43
B,264293,31849,140,3447,159504,8052,160,3448,979.7,300.8
G,3186928,209636,131,3447,1881303,47764,104,3448,979.7,300.8
R,1289983,89042,5300,3447,764635,35875,5120,3448,979.7,300.8
D,NBXX,9999,6.825e-5,4.862e-5,2.939e-5,9.096e-6,7.577e-6,5.753e-6
Y,192064,979.7,300.8,296.6,47.3,13.1,5.7,0,0000
T,2014,08,29,13,38,43
B,263071,30477,192,3447,160876,7680,142,3447,979.6,300.9
G,3183870,198818,96,3447,1885727,45730,107,3447,979.6,300.9
R,1286236,84665,5146,3447,765900,34978,5135,3447,979.6,300.9
D,NBXX,9999,6.436e-5,4.534e-5,2.693e-5,7.954e-6,6.976e-6,5.348e-6
Y,191879,979.6,300.9,296.7,46.5,13.1,5.7,0,0000
T,2014,08,29,13,43,43
B,263952,32184,155,3447,160242,8175,170,3447,979.6,300.9
G,3184780,209557,133,3447,1886880,48517,108,3447,979.6,300.9
R,1289518,88874,5230,3447,766680,36028,5088,3447,979.6,300.9
D,NBXX,9999,6.935e-5,4.864e-5,2.938e-5,9.437e-6,7.822e-6,5.931e-6
Y,191934,979.6,300.9,296.7,45.7,13.1,5.7,0,0000
T,2014,08,29,13,48,43
B,264784,31062,168,3448,161530,7994,154,3447,979.7,300.9
G,3188462,198983,130,3448,1881168,46421,95,3447,979.7,300.9
R,1287645,84712,5190,3448,765674,35575,5149,3447,979.7,300.9
D,NBXX,9999,6.560e-5,4.530e-5,2.687e-5,8.823e-6,7.166e-6,5.663e-6
Y,192101,979.7,300.9,296.7,45.8,13.1,5.7,0,0000
T,2014,08,29,13,53,43
B,263901,31435,159,3447,160831,8001,160,3447,979.7,301.0
G,3185090,203137,134,3447,1882563,46966,108,3447,979.7,301.0
R,1290042,86206,5268,3447,765445,35101,5271,3447,979.7,301.0
D,NBXX,9999,6.708e-5,4.664e-5,2.759e-5,8.927e-6,7.340e-6,5.211e-6
Y,191953,979.7,301.0,296.8,45.7,13.1,5.7,0,0000
T,2014,08,29,13,58,43
B,263666,30609,147,3447,160109,7715,161,3448,979.6,301.0
G,3184170,195510,102,3447,1887703,45101,102,3448,979.6,301.0
R,1290408,83958,5269,3447,766426,35065,5290,3448,979.6,301.0
D,NBXX,9999,6.465e-5,4.431e-5,2.618e-5,8.097e-6,6.775e-6,5.165e-6
Y,191897,979.6,301.0,296.8,45.0,13.1,5.7,0,0000
T,2014,08,29,14,03,43
B,263151,31261,138,3447,160981,7894,183,3447,979.6,301.0
G,3181427,203272,116,3447,1882639,46888,111,3447,979.6,301.0
R,1290652,86813,5215,3447,765379,35925,5293,3447,979.6,301.0
D,NBXX,9999,6.681e-5,4.676e-5,2.796e-5,8.656e-6,7.338e-6,5.732e-6
Y,191731,979.6,301.0,296.8,45.5,13.1,5.7,0,0000
T,2014,08,29,14,08,43
B,265214,31151,168,3448,160666,7808,158,3447,979.6,301.0
G,3183010,202047,130,3448,1884457,45886,105,3447,979.6,301.0
R,1289739,85468,5508,3448,765606,35650,5373,3447,979.6,301.0
D,NBXX,9999,6.571e-5,4.635e-5,2.690e-5,8.200e-6,7.021e-6,5.313e-6
Y,191771,979.6,301.0,296.8,48.2,13.1,5.7,0,0000
T,2014,08,29,14,13,43
B,264251,33901,153,3447,160307,8502,111,3447,979.5,301.1
G,3182580,222975,156,3447,1879637,50625,116,3447,979.5,301.1
R,1293042,93038,5331,3447,764855,37116,5341,3447,979.5,301.1
D,NBXX,9999,7.474e-5,5.284e-5,3.158e-5,1.063e-5,8.475e-6,6.319e-6
Y,191801,979.5,301.1,296.9,46.3,13.1,5.7,0,0000
T,2014,08,29,14,18,43
B,264033,31976,178,3447,160506,8052,155,3448,979.5,301.1
G,3185581,206569,115,3447,1882719,47215,102,3448,979.5,301.1
R,1290664,87479,5469,3447,765178,36436,5397,3448,979.5,301.1
D,NBXX,9999,6.865e-5,4.771e-5,2.812e-5,9.015e-6,7.419e-6,5.785e-6
Y,191982,979.5,301.1,296.9,45.2,13.1,5.7,0,0000
T,2014,08,29,14,23,43
B,264148,30945,160,3447,159791,7891,151,3447,979.5,301.1
G,3180877,198435,103,3447,1886126,45389,101,3447,979.5,301.1
R,1289462,85765,5509,3447,767330,35920,5489,3447,979.5,301.1
D,NBXX,9999,6.551e-5,4.528e-5,2.702e-5,8.594e-6,6.883e-6,5.393e-6
Y,191698,979.5,301.1,296.8,45.7,13.1,5.7,0,0000
T,2014,08,29,14,28,43
B,264378,30647,147,3448,160588,7867,137,3447,979.5,301.2
G,3184900,199645,131,3448,1875535,45631,93,3447,979.5,301.2
R,1290786,85498,5465,3448,763713,35789,5539,3447,979.5,301.2
D,NBXX,9999,6.463e-5,4.557e-5,2.680e-5,8.617e-6,6.937e-6,5.299e-6
Y,191885,979.5,301.2,296.9,47.8,13.1,5.7,0,0000
T,2014,08,29,14,33,43
B,263790,30976,145,3447,160279,7858,129,3447,979.4,301.2
G,3181751,200711,134,3447,1882183,45876,107,3447,979.4,301.2
R,1292218,87277,5555,3447,764582,36299,5649,3447,979.4,301.2
D,NBXX,9999,6.589e-5,4.596e-5,2.770e-5,8.670e-6,7.017e-6,5.448e-6
Y,191751,979.4,301.2,296.9,48.1,13.1,5.7,0,0000
T,2014,08,29,14,38,43
B,265011,30752,158,3447,160391,7728,139,3448,979.4,301.2
G,3182382,197840,120,3447,1880157,45055,96,3448,979.4,301.2
R,1290044,86122,5580,3447,765755,35959,5583,3448,979.4,301.2
D,NBXX,9999,6.468e-5,4.506e-5,2.710e-5,8.075e-6,6.765e-6,5.288e-6
Y,191789,979.4,301.2,297.0,48.9,13.1,5.7,0,0000
T,2014,08,29,14,43,43
B,263699,30339,151,3447,161088,7564,154,3447,979.4,301.3
G,3184881,196561,136,3447,1880818,45274,83,3447,979.4,301.3
R,1292036,85338,5583,3447,765600,36253,5632,3447,979.4,301.3
D,NBXX,9999,6.384e-5,4.465e-5,2.651e-5,7.660e-6,6.838e-6,5.414e-6
Y,191940,979.4,301.3,297.0,49.2,13.1,5.7,0,0000
T,2014,08,29,14,48,43
B,263140,30787,164,3448,160960,7447,169,3447,979.3,301.3
G,3184991,197842,112,3448,1880357,45749,95,3447,979.3,301.3
R,1293307,85430,5699,3448,765505,36475,5529,3447,979.3,301.3
D,NBXX,9999,6.536e-5,4.504e-5,2.651e-5,7.265e-6,6.993e-6,5.533e-6
Y,191891,979.3,301.3,297.0,48.7,13.1,5.7,0,0000
T,2014,08,29,14,53,43
B,263876,30088,177,3447,160323,7460,143,3447,979.3,301.3
G,3183390,193565,129,3447,1876843,44758,129,3447,979.3,301.3
R,1292121,84131,5621,3447,764782,35803,5854,3447,979.3,301.3
D,NBXX,9999,6.298e-5,4.373e-5,2.558e-5,7.284e-6,6.670e-6,4.952e-6
Y,191850,979.3,301.3,297.1,47.9,13.1,5.7,0,0000
T,2014,08,29,14,58,43
B,264099,30886,182,3447,160147,7757,165,3448,979.2,301.4
G,3180022,199655,120,3447,1882920,46134,121,3448,979.2,301.4
R,1292681,86723,5618,3447,767719,36074,5564,3448,979.2,301.4
D,NBXX,9999,6.527e-5,4.569e-5,2.736e-5,8.078e-6,7.114e-6,5.316e-6
Y,191646,979.2,301.4,297.1,47.3,13.1,5.7,0,0000
T,2014,08,29,15,03,43
B,265310,30487,147,3447,160728,7734,172,3447,979.2,301.4
G,3181247,196575,139,3447,1875327,44602,130,3447,979.2,301.4
R,1292899,85232,5869,3447,765650,36107,5733,3447,979.2,301.4
D,NBXX,9999,6.371e-5,4.470e-5,2.614e-5,8.010e-6,6.627e-6,5.040e-6
Y,191720,979.2,301.4,297.2,48.2,13.1,5.7,0,0000
T,2014,08,29,15,08,43
B,264886,29535,177,3448,160363,7591,143,3447,979.1,301.4
G,3182808,191055,126,3448,1880834,43920,107,3447,979.1,301.4
R,1293853,83403,5749,3448,766534,36503,5828,3447,979.1,301.4
D,NBXX,9999,6.093e-5,4.297e-5,2.501e-5,7.610e-6,6.426e-6,5.295e-6
Y,191759,979.1,301.4,297.1,45.8,13.1,5.7,0,0000
T,2014,08,29,15,13,43
B,263613,30581,152,3447,160066,7636,154,3447,979.1,301.4
G,3179877,195939,117,3447,1881645,44976,114,3447,979.1,301.4
R,1290995,86038,5896,3447,767464,36757,5796,3447,979.1,301.4
D,NBXX,9999,6.464e-5,4.454e-5,2.664e-5,7.899e-6,6.763e-6,5.395e-6
Y,191637,979.1,301.4,297.1,47.4,13.1,5.7,0,0000
T,2014,08,29,15,18,43
B,263232,33457,217,3447,160250,8342,160,3448,979.0,301.4
G,3180596,219938,121,3447,1878868,50267,125,3448,979.0,301.4
R,1293140,93132,5731,3447,764757,38327,5717,3448,979.0,301.4
D,NBXX,9999,7.343e-5,5.197e-5,3.109e-5,9.854e-6,8.392e-6,6.502e-6
Y,191681,979.0,301.4,297.2,47.4,13.1,5.7,0,0000
T,2014,08,29,15,23,43
B,264753,34569,175,3447,159985,8595,153,3447,979.0,301.4
G,3184265,224350,155,3447,1874017,51010,97,3447,979.0,301.4
R,1291852,94942,5886,3447,766855,38810,5869,3447,979.0,301.4
D,NBXX,9999,7.643e-5,5.326e-5,3.203e-5,1.067e-5,8.607e-6,6.601e-6
Y,191903,979.0,301.4,297.2,45.7,13.1,5.7,0,0000
T,2014,08,29,15,28,43
B,264440,35938,167,3448,160390,8808,155,3447,979.0,301.4
G,3178820,235855,142,3448,1875724,52691,149,3447,979.0,301.4
R,1292573,98729,5886,3448,765909,39408,5870,3447,979.0,301.4
D,NBXX,9999,8.079e-5,5.694e-5,3.432e-5,1.138e-5,9.146e-6,6.964e-6
Y,191518,979.0,301.4,297.2,45.5,13.1,5.7,0,0000
T,2014,08,29,15,33,43
B,263930,32705,196,3447,159331,7850,202,3447,979.0,301.5
G,3179416,212205,162,3447,1874748,47747,120,3447,979.0,301.5
R,1295046,92203,5860,3447,765684,37995,5843,3447,979.0,301.5
D,NBXX,9999,7.076e-5,4.959e-5,3.027e-5,8.204e-6,7.607e-6,6.101e-6
Y,191609,979.0,301.5,297.2,48.1,13.1,5.7,0,0000
T,2014,08,29,15,38,43
B,265671,31397,236,3447,160837,7752,168,3448,978.9,301.5
G,3179926,200739,136,3447,1878412,46465,120,3448,978.9,301.5
R,1293475,87324,5937,3447,766018,37486,5889,3448,978.9,301.5
D,NBXX,9999,6.608e-5,4.602e-5,2.725e-5,7.726e-6,7.212e-6,5.714e-6
Y,191640,978.9,301.5,297.2,47.3,13.1,5.7,0,0000
T,2014,08,29,15,43,43
B,264522,33386,194,3447,159879,8256,183,3447,978.9,301.5
G,3180782,214784,120,3447,1874660,48459,111,3447,978.9,301.5
R,1289997,92213,6011,3447,766480,37966,6001,3447,978.9,301.5
D,NBXX,9999,7.271e-5,5.038e-5,3.024e-5,9.477e-6,7.840e-6,5.921e-6
Y,191692,978.9,301.5,297.2,47.6,13.1,5.7,0,0000
T,2014,08,29,15,48,43
B,263468,34023,188,3448,160264,8239,189,3447,978.9,301.5
G,3181094,219259,106,3448,1878332,48713,137,3447,978.9,301.5
R,1295190,92050,6038,3448,767098,38470,5889,3447,978.9,301.5
D,NBXX,9999,7.508e-5,5.175e-5,3.001e-5,9.528e-6,7.917e-6,6.237e-6
Y,191655,978.9,301.5,297.2,46.5,13.1,5.7,0,0000
T,2014,08,29,15,53,43
B,263043,33284,164,3447,160357,8016,128,3447,978.9,301.5
G,3179844,215786,143,3447,1880827,48159,124,3447,978.9,301.5
R,1292580,90679,6012,3447,766079,38257,6118,3447,978.9,301.5
D,NBXX,9999,7.326e-5,5.069e-5,2.912e-5,9.174e-6,7.738e-6,5.986e-6
Y,191635,978.9,301.5,297.3,47.0,13.1,5.7,0,0000
T,2014,08,29,15,58,43
B,264323,32803,152,3447,159920,7842,175,3447,978.9,301.6
G,3178139,208554,136,3447,1879720,47148,105,3447,978.9,301.6
R,1293939,87949,6035,3447,765483,37292,6036,3447,978.9,301.6
D,NBXX,9999,7.119e-5,4.849e-5,2.744e-5,8.412e-6,7.442e-6,5.421e-6
Y,191532,978.9,301.6,297.3,45.7,13.1,5.7,0,0000
T,2014,08,29,16,03,43
B,263504,33410,187,3447,160072,7926,181,3448,978.8,301.6
G,3178231,211843,151,3447,1878752,47527,135,3448,978.8,301.6
R,1290732,90772,6147,3447,766910,38022,5824,3448,978.8,301.6
D,NBXX,9999,7.324e-5,4.950e-5,2.936e-5,8.590e-6,7.538e-6,5.971e-6
Y,191538,978.8,301.6,297.3,46.1,13.1,5.7,0,0000
T,2014,08,29,16,08,43
B,263763,34106,169,3447,161396,8370,171,3447,978.8,301.6
G,3179677,219900,131,3447,1881553,49066,130,3447,978.8,301.6
R,1290397,92753,5988,3447,767700,38696,6085,3447,978.8,301.6
D,NBXX,9999,7.538e-5,5.198e-5,3.052e-5,1.004e-5,8.023e-6,6.322e-6
Y,191625,978.8,301.6,297.4,46.6,13.1,5.7,0,0000
T,2014,08,29,16,13,43
B,263105,35911,170,3448,159919,8586,153,3447,978.8,301.6
G,3182057,231082,151,3448,1877040,52156,106,3447,978.8,301.6
R,1294074,96672,5930,3448,765945,39319,6151,3447,978.8,301.6
D,NBXX,9999,8.128e-5,5.540e-5,3.278e-5,1.084e-5,8.976e-6,6.661e-6
Y,191713,978.8,301.6,297.4,46.0,13.1,5.7,0,0000
T,2014,08,29,16,18,43
B,263127,32050,181,3447,160028,7884,183,3447,978.8,301.6
G,3176520,206642,114,3447,1876262,47008,108,3447,978.8,301.6
R,1293956,89095,6036,3447,765328,38022,6122,3447,978.8,301.6
D,NBXX,9999,6.919e-5,4.794e-5,2.808e-5,8.514e-6,7.412e-6,5.807e-6
Y,191434,978.8,301.6,297.4,44.2,13.1,5.7,0,0000
T,2014,08,29,16,23,43
B,263892,30782,190,3447,160053,7519,145,3448,978.7,301.7
G,3177285,194121,105,3447,1877926,44668,114,3448,978.7,301.7
R,1293267,85081,6128,3447,767269,37304,5962,3448,978.7,301.7
D,NBXX,9999,6.509e-5,4.403e-5,2.570e-5,7.418e-6,6.679e-6,5.417e-6
Y,191480,978.7,301.7,297.4,45.7,13.1,5.7,0,0000
T,2014,08,29,16,28,43
B,263731,31177,168,3447,161001,7921,152,3447,978.7,301.7
G,3173784,201297,143,3447,1880618,46065,105,3447,978.7,301.7
R,1293936,87682,6095,3447,767827,37659,6076,3447,978.7,301.7
D,NBXX,9999,6.642e-5,4.632e-5,2.721e-5,8.733e-6,7.122e-6,5.575e-6
Y,191269,978.7,301.7,297.5,47.0,13.1,5.7,0,0000
T,2014,08,29,16,33,43
B,264134,31376,167,3448,160857,7922,212,3447,978.7,301.7
G,3179356,201120,106,3448,1877368,46274,126,3447,978.7,301.7
R,1294599,87463,6015,3448,767267,37328,6136,3447,978.7,301.7
D,NBXX,9999,6.668e-5,4.616e-5,2.706e-5,8.497e-6,7.172e-6,5.385e-6
Y,191550,978.7,301.7,297.5,45.5,13.1,5.7,0,0000
T,2014,08,29,16,38,43
B,264265,31530,197,3447,159458,8094,184,3447,978.7,301.7
G,3175145,202286,123,3447,1876511,47564,152,3447,978.7,301.7
R,1292610,88887,6218,3447,766627,38621,6215,3447,978.7,301.7
D,NBXX,9999,6.710e-5,4.659e-5,2.781e-5,9.001e-6,7.572e-6,5.994e-6
Y,191351,978.7,301.7,297.5,42.9,13.1,5.7,0,0000
T,2014,08,29,16,43,44
B,262962,29879,172,3447,159165,7496,179,3448,978.7,301.8
G,3176311,188942,152,3447,1875048,43983,110,3448,978.7,301.8
R,1293984,84391,6358,3447,763831,37452,6263,3448,978.7,301.8
D,NBXX,9999,6.257e-5,4.243e-5,2.488e-5,7.368e-6,6.455e-6,5.122e-6
Y,191422,978.7,301.8,297.5,44.0,13.1,5.7,0,0000
T,2014,08,29,16,48,43
B,263976,29378,190,3447,159694,7442,176,3447,978.7,301.8
G,3172536,188154,125,3447,1876800,44201,94,3447,978.7,301.8
R,1293142,83814,6201,3447,768356,36720,6339,3447,978.7,301.8
D,NBXX,9999,6.062e-5,4.227e-5,2.460e-5,7.070e-6,6.558e-6,4.745e-6
Y,191193,978.7,301.8,297.6,45.8,13.1,5.7,0,0000
T,2014,08,29,16,53,44
B,261873,28651,204,3448,159637,7411,164,3447,978.7,301.8
G,3172647,182631,102,3448,1875716,43160,98,3447,978.7,301.8
R,1295240,82437,6198,3448,765687,37086,6130,3447,978.7,301.8
D,NBXX,9999,5.907e-5,4.055e-5,2.384e-5,7.147e-6,6.245e-6,5.103e-6
Y,191144,978.7,301.8,297.6,43.2,13.1,5.7,0,0000
T,2014,08,29,16,58,43
B,264205,28238,164,3447,159987,7258,156,3447,978.7,301.8
G,3174200,180474,107,3447,1875574,43098,122,3447,978.7,301.8
R,1292532,81654,6283,3447,766627,36602,6222,3447,978.7,301.8
D,NBXX,9999,5.719e-5,3.984e-5,2.332e-5,6.648e-6,6.205e-6,4.704e-6
Y,191294,978.7,301.8,297.6,42.7,13.1,5.7,0,0000
T,2014,08,29,17,03,44
B,262968,29552,182,3447,159910,7701,176,3448,978.7,301.8
G,3179390,187538,153,3447,1874206,44821,112,3448,978.7,301.8
R,1292849,84406,6307,3447,768125,37604,6345,3448,978.7,301.8
D,NBXX,9999,6.153e-5,4.193e-5,2.490e-5,7.977e-6,6.701e-6,5.206e-6
Y,191608,978.7,301.8,297.6,42.9,13.1,5.7,0,0000
T,2014,08,29,17,08,43
B,263927,28297,172,3447,160270,7231,161,3447,978.7,301.8
G,3176554,179285,111,3447,1879375,42904,148,3447,978.7,301.8
R,1295262,82003,6375,3447,768175,36644,6229,3447,978.7,301.8
D,NBXX,9999,5.742e-5,3.942e-5,2.338e-5,6.541e-6,6.123e-6,4.631e-6
Y,191436,978.7,301.8,297.6,43.9,13.1,5.7,0,0000
T,2014,08,29,17,13,44
B,264267,27982,191,3448,160204,7437,159,3447,978.8,301.8
G,3175244,178415,111,3448,1875267,43455,129,3447,978.8,301.8
R,1296499,80969,6265,3448,765108,37010,6288,3447,978.8,301.8
D,NBXX,9999,5.628e-5,3.918e-5,2.274e-5,7.094e-6,6.311e-6,4.884e-6
Y,191301,978.8,301.8,297.6,41.9,13.1,5.7,0,0000
T,2014,08,29,17,18,44
B,264174,29226,163,3447,160490,7556,179,3447,978.8,301.8
G,3176756,188358,136,3447,1871133,44713,118,3447,978.8,301.8
R,1295392,84580,6533,3447,767107,37707,6188,3447,978.8,301.8
D,NBXX,9999,6.017e-5,4.224e-5,2.487e-5,7.491e-6,6.687e-6,5.197e-6
Y,191448,978.8,301.8,297.6,42.7,13.1,5.7,0,0000
T,2014,08,29,17,23,44
B,263363,33839,187,3447,160308,8767,156,3448,978.9,301.8
G,3177181,218153,149,3447,1872715,51273,145,3448,978.9,301.8
R,1292511,93997,6183,3447,767291,40097,6335,3448,978.9,301.8
D,NBXX,9999,7.470e-5,5.148e-5,3.089e-5,1.129e-5,8.704e-6,6.834e-6
Y,191474,978.9,301.8,297.6,40.8,13.1,5.7,0,0000
T,2014,08,29,17,28,44
B,262862,33527,189,3447,160301,8462,182,3447,978.9,301.8
G,3173725,214218,138,3447,1871158,50198,116,3447,978.9,301.8
R,1291528,93214,6430,3447,765359,39606,6285,3447,978.9,301.8
D,NBXX,9999,7.384e-5,5.034e-5,3.031e-5,1.030e-5,8.406e-6,6.410e-6
Y,191265,978.9,301.8,297.5,40.5,13.1,5.7,0,0000
T,2014,08,29,17,33,44
B,263673,29341,171,3448,159448,7731,156,3447,978.9,301.8
G,3178219,189110,124,3448,1871945,44784,130,3447,978.9,301.8
R,1293231,84972,6400,3448,764563,37411,6373,3447,978.9,301.8
D,NBXX,9999,6.075e-5,4.245e-5,2.515e-5,8.133e-6,6.706e-6,5.008e-6
Y,191481,978.9,301.8,297.5,42.1,13.1,5.7,0,0000
T,2014,08,29,17,38,44
B,263827,30023,152,3447,160136,7695,167,3447,978.9,301.8
G,3174161,190019,134,3447,1867948,45049,129,3447,978.9,301.8
R,1291840,85298,6208,3447,763159,38001,6481,3447,978.9,301.8
D,NBXX,9999,6.283e-5,4.280e-5,2.545e-5,8.031e-6,6.799e-6,5.439e-6
Y,191291,978.9,301.8,297.5,43.1,13.1,5.7,0,0000
T,2014,08,29,17,43,44
B,263357,30693,184,3447,159873,7990,175,3448,978.9,301.8
G,3174817,199157,146,3447,1869531,47314,111,3448,978.9,301.8
R,1294242,87890,6389,3447,764633,38801,6322,3448,978.9,301.8
D,NBXX,9999,6.492e-5,4.563e-5,2.695e-5,8.833e-6,7.498e-6,5.882e-6
Y,191331,978.9,301.8,297.5,43.2,13.1,5.7,0,0000
T,2014,08,29,17,48,44
B,263985,31201,178,3447,160833,8044,164,3447,978.9,301.8
G,3173079,198833,131,3447,1871789,47155,121,3447,978.9,301.8
R,1295146,87651,6407,3447,764722,38437,6368,3447,978.9,301.8
D,NBXX,9999,6.633e-5,4.557e-5,2.672e-5,9.011e-6,7.463e-6,5.609e-6
Y,191226,978.9,301.8,297.5,42.7,13.1,5.7,0,0000
T,2014,08,29,17,53,44
B,263706,30065,187,3448,160338,7756,191,3447,978.9,301.8
G,3177844,190307,163,3448,1873427,45261,132,3447,978.9,301.8
R,1294178,84614,6250,3448,766492,37848,6469,3447,978.9,301.8
D,NBXX,9999,6.280e-5,4.281e-5,2.493e-5,8.025e-6,6.841e-6,5.304e-6
Y,191459,978.9,301.8,297.5,43.4,13.1,5.7,0,0000
T,2014,08,29,17,58,44
B,264564,29800,171,3447,159740,7667,210,3447,978.9,301.8
G,3174999,187372,178,3447,1871099,44591,103,3447,978.9,301.8
R,1295469,83982,6363,3447,766187,37615,6311,3447,978.9,301.8
D,NBXX,9999,6.167e-5,4.196e-5,2.454e-5,7.661e-6,6.647e-6,5.174e-6
Y,191342,978.9,301.8,297.5,44.0,13.1,5.7,0,0000
T,2014,08,29,18,03,44
B,263804,29310,168,3447,160168,7507,189,3448,978.9,301.7
G,3172332,187187,142,3447,1870161,43787,129,3448,978.9,301.7
R,1293831,84239,6358,3447,765860,37099,6382,3448,978.9,301.7
D,NBXX,9999,6.050e-5,4.195e-5,2.470e-5,7.310e-6,6.408e-6,4.823e-6
Y,191181,978.9,301.7,297.5,45.3,13.1,5.7,0,0000
T,2014,08,29,18,08,44
B,263637,28743,184,3447,159716,7549,173,3447,978.9,301.7
G,3177449,186594,133,3447,1872982,43571,127,3447,978.9,301.7
R,1294797,83761,6421,3447,767030,37317,6461,3447,978.9,301.7
D,NBXX,9999,5.881e-5,4.168e-5,2.428e-5,7.460e-6,6.327e-6,4.851e-6
Y,191490,978.9,301.7,297.5,44.8,13.1,5.7,0,0000
T,2014,08,29,18,13,44
B,264293,30231,180,3447,159687,7551,140,3447,978.8,301.7
G,3175900,191978,126,3447,1870747,45065,132,3447,978.8,301.7
R,1293820,85505,6478,3447,765379,37516,6437,3447,978.8,301.7
D,NBXX,9999,6.330e-5,4.338e-5,2.536e-5,7.544e-6,6.798e-6,4.959e-6
Y,191397,978.8,301.7,297.4,46.0,13.1,5.7,0,0000
T,2014,08,29,18,18,44
B,263659,30356,195,3448,158907,7491,176,3447,978.8,301.6
G,3173449,190342,174,3448,1867395,44203,112,3447,978.8,301.6
R,1295584,84697,6372,3448,764334,37618,6381,3447,978.8,301.6
D,NBXX,9999,6.373e-5,4.291e-5,2.491e-5,7.236e-6,6.535e-6,5.124e-6
Y,191193,978.8,301.6,297.4,46.0,13.1,5.7,0,0000
T,2014,08,29,18,23,44
B,263177,29806,176,3447,159347,7757,180,3447,978.8,301.6
G,3174067,190327,125,3447,1871201,44806,128,3447,978.8,301.6
R,1292747,84670,6166,3447,766563,37618,6387,3447,978.8,301.6
D,NBXX,9999,6.225e-5,4.290e-5,2.513e-5,8.146e-6,6.728e-6,5.291e-6
Y,191286,978.8,301.6,297.4,45.3,13.1,5.7,0,0000
T,2014,08,29,18,28,44
B,263502,31680,160,3447,159390,7804,169,3448,978.8,301.6
G,3176269,200334,158,3447,1874056,46402,122,3448,978.8,301.6
R,1292966,87948,6313,3447,766180,38015,6306,3448,978.8,301.6
D,NBXX,9999,6.803e-5,4.596e-5,2.709e-5,8.353e-6,7.200e-6,5.480e-6
Y,191419,978.8,301.6,297.4,45.3,13.1,5.7,0,0000
T,2014,08,29,18,33,44
B,263974,29909,161,3447,160560,7684,179,3447,978.8,301.5
G,3173699,193134,124,3447,1870934,45196,139,3447,978.8,301.5
R,1293903,85173,6195,3447,765255,37376,6191,3447,978.8,301.5
D,NBXX,9999,6.233e-5,4.378e-5,2.552e-5,7.895e-6,6.847e-6,5.249e-6
Y,191264,978.8,301.5,297.4,47.1,13.1,5.7,0,0000
T,2014,08,29,18,38,44
B,263655,30519,155,3448,158870,7583,170,3447,978.7,301.5
G,3177601,197022,147,3448,1870212,45117,117,3447,978.7,301.5
R,1292914,86714,6212,3448,764542,37154,6381,3447,978.7,301.5
D,NBXX,9999,6.437e-5,4.491e-5,2.635e-5,7.671e-6,6.809e-6,4.982e-6
Y,191444,978.7,301.5,297.4,48.2,13.1,5.7,0,0000
T,2014,08,29,18,43,44
B,262980,29658,179,3447,160123,7699,181,3447,978.7,301.5
G,3174422,191145,129,3447,1872341,44350,139,3447,978.7,301.5
R,1291045,84224,6328,3447,763155,36868,6032,3447,978.7,301.5
D,NBXX,9999,6.182e-5,4.314e-5,2.505e-5,7.955e-6,6.579e-6,4.987e-6
Y,191307,978.7,301.5,297.4,47.0,13.1,5.7,0,0000
T,2014,08,29,18,48,44
B,264132,30163,145,3447,159689,7552,151,3448,978.7,301.5
G,3170031,193930,142,3447,1873767,45304,112,3448,978.7,301.5
R,1294333,85795,6124,3447,764745,37183,6060,3448,978.7,301.5
D,NBXX,9999,6.321e-5,4.410e-5,2.603e-5,7.625e-6,6.896e-6,5.264e-6
Y,191042,978.7,301.5,297.3,46.1,13.1,5.7,0,0000
T,2014,08,29,18,53,44
B,264241,29157,170,3447,160052,7565,160,3447,978.7,301.5
G,3174624,185020,141,3447,1873741,43514,81,3447,978.7,301.5
R,1291837,83212,5915,3447,763178,36271,5963,3447,978.7,301.5
D,NBXX,9999,5.995e-5,4.125e-5,2.475e-5,7.542e-6,6.335e-6,4.955e-6
Y,191320,978.7,301.5,297.3,46.8,13.1,5.7,0,0000
T,2014,08,29,18,58,44
B,262618,29425,187,3448,159420,7432,147,3447,978.7,301.4
G,3173804,188903,133,3448,1872452,43732,139,3447,978.7,301.4
R,1291447,83671,6112,3448,763976,36457,6039,3447,978.7,301.4
D,NBXX,9999,6.132e-5,4.246e-5,2.485e-5,7.258e-6,6.392e-6,4.884e-6
Y,191214,978.7,301.4,297.3,46.8,13.1,5.7,0,0000
T,2014,08,29,19,03,44
B,263955,33274,166,3447,159407,8232,158,3447,978.7,301.4
G,3175172,216143,119,3447,1874022,50193,141,3447,978.7,301.4
R,1291838,92434,6212,3447,762417,38554,5999,3447,978.7,301.4
D,NBXX,9999,7.277e-5,5.091e-5,3.017e-5,9.644e-6,8.395e-6,6.119e-6
Y,191353,978.7,301.4,297.3,46.1,13.1,5.7,0,0000
T,2014,08,29,19,08,44
B,262645,31137,191,3447,159272,7817,172,3448,978.6,301.4
G,3176548,201835,161,3447,1867621,46180,111,3448,978.6,301.4
R,1290546,88073,6059,3447,765242,36727,6122,3448,978.6,301.4
D,NBXX,9999,6.651e-5,4.643e-5,2.756e-5,8.332e-6,7.133e-6,5.028e-6
Y,191436,978.6,301.4,297.3,47.3,13.1,5.7,0,0000
T,2014,08,29,19,13,44
B,261078,30049,173,3420,157786,7482,140,3420,978.7,301.4
G,3148864,194584,125,3420,1856665,44965,124,3420,978.7,301.4
R,1282786,84775,5791,3420,755868,36381,6007,3420,978.7,301.4
D,NBXX,9999,6.387e-5,4.471e-5,2.607e-5,7.612e-6,6.890e-6,5.178e-6
Y,191265,978.7,301.4,297.3,47.3,13.1,5.7,0,0008
T,2014,08,29,19,18,44
B,262635,30244,165,3448,160503,7646,158,3447,978.7,301.4
G,3176992,196352,126,3448,1880025,45052,124,3447,978.7,301.4
R,1292653,86069,5926,3448,765125,36479,5801,3447,978.7,301.4
D,NBXX,9999,6.389e-5,4.472e-5,2.658e-5,7.960e-6,6.796e-6,5.187e-6
Y,191407,978.7,301.4,297.3,47.4,13.1,5.7,0,0000
T,2014,08,29,19,23,44
B,263452,30178,132,3447,159824,7477,141,3447,978.8,301.4
G,3175797,195631,152,3447,1873118,45421,108,3447,978.8,301.4
R,1293218,85406,5688,3447,764018,36357,5723,3447,978.8,301.4
D,NBXX,9999,6.357e-5,4.452e-5,2.637e-5,7.540e-6,6.909e-6,5.326e-6
Y,191390,978.8,301.4,297.3,47.9,13.1,5.7,0,0000
T,2014,08,29,19,28,44
B,264019,29817,156,3447,160116,7604,163,3448,978.8,301.3
G,3176890,190859,146,3447,1871743,44219,120,3448,978.8,301.3
R,1291976,84378,6028,3447,765672,36368,5767,3448,978.8,301.3
D,NBXX,9999,6.210e-5,4.301e-5,2.552e-5,7.713e-6,6.524e-6,5.067e-6
Y,191457,978.8,301.3,297.2,47.8,13.1,5.7,0,0000
T,2014,08,29,19,33,44
B,263692,30200,149,3447,160236,7760,167,3447,978.8,301.3
G,3175935,194292,121,3447,1872907,45230,123,3447,978.8,301.3
R,1290527,85256,6042,3447,764606,36038,5691,3447,978.8,301.3
D,NBXX,9999,6.341e-5,4.410e-5,2.615e-5,8.240e-6,6.854e-6,4.930e-6
Y,191399,978.8,301.3,297.3,47.0,13.1,5.7,0,0000
T,2014,08,29,19,38,44
B,262795,30597,169,3448,159444,7816,166,3447,978.8,301.3
G,3177871,196471,93,3448,1869620,46155,129,3447,978.8,301.3
R,1289048,86034,5872,3448,763409,36548,5871,3447,978.8,301.3
D,NBXX,9999,6.488e-5,4.475e-5,2.667e-5,8.430e-6,7.145e-6,5.257e-6
Y,191460,978.8,301.3,297.2,46.5,13.1,5.7,0,0000
T,2014,08,29,19,43,44
B,264250,29917,189,3447,158638,7731,162,3447,978.8,301.3
G,3179439,194275,139,3447,1871195,45567,100,3447,978.8,301.3
R,1291011,84871,5785,3447,764068,36328,5792,3447,978.8,301.3
D,NBXX,9999,6.222e-5,4.403e-5,2.600e-5,7.977e-6,6.945e-6,5.214e-6
Y,191611,978.8,301.3,297.2,46.3,13.1,5.7,0,0000
T,2014,08,29,19,48,44
B,264082,28858,200,3447,160005,7614,165,3448,978.8,301.3
G,3177268,185829,119,3447,1877267,43993,112,3448,978.8,301.3
R,1292408,82320,5709,3447,763944,35975,5698,3448,978.8,301.3
D,NBXX,9999,5.896e-5,4.145e-5,2.451e-5,7.575e-6,6.465e-6,5.098e-6
Y,191479,978.8,301.3,297.2,46.3,13.1,5.7,0,0000
T,2014,08,29,19,53,44
B,262692,28571,130,3447,159976,7466,141,3447,978.8,301.3
G,3177540,184897,131,3447,1872985,43163,92,3447,978.8,301.3
R,1289914,82444,5759,3447,761903,35819,5726,3447,978.8,301.3
D,NBXX,9999,5.887e-5,4.116e-5,2.461e-5,7.577e-6,6.213e-6,4.979e-6
Y,191496,978.8,301.3,297.2,46.1,13.1,5.7,0,0000
T,2014,08,29,19,58,44
B,263629,28488,162,3448,159275,7377,144,3447,978.8,301.2
G,3177390,180818,112,3448,1875588,42837,131,3447,978.8,301.2
R,1289911,81149,5798,3448,762212,35476,5593,3447,978.8,301.2
D,NBXX,9999,5.818e-5,3.986e-5,2.388e-5,7.105e-6,6.096e-6,4.840e-6
Y,191431,978.8,301.2,297.1,46.1,13.1,5.7,0,0000
T,2014,08,29,20,03,44
B,263456,27965,184,3447,159848,7293,173,3447,978.8,301.2
G,3175875,179183,120,3447,1874603,42595,122,3447,978.8,301.2
R,1289230,79655,5739,3447,763854,34845,5759,3447,978.8,301.2
D,NBXX,9999,5.644e-5,3.938e-5,2.291e-5,6.671e-6,6.023e-6,4.378e-6
Y,191395,978.8,301.2,297.1,45.8,13.1,5.7,0,0000
T,2014,08,29,20,08,44
B,262981,28310,185,3447,160176,7508,195,3448,978.8,301.2
G,3177859,183549,148,3447,1873473,43388,116,3448,978.8,301.2
R,1289248,81470,5772,3447,763398,35667,5654,3448,978.8,301.2
D,NBXX,9999,5.758e-5,4.069e-5,2.408e-5,7.286e-6,6.249e-6,4.929e-6
Y,191515,978.8,301.2,297.1,46.5,13.1,5.7,0,0000
T,2014,08,29,20,13,44
B,262759,28838,172,3447,159349,7651,162,3447,978.8,301.2
G,3176655,186277,106,3447,1871597,43787,103,3447,978.8,301.2
R,1290178,82512,5731,3447,762162,35597,5710,3447,978.8,301.2
D,NBXX,9999,5.945e-5,4.158e-5,2.468e-5,7.919e-6,6.402e-6,4.871e-6
Y,191442,978.8,301.2,297.1,47.8,13.1,5.7,0,0000
T,2014,08,29,20,18,44
B,263558,28995,161,3448,159304,7431,142,3447,978.9,301.2
G,3178410,187443,109,3448,1872995,44480,118,3447,978.9,301.2
R,1290487,82021,5678,3448,763421,35614,5716,3447,978.9,301.2
D,NBXX,9999,5.978e-5,4.191e-5,2.440e-5,7.288e-6,6.607e-6,4.917e-6
Y,191493,978.9,301.2,297.1,48.2,13.1,5.7,0,0000
T,2014,08,29,20,23,44
B,263577,28333,155,3447,159240,7400,160,3447,978.9,301.2
G,3178887,182199,123,3447,1870083,43073,108,3447,978.9,301.2
R,1290862,80425,5649,3447,762715,35073,5661,3447,978.9,301.2
D,NBXX,9999,5.768e-5,4.027e-5,2.347e-5,7.141e-6,6.163e-6,4.635e-6
Y,191577,978.9,301.2,297.0,48.7,13.1,5.7,0,0000
T,2014,08,29,20,28,44
B,263193,29498,126,3447,159292,7562,162,3447,978.9,301.1
G,3174243,189336,128,3447,1873844,44518,99,3447,978.9,301.1
R,1289452,82876,5615,3447,762389,35851,5672,3447,978.9,301.1
D,NBXX,9999,6.148e-5,4.257e-5,2.504e-5,7.757e-6,6.633e-6,5.144e-6
Y,191296,978.9,301.1,297.0,49.5,13.1,5.7,0,0000
T,2014,08,29,20,33,44
B,263632,29596,150,3447,161059,7626,137,3448,978.9,301.1
G,3177238,190866,104,3447,1871906,44348,100,3448,978.9,301.1
R,1289730,83421,5751,3447,762194,36145,5605,3448,978.9,301.1
D,NBXX,9999,6.164e-5,4.300e-5,2.531e-5,7.914e-6,6.572e-6,5.268e-6
Y,191478,978.9,301.1,297.0,49.9,13.1,5.7,0,0000
T,2014,08,29,20,38,44
B,263268,30137,172,3447,160943,7902,154,3447,978.9,301.1
G,3174736,198033,122,3447,1874870,46103,91,3447,978.9,301.1
R,1288105,85862,5748,3447,762610,36468,5615,3447,978.9,301.1
D,NBXX,9999,6.330e-5,4.527e-5,2.686e-5,8.666e-6,7.129e-6,5.485e-6
Y,191326,978.9,301.1,297.0,50.0,13.1,5.7,0,0000
T,2014,08,29,20,43,44
B,263559,29039,164,3448,160048,7418,138,3447,979.0,301.1
G,3176700,185279,129,3448,1871199,43352,94,3447,979.0,301.1
R,1290731,82156,5764,3448,762597,35717,5712,3447,979.0,301.1
D,NBXX,9999,5.989e-5,4.127e-5,2.442e-5,7.238e-6,6.266e-6,4.919e-6
Y,191389,979.0,301.1,296.9,50.0,13.1,5.7,0,0000
T,2014,08,29,20,48,44
B,264184,29985,170,3447,160179,7616,148,3447,979.1,301.1
G,3180497,192783,111,3447,1875126,44245,131,3447,979.1,301.1
R,1288660,84558,5461,3447,763264,35477,5538,3447,979.1,301.1
D,NBXX,9999,6.254e-5,4.352e-5,2.630e-5,7.733e-6,6.516e-6,5.129e-6
Y,191675,979.1,301.1,296.9,51.2,13.1,5.7,0,0000
T,2014,08,29,20,53,44
B,263274,29465,152,3447,160923,7624,176,3448,979.2,301.0
G,3178901,190846,133,3447,1877924,44356,104,3448,979.2,301.0
R,1288592,83533,5594,3447,761382,35410,5606,3448,979.2,301.0
D,NBXX,9999,6.121e-5,4.295e-5,2.553e-5,7.792e-6,6.555e-6,4.939e-6
Y,191578,979.2,301.0,296.9,51.7,13.1,5.7,0,0000
T,2014,08,29,20,58,44
B,263470,29547,152,3447,159459,7394,146,3447,979.2,301.0
G,3180959,188669,112,3447,1873712,44480,133,3447,979.2,301.0
R,1290470,83277,5440,3447,761068,35212,5526,3447,979.2,301.0
D,NBXX,9999,6.150e-5,4.223e-5,2.547e-5,7.179e-6,6.586e-6,4.970e-6
Y,191703,979.2,301.0,296.8,52.0,13.1,5.7,0,0000
T,2014,08,29,21,03,44
B,264157,29873,157,3448,159662,7600,163,3447,979.3,301.0
G,3181408,190453,120,3448,1878529,44114,105,3447,979.3,301.0
R,1289634,82782,5569,3448,761296,34947,5532,3447,979.3,301.0
D,NBXX,9999,6.219e-5,4.279e-5,2.510e-5,7.685e-6,6.482e-6,4.725e-6
Y,191674,979.3,301.0,296.8,51.8,13.1,5.7,0,0000
T,2014,08,29,21,08,44
B,264296,29834,134,3447,158752,7765,162,3447,979.4,301.0
G,3178202,193700,104,3447,1866875,44534,98,3447,979.4,301.0
R,1288264,84135,5501,3447,760400,35566,5476,3447,979.4,301.0
D,NBXX,9999,6.208e-5,4.386e-5,2.607e-5,8.247e-6,6.630e-6,5.203e-6
Y,191536,979.4,301.0,296.8,52.3,13.1,5.7,0,0000
T,2014,08,29,21,13,44
B,262816,30237,171,3447,160033,7522,155,3448,979.5,300.9
G,3180673,198330,136,3447,1876971,44910,105,3448,979.5,300.9
R,1289671,85023,5526,3447,762122,35493,5437,3448,979.5,300.9
D,NBXX,9999,6.374e-5,4.524e-5,2.655e-5,7.509e-6,6.718e-6,5.135e-6
Y,191685,979.5,300.9,296.8,52.3,13.1,5.7,0,0000
T,2014,08,29,21,18,44
B,263999,30856,161,3447,159733,7709,148,3447,979.5,300.9
G,3179264,200103,117,3447,1871625,45869,130,3447,979.5,300.9
R,1290874,85801,5432,3447,761373,35938,5418,3447,979.5,300.9
D,NBXX,9999,6.529e-5,4.582e-5,2.706e-5,8.053e-6,7.024e-6,5.481e-6
Y,191600,979.5,300.9,296.7,53.0,13.1,5.7,0,0000
T,2014,08,29,21,23,44
B,264604,31045,154,3448,159313,7644,142,3447,979.5,300.9
G,3181954,201845,110,3448,1875202,45404,94,3447,979.5,300.9
R,1287707,86869,5438,3448,760689,35765,5210,3447,979.5,300.9
D,NBXX,9999,6.570e-5,4.632e-5,2.797e-5,7.854e-6,6.887e-6,5.559e-6
Y,191707,979.5,300.9,296.7,52.5,13.1,5.7,0,0000
T,2014,08,29,21,28,44
B,263861,31850,180,3447,159226,7804,178,3447,979.6,300.9
G,3179765,206314,134,3447,1870605,46227,77,3447,979.6,300.9
R,1288951,87670,5311,3447,760772,35913,5462,3447,979.6,300.9
D,NBXX,9999,6.824e-5,4.775e-5,2.834e-5,8.183e-6,7.146e-6,5.542e-6
Y,191631,979.6,300.9,296.7,53.3,13.1,5.7,0,0000
T,2014,08,29,21,33,44
B,263812,32097,147,3447,160756,7685,139,3448,979.7,300.9
G,3183610,206288,104,3447,1878216,45888,107,3448,979.7,300.9
R,1289845,87882,5389,3447,764466,35811,5400,3448,979.7,300.9
D,NBXX,9999,6.927e-5,4.766e-5,2.842e-5,8.071e-6,7.019e-6,5.452e-6
Y,191863,979.7,300.9,296.7,53.4,13.1,5.7,0,0000
T,2014,08,29,21,38,44
B,263331,32247,172,3447,160268,7917,168,3447,979.7,300.9
G,3186154,210581,122,3447,1877471,46220,126,3447,979.7,300.9
R,1288742,89859,5404,3447,764785,36123,5423,3447,979.7,300.9
D,NBXX,9999,6.972e-5,4.893e-5,2.965e-5,8.643e-6,7.102e-6,5.635e-6
Y,192017,979.7,300.9,296.7,53.3,13.1,5.7,0,0000
T,2014,08,29,21,43,44
B,264620,32437,147,3448,161058,7811,147,3447,979.7,300.9
G,3182498,212345,124,3448,1875400,47110,112,3447,979.7,300.9
R,1290999,89260,5404,3448,762419,36176,5433,3447,979.7,300.9
D,NBXX,9999,6.999e-5,4.955e-5,2.919e-5,8.374e-6,7.403e-6,5.640e-6
Y,191740,979.7,300.9,296.7,53.3,13.1,5.7,0,0000
T,2014,08,29,21,48,44
B,263651,32120,150,3447,160073,7939,154,3447,979.8,300.9
G,3184673,209543,98,3447,1871887,46328,81,3447,979.8,300.9
R,1290074,88504,5411,3447,761665,36233,5365,3447,979.8,300.9
D,NBXX,9999,6.934e-5,4.866e-5,2.881e-5,8.811e-6,7.166e-6,5.724e-6
Y,191927,979.8,300.9,296.7,53.1,13.1,5.7,0,0000
T,2014,08,29,21,53,44
B,264089,31769,139,3447,159559,7784,118,3448,979.9,300.8
G,3182629,207778,100,3447,1875926,46508,82,3448,979.9,300.8
R,1290799,88614,5534,3447,762090,36083,5176,3448,979.9,300.8
D,NBXX,9999,6.823e-5,4.815e-5,2.889e-5,8.442e-6,7.226e-6,5.665e-6
Y,191804,979.9,300.8,296.6,53.3,13.1,5.7,0,0000
T,2014,08,29,21,58,44
B,263546,32687,166,3447,160632,7771,120,3447,979.9,300.8
G,3182171,209097,122,3447,1879236,46671,107,3447,979.9,300.8
R,1289126,88858,5353,3447,765117,36091,5450,3447,979.9,300.8
D,NBXX,9999,7.116e-5,4.856e-5,2.904e-5,8.352e-6,7.266e-6,5.628e-6
Y,191776,979.9,300.8,296.6,53.6,13.1,5.7,0,0000
T,2014,08,29,22,03,44
B,263934,33505,136,3448,160716,7955,147,3447,979.9,300.8
G,3181676,220750,99,3448,1876383,48307,117,3447,979.9,300.8
R,1289431,93176,5382,3448,763185,36607,5352,3447,979.9,300.8
D,NBXX,9999,7.355e-5,5.219e-5,3.173e-5,8.904e-6,7.785e-6,5.996e-6
Y,191690,979.9,300.8,296.6,53.8,13.1,5.7,0,0000
T,2014,08,29,22,08,44
B,262781,33282,157,3447,160366,7950,142,3447,980.0,300.8
G,3180964,216679,89,3447,1875092,48267,91,3447,980.0,300.8
R,1287338,91867,5381,3447,762022,36201,5258,3447,980.0,300.8
D,NBXX,9999,7.325e-5,5.095e-5,3.107e-5,8.927e-6,7.785e-6,5.833e-6
Y,191703,980.0,300.8,296.6,52.3,13.1,5.7,0,0000
T,2014,08,29,22,13,44
B,264778,32181,147,3447,160680,8008,161,3448,980.0,300.8
G,3181880,210228,103,3447,1882334,47434,104,3448,980.0,300.8
R,1290294,89613,5295,3447,765427,36149,5105,3448,980.0,300.8
D,NBXX,9999,6.906e-5,4.892e-5,2.975e-5,8.889e-6,7.508e-6,5.932e-6
Y,191758,980.0,300.8,296.6,53.1,13.1,5.7,0,0000
T,2014,08,29,22,18,44
B,264403,32228,159,3447,160521,7850,145,3447,980.0,300.8
G,3181718,211290,123,3447,1874730,46909,111,3447,980.0,300.8
R,1289900,89223,5277,3447,763139,35680,5214,3447,980.0,300.8
D,NBXX,9999,6.936e-5,4.924e-5,2.946e-5,8.457e-6,7.340e-6,5.589e-6
Y,191749,980.0,300.8,296.6,53.6,13.1,5.7,0,0000
T,2014,08,29,22,23,44
B,263513,32613,138,3448,159812,7988,147,3447,980.1,300.8
G,3182838,211087,96,3448,1879700,47321,119,3447,980.1,300.8
R,1288016,89319,5286,3448,763995,36115,5380,3447,980.1,300.8
D,NBXX,9999,7.095e-5,4.916e-5,2.946e-5,9.036e-6,7.474e-6,5.758e-6
Y,191761,980.1,300.8,296.5,53.4,13.1,5.7,0,0000
T,2014,08,29,22,28,44
B,264340,31952,149,3447,159631,8035,133,3447,980.1,300.8
G,3181832,208713,102,3447,1878479,47024,114,3447,980.1,300.8
R,1285926,88115,5352,3447,763416,35993,5486,3447,980.1,300.8
D,NBXX,9999,6.861e-5,4.845e-5,2.867e-5,9.110e-6,7.382e-6,5.578e-6
Y,191756,980.1,300.8,296.5,53.3,13.1,5.7,0,0000
T,2014,08,29,22,33,44
B,263911,32127,131,3447,159826,7784,145,3448,980.1,300.7
G,3184005,208263,100,3447,1883228,47203,123,3448,980.1,300.7
R,1288756,88545,5226,3447,763981,35538,5361,3448,980.1,300.7
D,NBXX,9999,6.933e-5,4.826e-5,2.901e-5,8.389e-6,7.421e-6,5.441e-6
Y,191887,980.1,300.7,296.5,53.3,13.1,5.7,0,0000
T,2014,08,29,22,38,44
B,264353,32704,144,3447,160252,7945,148,3447,980.2,300.7
G,3180162,210572,106,3447,1879545,46738,85,3447,980.2,300.7
R,1287460,89157,5475,3447,764450,36243,5190,3447,980.2,300.7
D,NBXX,9999,7.089e-5,4.907e-5,2.935e-5,8.796e-6,7.310e-6,5.825e-6
Y,191655,980.2,300.7,296.5,53.4,13.1,5.7,0,0000
T,2014,08,29,22,43,44
B,263588,32288,153,3447,160698,7850,136,3447,980.2,300.7
G,3183561,212194,125,3447,1884579,47108,101,3447,980.2,300.7
R,1288790,89211,5339,3447,764040,36000,5212,3447,980.2,300.7
D,NBXX,9999,6.990e-5,4.949e-5,2.942e-5,8.582e-6,7.396e-6,5.742e-6
Y,191860,980.2,300.7,296.5,53.4,13.1,5.7,0,0000
T,2014,08,29,22,48,44
B,263165,32708,145,3448,159014,7974,145,3447,980.3,300.7
G,3186692,212488,119,3448,1880072,47304,91,3447,980.3,300.7
R,1289581,89299,5293,3448,763229,35848,5114,3447,980.3,300.7
D,NBXX,9999,7.136e-5,4.952e-5,2.954e-5,9.006e-6,7.453e-6,5.748e-6
Y,191994,980.3,300.7,296.5,53.3,13.1,5.7,0,0000
T,2014,08,29,22,53,44
B,263626,32465,146,3447,160284,7968,124,3447,980.3,300.7
G,3176091,211867,109,3447,1877825,47844,93,3447,980.3,300.7
R,1288376,89618,5264,3447,760349,35778,5121,3447,980.3,300.7
D,NBXX,9999,7.050e-5,4.955e-5,2.980e-5,9.011e-6,7.668e-6,5.729e-6
Y,191408,980.3,300.7,296.4,53.3,13.1,5.7,0,0000
T,2014,08,29,22,58,44
B,263623,32717,140,3447,159174,7873,125,3448,980.3,300.7
G,3184201,213196,117,3447,1878235,47540,91,3448,980.3,300.7
R,1289364,89673,5074,3447,765428,35895,5464,3448,980.3,300.7
D,NBXX,9999,7.130e-5,4.979e-5,2.969e-5,8.729e-6,7.530e-6,5.675e-6
Y,191899,980.3,300.7,296.4,53.0,13.1,5.7,0,0000
T,2014,08,29,23,03,44
B,263643,32872,125,3447,161033,7740,139,3447,980.4,300.6
G,3181955,212104,101,3447,1879903,47676,124,3447,980.4,300.6
R,1286721,88397,5194,3447,765024,36165,5165,3447,980.4,300.6
D,NBXX,9999,7.177e-5,4.949e-5,2.913e-5,8.327e-6,7.580e-6,6.004e-6
Y,191763,980.4,300.6,296.4,52.3,13.1,5.7,0,0000
T,2014,08,29,23,08,44
B,263822,32175,132,3448,160781,7857,152,3447,980.5,300.6
G,3185705,208784,112,3448,1879726,46541,83,3447,980.5,300.6
R,1290000,88031,5162,3448,763028,35913,5084,3447,980.5,300.6
D,NBXX,9999,6.948e-5,4.840e-5,2.886e-5,8.608e-6,7.226e-6,5.898e-6
Y,191934,980.5,300.6,296.4,52.5,13.1,5.7,0,0000
T,2014,08,29,23,13,44
B,264682,31401,125,3447,160445,7832,142,3447,980.5,300.6
G,3183419,207274,110,3447,1876665,46277,81,3447,980.5,300.6
R,1287023,87208,5157,3447,763760,35602,5164,3447,980.5,300.6
D,NBXX,9999,6.684e-5,4.798e-5,2.841e-5,8.509e-6,7.152e-6,5.681e-6
Y,191852,980.5,300.6,296.4,52.6,13.1,5.7,0,0000
T,2014,08,29,23,18,44
B,265469,31249,145,3447,158955,7747,127,3448,980.6,300.6
G,3183720,204206,117,3447,1878262,46062,102,3448,980.6,300.6
R,1288041,86890,5108,3447,763371,35283,5138,3448,980.6,300.6
D,NBXX,9999,6.605e-5,4.701e-5,2.823e-5,8.141e-6,7.070e-6,5.522e-6
Y,191870,980.6,300.6,296.4,52.6,13.1,5.7,0,0000
T,2014,08,29,23,23,44
B,263201,30786,138,3447,160547,7697,132,3447,980.5,300.6
G,3181317,201607,115,3447,1876647,45679,93,3447,980.5,300.6
R,1287885,85654,5127,3447,763037,35226,5185,3447,980.5,300.6
D,NBXX,9999,6.547e-5,4.626e-5,2.743e-5,8.211e-6,6.970e-6,5.447e-6
Y,191724,980.5,300.6,296.4,52.5,13.1,5.7,0,0000
T,2014,08,29,23,28,44
B,262866,30507,158,3448,160239,7529,157,3447,980.5,300.6
G,3181981,200604,113,3448,1878129,45405,100,3447,980.5,300.6
R,1288792,85659,5199,3448,763390,35163,5080,3447,980.5,300.6
D,NBXX,9999,6.457e-5,4.593e-5,2.743e-5,7.565e-6,6.884e-6,5.427e-6
Y,191709,980.5,300.6,296.4,52.6,13.1,5.7,0,0000
T,2014,08,29,23,33,44
B,262993,30698,185,3447,160271,7652,161,3447,980.6,300.6
G,3183907,197636,161,3447,1877127,45396,98,3447,980.6,300.6
R,1290119,84034,5034,3447,761940,34591,5145,3447,980.6,300.6
D,NBXX,9999,6.498e-5,4.496e-5,2.645e-5,7.803e-6,6.852e-6,5.126e-6
Y,191881,980.6,300.6,296.4,52.6,13.1,5.7,0,0000
T,2014,08,29,23,38,44
B,264645,30704,142,3447,160878,7637,148,3448,980.5,300.6
G,3185352,198971,127,3447,1877501,45368,85,3448,980.5,300.6
R,1288393,84933,5022,3447,760860,34841,4992,3448,980.5,300.6
D,NBXX,9999,6.463e-5,4.536e-5,2.718e-5,7.824e-6,6.850e-6,5.412e-6
Y,191968,980.5,300.6,296.4,52.8,13.1,5.7,0,0000
T,2014,08,29,23,43,44
B,263949,30615,144,3447,159341,7604,130,3447,980.5,300.6
G,3183467,199678,86,3447,1878600,45643,96,3447,980.5,300.6
R,1288576,85128,5072,3447,760743,35057,5066,3447,980.5,300.6
D,NBXX,9999,6.466e-5,4.562e-5,2.721e-5,7.845e-6,6.958e-6,5.459e-6
Y,191854,980.5,300.6,296.3,52.8,13.1,5.7,0,0000
T,2014,08,29,23,48,44
B,264378,31669,142,3448,160242,7631,140,3447,980.5,300.6
G,3190037,205495,131,3448,1880425,46195,82,3447,980.5,300.6
R,1286640,86600,4957,3448,761752,35457,5068,3447,980.5,300.6
D,NBXX,9999,6.773e-5,4.729e-5,2.826e-5,7.870e-6,7.093e-6,5.813e-6
Y,192196,980.5,300.6,296.4,52.8,13.1,5.7,0,0000
T,2014,08,29,23,53,44
B,264147,31772,153,3447,159546,7831,143,3447,980.6,300.6
G,3183575,206516,117,3447,1877054,46269,86,3447,980.6,300.6
R,1287066,87020,5142,3447,762261,35140,4978,3447,980.6,300.6
D,NBXX,9999,6.805e-5,4.774e-5,2.844e-5,8.435e-6,7.144e-6,5.540e-6
Y,191861,980.6,300.6,296.4,53.1,13.1,5.7,0,0000
T,2014,08,29,23,58,44
B,264481,31214,129,3447,159659,7821,146,3448,980.6,300.6
G,3184904,201917,118,3447,1873070,45878,113,3448,980.6,300.6
R,1286144,85521,5098,3447,762825,35171,5071,3448,980.6,300.6
D,NBXX,9999,6.629e-5,4.627e-5,2.751e-5,8.443e-6,7.003e-6,5.529e-6
Y,191941,980.6,300.6,296.4,53.3,13.1,5.7,0,0000
