T,2014,09,08,00,03,06
B,265108,18243,186,3447,160271,6007,187,3447,979.3,303.5
G,3093800,108839,166,3447,1828079,31235,157,3447,979.3,303.5
R,1285702,66270,8230,3447,760907,36599,7962,3447,979.3,303.5
D,NBXX,9999,2.616e-5,1.849e-5,1.146e-5,2.615e-6,2.771e-6,2.145e-6
Y,186431,979.3,303.5,299.3,64.5,13.1,5.7,0,0000
T,2014,09,08,00,08,06
B,264346,18208,187,3447,159666,6189,212,3448,979.2,303.5
G,3095897,108010,160,3447,1825988,31317,130,3448,979.2,303.5
R,1283874,65192,8120,3447,760769,36813,7966,3448,979.2,303.5
D,NBXX,9999,2.612e-5,1.822e-5,1.091e-5,3.127e-6,2.800e-6,2.364e-6
Y,186557,979.2,303.5,299.3,64.6,13.1,5.7,0,0000
T,2014,09,08,00,13,06
B,265357,18221,215,3447,159960,6190,221,3447,979.2,303.5
G,3097625,109969,173,3447,1830438,31637,143,3447,979.2,303.5
R,1283126,66630,7930,3447,761786,36948,8409,3447,979.2,303.5
D,NBXX,9999,2.582e-5,1.881e-5,1.163e-5,2.936e-6,2.890e-6,2.278e-6
Y,186662,979.2,303.5,299.3,64.6,13.1,5.7,0,0000
T,2014,09,08,00,18,06
B,264418,18328,213,3448,160661,6199,200,3447,979.1,303.5
G,3096640,110067,168,3448,1826715,31863,163,3447,979.1,303.5
R,1283217,66861,7935,3448,762615,37038,7962,3447,979.1,303.5
D,NBXX,9999,2.642e-5,1.885e-5,1.209e-5,3.113e-6,2.962e-6,2.655e-6
Y,186548,979.1,303.5,299.3,64.8,13.1,5.7,0,0000
T,2014,09,08,00,23,06
B,264156,18298,225,3447,160594,5895,227,3447,979.1,303.5
G,3100503,109331,149,3447,1828090,31563,165,3447,979.1,303.5
R,1284885,66064,7848,3447,761925,36467,7954,3447,979.1,303.5
D,NBXX,9999,2.625e-5,1.858e-5,1.163e-5,2.049e-6,2.858e-6,2.351e-6
Y,186836,979.1,303.5,299.3,65.0,13.1,5.7,0,0000
T,2014,09,08,00,28,06
B,261050,18187,202,3395,157748,5908,205,3396,979.1,303.4
G,3049778,107025,169,3395,1791131,30863,151,3396,979.1,303.4
R,1265991,64761,7846,3395,745886,35914,7747,3396,979.1,303.4
D,NBXX,9999,2.671e-5,1.838e-5,1.140e-5,2.444e-6,2.778e-6,2.318e-6
Y,186593,979.1,303.4,299.3,64.8,13.1,5.7,0,0008
T,2014,09,08,00,33,06
B,264666,18379,239,3447,159583,6109,193,3447,979.1,303.4
G,3099238,109705,170,3447,1822436,30996,147,3447,979.1,303.4
R,1285942,65168,8093,3447,757563,36325,7962,3447,979.1,303.4
D,NBXX,9999,2.646e-5,1.868e-5,1.087e-5,2.747e-6,2.667e-6,2.072e-6
Y,186759,979.1,303.4,299.3,64.8,13.1,5.7,0,0000
T,2014,09,08,00,38,06
B,265744,18259,244,3448,159461,5939,206,3447,979.1,303.4
G,3095761,108653,161,3448,1823329,31389,119,3447,979.1,303.4
R,1286551,65336,7871,3448,758168,36862,7942,3447,979.1,303.4
D,NBXX,9999,2.581e-5,1.840e-5,1.113e-5,2.097e-6,2.820e-6,2.577e-6
Y,186495,979.1,303.4,299.3,65.0,13.1,5.7,0,0000
T,2014,09,08,00,43,06
B,265100,18301,219,3447,160120,6081,189,3447,979.1,303.4
G,3094638,108508,164,3447,1826330,30917,129,3447,979.1,303.4
R,1282520,65597,8007,3447,760169,36354,7981,3447,979.1,303.4
D,NBXX,9999,2.622e-5,1.836e-5,1.126e-5,2.718e-6,2.665e-6,2.168e-6
Y,186481,979.1,303.4,299.3,65.0,13.1,5.7,0,0000
T,2014,09,08,00,48,06
B,264487,18241,212,3447,159174,5925,229,3448,979.1,303.4
G,3100293,108170,143,3447,1820926,31327,141,3448,979.1,303.4
R,1285169,65558,8074,3447,757757,36292,8012,3448,979.1,303.4
D,NBXX,9999,2.604e-5,1.819e-5,1.111e-5,2.155e-6,2.778e-6,2.031e-6
Y,186823,979.1,303.4,299.3,65.0,13.1,5.7,0,0000
T,2014,09,08,00,53,06
B,264887,18716,189,3447,160585,6275,184,3447,979.1,303.4
G,3093338,109990,170,3447,1826515,31393,159,3447,979.1,303.4
R,1282806,66166,7973,3447,759927,36523,8075,3447,979.1,303.4
D,NBXX,9999,2.766e-5,1.884e-5,1.156e-5,3.453e-6,2.808e-6,2.227e-6
Y,186403,979.1,303.4,299.3,65.0,13.1,5.7,0,0000
T,2014,09,08,00,58,06
B,264999,19311,234,3448,159926,6074,184,3447,979.1,303.4
G,3099333,114861,150,3448,1824434,32313,159,3447,979.1,303.4
R,1283692,67192,7977,3448,760267,36530,8173,3447,979.1,303.4
D,NBXX,9999,2.931e-5,2.033e-5,1.210e-5,2.673e-6,3.092e-6,2.155e-6
Y,186711,979.1,303.4,299.3,65.0,13.1,5.7,0,0000
T,2014,09,08,01,03,06
B,264077,18853,154,3447,160466,6227,231,3447,979.0,303.4
G,3098303,112934,199,3447,1821563,31987,160,3447,979.0,303.4
R,1285402,67309,8156,3447,759663,37111,7975,3447,979.0,303.4
D,NBXX,9999,2.821e-5,1.971e-5,1.215e-5,3.317e-6,2.970e-6,2.508e-6
Y,186703,979.0,303.4,299.3,65.0,13.1,5.7,0,0000
T,2014,09,08,01,08,06
B,265256,17926,216,3447,160668,6126,204,3448,979.0,303.4
G,3099659,107034,169,3447,1826099,31398,206,3448,979.0,303.4
R,1284502,65502,8093,3447,759576,36067,7970,3448,979.0,303.4
D,NBXX,9999,2.499e-5,1.781e-5,1.110e-5,2.798e-6,2.769e-6,1.915e-6
Y,186785,979.0,303.4,299.3,65.0,13.1,5.7,0,0000
T,2014,09,08,01,13,06
B,265107,17243,204,3447,159896,6117,214,3447,979.0,303.4
G,3091644,103087,184,3447,1823265,30143,212,3447,979.0,303.4
R,1281960,63731,7908,3447,758467,35932,7947,3447,979.0,303.4
D,NBXX,9999,2.293e-5,1.663e-5,1.021e-5,2.792e-6,2.389e-6,2.007e-6
Y,186300,979.0,303.4,299.3,65.0,13.1,5.7,0,0000
T,2014,09,08,01,18,06
B,263889,17173,199,3448,159454,6123,186,3447,979.0,303.4
G,3099753,100627,134,3448,1816474,30160,145,3447,979.0,303.4
R,1281993,63225,8190,3448,757697,35893,7938,3447,979.0,303.4
D,NBXX,9999,2.307e-5,1.580e-5,9.704e-6,3.014e-6,2.416e-6,1.791e-6
Y,186736,979.0,303.4,299.3,65.0,13.2,5.7,0,0000
T,2014,09,08,01,23,06
B,265143,17212,195,3447,160521,6060,197,3447,979.0,303.4
G,3098989,102432,150,3447,1828886,30521,149,3447,979.0,303.4
R,1283284,63180,8050,3447,761665,36094,7906,3447,979.0,303.4
D,NBXX,9999,2.292e-5,1.637e-5,9.773e-6,2.708e-6,2.523e-6,2.023e-6
Y,186744,979.0,303.4,299.3,65.0,13.1,5.7,0,0000
T,2014,09,08,01,28,06
B,265689,17579,214,3447,160671,5876,235,3448,979.0,303.5
G,3098883,105154,157,3447,1819801,30541,139,3448,979.0,303.5
R,1283347,64586,7979,3447,760179,36389,7906,3448,979.0,303.5
D,NBXX,9999,2.377e-5,1.727e-5,1.069e-5,1.915e-6,2.541e-6,2.251e-6
Y,186738,979.0,303.5,299.3,65.0,13.1,5.7,0,0000
T,2014,09,08,01,33,06
B,263827,17793,196,3447,159885,5874,207,3447,979.0,303.5
G,3096029,105570,147,3447,1821543,30978,134,3447,979.0,303.5
R,1282421,64929,7911,3447,758537,36303,7945,3447,979.0,303.5
D,NBXX,9999,2.496e-5,1.744e-5,1.094e-5,2.194e-6,2.698e-6,2.232e-6
Y,186565,979.0,303.5,299.4,65.0,13.1,5.7,0,0000
T,2014,09,08,01,38,06
B,264636,18485,185,3447,160022,6181,221,3447,979.0,303.5
G,3094088,107684,180,3447,1824571,31494,188,3447,979.0,303.5
R,1284188,65318,7899,3447,761087,36442,7913,3447,979.0,303.5
D,NBXX,9999,2.691e-5,1.810e-5,1.117e-5,3.077e-6,2.836e-6,2.334e-6
Y,186448,979.0,303.5,299.4,65.0,13.1,5.7,0,0000
T,2014,09,08,01,43,06
B,265470,18883,218,3448,159876,6181,195,3447,979.1,303.6
G,3099318,112286,175,3448,1825176,31842,177,3447,979.1,303.6
R,1284130,66195,7816,3448,761713,36555,7913,3447,979.1,303.6
D,NBXX,9999,2.791e-5,1.952e-5,1.177e-5,2.988e-6,2.939e-6,2.469e-6
Y,186710,979.1,303.6,299.4,65.0,13.2,5.7,0,0000
T,2014,09,08,01,48,06
B,264266,18470,193,3447,160428,6149,208,3447,979.1,303.6
G,3097496,111156,186,3447,1819836,31416,177,3447,979.1,303.6
R,1281865,66333,8102,3447,758660,36658,7845,3447,979.1,303.6
D,NBXX,9999,2.694e-5,1.917e-5,1.176e-5,3.007e-6,2.802e-6,2.391e-6
Y,186654,979.1,303.6,299.5,64.8,13.1,5.7,0,0000
T,2014,09,08,01,53,06
B,264879,18129,205,3447,160565,6074,169,3448,979.1,303.6
G,3100670,108033,173,3447,1818428,31091,157,3448,979.1,303.6
R,1283996,65625,8090,3447,758229,36721,8108,3448,979.1,303.6
D,NBXX,9999,2.585e-5,1.816e-5,1.109e-5,2.827e-6,2.698e-6,2.226e-6
Y,186846,979.1,303.6,299.5,64.8,13.1,5.7,0,0000
T,2014,09,08,01,58,06
B,264102,18030,241,3447,159541,6028,209,3447,979.0,303.7
G,3097334,107020,176,3447,1823704,31086,151,3447,979.0,303.7
R,1283457,65286,8091,3447,761459,36581,8099,3447,979.0,303.7
D,NBXX,9999,2.547e-5,1.787e-5,1.090e-5,2.483e-6,2.711e-6,2.155e-6
Y,186644,979.0,303.7,299.5,64.8,13.1,5.7,0,0000
T,2014,09,08,02,03,06
B,264921,17697,219,3448,160129,5964,191,3447,979.0,303.7
G,3099751,106221,153,3448,1824885,31124,113,3447,979.0,303.7
R,1284287,65290,8076,3448,759449,36845,8231,3447,979.0,303.7
D,NBXX,9999,2.442e-5,1.761e-5,1.080e-5,2.382e-6,2.741e-6,2.232e-6
Y,186736,979.0,303.7,299.6,64.6,13.1,5.7,0,0000
T,2014,09,08,02,08,06
B,264998,17763,228,3447,160246,5829,200,3447,979.0,303.7
G,3097931,104738,184,3447,1824876,30500,178,3447,979.0,303.7
R,1283680,64537,8285,3447,760753,36875,8248,3447,979.0,303.7
D,NBXX,9999,2.454e-5,1.712e-5,1.019e-5,1.893e-6,2.509e-6,2.088e-6
Y,186680,979.0,303.7,299.6,64.6,13.1,5.7,0,0000
T,2014,09,08,02,13,06
B,264846,17438,228,3447,160533,5898,206,3448,979.0,303.8
G,3102458,103794,160,3447,1822470,30357,164,3448,979.0,303.8
R,1286798,64992,8192,3447,759294,36748,8227,3448,979.0,303.8
D,NBXX,9999,2.355e-5,1.679e-5,1.048e-5,2.088e-6,2.461e-6,2.060e-6
Y,186954,979.0,303.8,299.6,64.5,13.1,5.7,0,0000
T,2014,09,08,02,18,06
B,265928,17457,189,3447,160587,6046,184,3447,979.1,303.9
G,3098800,104653,177,3447,1822133,30603,153,3447,979.1,303.9
R,1287231,65012,8436,3447,758002,37211,8264,3447,979.1,303.9
D,NBXX,9999,2.361e-5,1.710e-5,1.028e-5,2.695e-6,2.551e-6,2.146e-6
Y,186733,979.1,303.9,299.7,64.3,13.1,5.7,0,0000
T,2014,09,08,02,23,06
B,265649,17701,215,3448,159616,6045,235,3447,979.1,303.9
G,3099653,105236,151,3448,1820097,30633,185,3447,979.1,303.9
R,1288339,64831,8311,3448,761373,37037,8485,3447,979.1,303.9
D,NBXX,9999,2.414e-5,1.727e-5,1.008e-5,2.442e-6,2.559e-6,1.965e-6
Y,186730,979.1,303.9,299.7,64.0,13.1,5.7,0,0000
T,2014,09,08,02,28,06
B,266210,17738,217,3447,159576,6043,223,3447,979.1,304.0
G,3098001,105167,179,3447,1824709,30632,150,3447,979.1,304.0
R,1286385,65889,8198,3447,761989,36851,8320,3447,979.1,304.0
D,NBXX,9999,2.418e-5,1.727e-5,1.097e-5,2.430e-6,2.564e-6,2.061e-6
Y,186685,979.1,304.0,299.8,63.8,13.1,5.7,0,0000
T,2014,09,08,02,33,06
B,265985,17994,201,3447,160732,5951,243,3448,979.1,304.0
G,3098387,105235,182,3447,1822892,30610,150,3448,979.1,304.0
R,1288853,65552,8418,3447,761304,37505,8396,3448,979.1,304.0
D,NBXX,9999,2.500e-5,1.729e-5,1.050e-5,2.144e-6,2.551e-6,2.226e-6
Y,186708,979.1,304.0,299.8,63.5,13.1,5.7,0,0000
T,2014,09,08,02,38,06
B,266372,17814,212,3447,159780,5823,220,3447,979.1,304.1
G,3097547,105497,149,3447,1826220,30643,156,3447,979.1,304.1
R,1288456,66489,8759,3447,761384,37457,8464,3447,979.1,304.1
D,NBXX,9999,2.441e-5,1.739e-5,1.079e-5,1.776e-6,2.577e-6,1.912e-6
Y,186657,979.1,304.1,299.8,63.3,13.1,5.7,0,0000
T,2014,09,08,02,43,06
B,265139,17972,237,3448,161110,6044,237,3447,979.1,304.1
G,3100788,106257,168,3448,1826291,30478,191,3447,979.1,304.1
R,1289129,67182,8567,3448,762236,37384,8744,3447,979.1,304.1
D,NBXX,9999,2.499e-5,1.758e-5,1.114e-5,2.386e-6,2.498e-6,1.803e-6
Y,186799,979.1,304.1,299.9,63.2,13.1,5.7,0,0000
T,2014,09,08,02,48,06
B,264640,17880,223,3447,160287,5996,216,3447,979.0,304.1
G,3096393,106083,162,3447,1818768,30546,155,3447,979.0,304.1
R,1286127,66961,8592,3447,761982,37871,8751,3447,979.0,304.1
D,NBXX,9999,2.496e-5,1.759e-5,1.105e-5,2.403e-6,2.546e-6,2.101e-6
Y,186587,979.0,304.1,299.8,63.3,13.1,5.7,0,0000
T,2014,09,08,02,53,06
B,265754,17624,213,3447,160686,5913,254,3448,979.0,304.0
G,3098325,105833,166,3447,1822657,30341,129,3448,979.0,304.0
R,1286875,66572,8723,3447,759738,37701,8776,3448,979.0,304.0
D,NBXX,9999,2.386e-5,1.749e-5,1.069e-5,1.974e-6,2.480e-6,1.873e-6
Y,186704,979.0,304.0,299.8,63.5,13.1,5.7,0,0000
T,2014,09,08,02,58,06
B,265113,17363,219,3447,159946,5963,238,3447,979.0,304.0
G,3097957,104511,185,3447,1816665,30527,208,3447,979.0,304.0
R,1287045,66020,8772,3447,759475,37817,8820,3447,979.0,304.0
D,NBXX,9999,2.322e-5,1.704e-5,1.027e-5,2.208e-6,2.506e-6,1.881e-6
Y,186682,979.0,304.0,299.8,63.5,13.1,5.7,0,0000
T,2014,09,08,03,03,06
B,265704,17124,217,3448,159475,5918,219,3447,978.9,303.9
G,3097837,103212,183,3448,1821515,29839,178,3447,978.9,303.9
R,1284685,65810,9056,3448,761229,37731,8817,3447,978.9,303.9
D,NBXX,9999,2.244e-5,1.664e-5,9.998e-6,2.113e-6,2.302e-6,1.651e-6
Y,186620,978.9,303.9,299.7,63.8,13.1,5.7,0,0000
T,2014,09,08,03,08,06
B,265023,16999,212,3447,160507,5793,249,3447,978.9,303.9
G,3094214,99472,176,3447,1818854,29874,190,3447,978.9,303.9
R,1286455,65213,8742,3447,759813,37797,8836,3447,978.9,303.9
D,NBXX,9999,2.210e-5,1.548e-5,9.803e-6,1.677e-6,2.320e-6,1.884e-6
Y,186456,978.9,303.9,299.7,63.8,13.1,5.7,0,0000
T,2014,09,08,03,13,06
B,265384,16790,208,3447,160221,5871,190,3448,978.9,303.8
G,3093658,99475,178,3447,1816249,29775,164,3448,978.9,303.8
R,1286119,65516,8642,3447,759564,37559,8640,3448,978.9,303.8
D,NBXX,9999,2.159e-5,1.550e-5,1.021e-5,2.100e-6,2.296e-6,1.947e-6
Y,186422,978.9,303.8,299.6,64.0,13.1,5.7,0,0000
T,2014,09,08,03,18,06
B,264204,16775,230,3447,159495,5738,237,3447,978.9,303.8
G,3091473,100069,195,3447,1818161,29473,162,3447,978.9,303.8
R,1283829,64246,8699,3447,760329,37381,8675,3447,978.9,303.8
D,NBXX,9999,2.152e-5,1.571e-5,9.408e-6,1.522e-6,2.203e-6,1.795e-6
Y,186290,978.9,303.8,299.5,64.2,13.1,5.7,0,0000
T,2014,09,08,03,23,06
B,265067,16626,195,3448,159916,5941,205,3447,978.9,303.7
G,3091238,99146,171,3448,1815827,29469,165,3447,978.9,303.7
R,1285366,64297,8650,3448,758856,37626,8621,3447,978.9,303.7
D,NBXX,9999,2.113e-5,1.542e-5,9.478e-6,2.338e-6,2.213e-6,2.013e-6
Y,186221,978.9,303.7,299.5,64.3,13.1,5.7,0,0000
T,2014,09,08,03,28,06
B,264814,16723,242,3447,159550,5949,216,3447,978.9,303.6
G,3087417,98941,196,3447,1820411,29821,172,3447,978.9,303.6
R,1283049,64245,8593,3447,762745,37096,8683,3447,978.9,303.6
D,NBXX,9999,2.128e-5,1.538e-5,9.494e-6,2.166e-6,2.323e-6,1.696e-6
Y,186045,978.9,303.6,299.4,64.6,13.1,5.7,0,0000
T,2014,09,08,03,33,06
B,264225,16638,235,3447,161556,5945,233,3448,978.9,303.5
G,3090234,98114,155,3447,1823114,29305,157,3448,978.9,303.5
R,1285634,63875,8478,3447,760934,36703,8431,3448,978.9,303.5
D,NBXX,9999,2.109e-5,1.511e-5,9.474e-6,2.150e-6,2.168e-6,1.691e-6
Y,186215,978.9,303.5,299.3,64.8,13.1,5.7,0,0000
T,2014,09,08,03,38,06
B,264928,16706,244,3447,159658,5816,193,3447,978.9,303.5
G,3091038,99992,181,3447,1817611,29634,163,3447,978.9,303.5
R,1284348,64643,8349,3447,757866,36928,8428,3447,978.9,303.5
D,NBXX,9999,2.128e-5,1.569e-5,1.006e-5,1.825e-6,2.261e-6,1.940e-6
Y,186264,978.9,303.5,299.2,65.0,13.1,5.7,0,0000
T,2014,09,08,03,43,06
B,264617,16878,245,3447,159686,5797,226,3447,978.8,303.4
G,3091268,101500,167,3447,1819121,29639,143,3447,978.8,303.4
R,1282448,64456,8332,3447,757835,36661,8154,3447,978.8,303.4
D,NBXX,9999,2.172e-5,1.615e-5,1.020e-5,1.651e-6,2.261e-6,2.000e-6
Y,186277,978.8,303.4,299.2,65.1,13.1,5.7,0,0000
T,2014,09,08,03,48,06
B,264232,16878,213,3448,160058,5899,245,3447,978.8,303.4
G,3088003,101942,184,3448,1818477,29670,142,3447,978.8,303.4
R,1280378,64688,8352,3448,757509,36590,8226,3447,978.8,303.4
D,NBXX,9999,2.184e-5,1.632e-5,1.032e-5,2.040e-6,2.278e-6,1.912e-6
Y,186026,978.8,303.4,299.1,65.3,13.1,5.7,0,0000
T,2014,09,08,03,53,06
B,264756,17160,242,3447,160259,5838,180,3447,978.7,303.3
G,3089881,103444,185,3447,1818155,30082,158,3447,978.7,303.3
R,1280996,65088,8249,3447,758492,36427,8307,3447,978.7,303.3
D,NBXX,9999,2.273e-5,1.678e-5,1.057e-5,1.943e-6,2.395e-6,1.817e-6
Y,186194,978.7,303.3,299.1,65.3,13.1,5.7,0,0000
T,2014,09,08,03,58,06
B,264671,17152,211,3447,160268,5859,194,3448,978.7,303.3
G,3089352,104036,143,3447,1821457,29885,171,3448,978.7,303.3
R,1280756,65460,8057,3447,760467,36286,8027,3448,978.7,303.3
D,NBXX,9999,2.278e-5,1.698e-5,1.115e-5,2.069e-6,2.341e-6,2.067e-6
Y,186162,978.7,303.3,299.1,65.3,13.1,5.7,0,0000
T,2014,09,08,04,03,06
B,264746,17341,232,3447,159555,5878,200,3447,978.7,303.2
G,3088980,105575,179,3447,1819549,30414,157,3447,978.7,303.2
R,1285006,66002,8167,3447,758210,36549,8089,3447,978.7,303.2
D,NBXX,9999,2.325e-5,1.747e-5,1.126e-5,2.031e-6,2.506e-6,2.074e-6
Y,186139,978.7,303.2,299.0,65.5,13.1,5.7,0,0000
T,2014,09,08,04,08,06
B,265163,17488,224,3448,160237,5923,172,3447,978.7,303.2
G,3090224,107352,152,3448,1814765,30340,164,3447,978.7,303.2
R,1280472,66203,8045,3448,757427,35923,8060,3447,978.7,303.2
D,NBXX,9999,2.375e-5,1.803e-5,1.160e-5,2.277e-6,2.489e-6,1.839e-6
Y,186160,978.7,303.2,299.0,65.6,13.1,5.7,0,0000
T,2014,09,08,04,13,06
B,265840,17798,234,3447,160102,5969,219,3447,978.8,303.2
G,3092949,109008,140,3447,1814325,30262,158,3447,978.8,303.2
R,1282270,66990,7963,3447,755050,36227,7796,3447,978.8,303.2
D,NBXX,9999,2.437e-5,1.854e-5,1.229e-5,2.167e-6,2.459e-6,2.256e-6
Y,186379,978.8,303.2,299.0,65.6,13.1,5.7,0,0000
T,2014,09,08,04,18,06
B,264908,18076,208,3447,160014,5999,217,3448,978.8,303.2
G,3091796,111795,124,3447,1815777,30744,161,3448,978.8,303.2
R,1281819,68145,7952,3447,755699,36238,7869,3448,978.8,303.2
D,NBXX,9999,2.551e-5,1.945e-5,1.297e-5,2.413e-6,2.619e-6,2.217e-6
Y,186309,978.8,303.2,299.0,65.8,13.1,5.7,0,0000
T,2014,09,08,04,23,06
B,265732,18464,194,3447,159732,6048,212,3447,978.8,303.1
G,3089481,115148,180,3447,1819089,31174,135,3447,978.8,303.1
R,1280942,68290,7965,3447,758521,36357,7808,3447,978.8,303.1
D,NBXX,9999,2.657e-5,2.053e-5,1.312e-5,2.569e-6,2.755e-6,2.338e-6
Y,186169,978.8,303.1,298.9,65.9,13.1,5.7,0,0000
T,2014,09,08,04,28,06
B,265078,19061,209,3448,160435,5981,187,3447,978.8,303.1
G,3092278,117461,147,3448,1824843,31218,113,3447,978.8,303.1
R,1281724,69827,7659,3448,759246,36018,7747,3447,978.8,303.1
D,NBXX,9999,2.857e-5,2.126e-5,1.431e-5,2.446e-6,2.784e-6,2.390e-6
Y,186284,978.8,303.1,298.9,65.9,13.1,5.7,0,0000
T,2014,09,08,04,33,06
B,264541,19111,190,3447,160280,5961,196,3447,978.8,303.1
G,3095029,120596,149,3447,1819616,31651,160,3447,978.8,303.1
R,1282735,70737,7842,3447,759375,36520,7905,3447,978.8,303.1
D,NBXX,9999,2.888e-5,2.221e-5,1.461e-5,2.450e-6,2.892e-6,2.442e-6
Y,186505,978.8,303.1,298.9,65.9,13.1,5.7,0,0000
T,2014,09,08,04,38,06
B,266060,19490,221,3447,160293,6096,224,3448,978.8,303.1
G,3092179,124645,162,3447,1828453,32099,140,3448,978.8,303.1
R,1280393,71989,7929,3447,759167,36563,7698,3448,978.8,303.1
D,NBXX,9999,2.950e-5,2.354e-5,1.553e-5,2.551e-6,3.044e-6,2.571e-6
Y,186333,978.8,303.1,298.9,65.8,13.1,5.7,0,0000
T,2014,09,08,04,43,06
B,263467,19592,211,3447,160483,6096,189,3447,978.8,303.1
G,3093490,124010,146,3447,1827602,31865,149,3447,978.8,303.1
R,1280723,71859,7754,3447,759767,36420,7764,3447,978.8,303.1
D,NBXX,9999,3.055e-5,2.332e-5,1.552e-5,2.886e-6,2.971e-6,2.562e-6
Y,186412,978.8,303.1,298.9,65.9,13.1,5.7,0,0000
T,2014,09,08,04,48,06
B,265020,19696,165,3448,160543,6131,195,3447,978.8,303.0
G,3097380,124635,165,3448,1815829,31617,166,3447,978.8,303.0
R,1281682,71613,7775,3448,755803,36341,7771,3447,978.8,303.0
D,NBXX,9999,3.066e-5,2.346e-5,1.532e-5,3.039e-6,2.868e-6,2.490e-6
Y,186593,978.8,303.0,298.8,65.9,13.1,5.7,0,0000
T,2014,09,08,04,53,06
B,265599,20311,237,3447,159920,6130,169,3447,978.8,303.0
G,3094925,127162,151,3447,1816767,32149,130,3447,978.8,303.0
R,1282960,72266,7418,3447,758378,36386,7698,3447,978.8,303.0
D,NBXX,9999,3.226e-5,2.431e-5,1.600e-5,2.829e-6,3.062e-6,2.810e-6
Y,186499,978.8,303.0,298.8,66.1,13.1,5.7,0,0000
T,2014,09,08,04,58,06
B,264116,20034,195,3447,160479,6059,195,3448,978.7,303.0
G,3094412,125104,156,3447,1825366,32346,145,3448,978.7,303.0
R,1282232,71889,7445,3447,757904,36285,7391,3448,978.7,303.0
D,NBXX,9999,3.180e-5,2.366e-5,1.598e-5,2.760e-6,3.116e-6,2.951e-6
Y,186468,978.7,303.0,298.8,66.1,13.1,5.7,0,0000
T,2014,09,08,05,03,06
B,264969,20039,210,3447,159770,6233,198,3447,978.7,303.0
G,3096520,126097,159,3447,1815698,32245,134,3447,978.7,303.0
R,1282263,72014,7780,3447,756463,36065,7655,3447,978.7,303.0
D,NBXX,9999,3.156e-5,2.395e-5,1.563e-5,3.180e-6,3.083e-6,2.389e-6
Y,186595,978.7,303.0,298.8,66.3,13.1,5.7,0,0000
T,2014,09,08,05,08,06
B,265760,20263,197,3448,159935,6272,184,3447,978.7,303.0
G,3092972,126781,169,3448,1825446,32072,159,3447,978.7,303.0
R,1282031,72041,7565,3448,757355,36221,7498,3447,978.7,303.0
D,NBXX,9999,3.216e-5,2.420e-5,1.592e-5,3.348e-6,3.029e-6,2.760e-6
Y,186326,978.7,303.0,298.8,66.3,13.1,5.7,0,0000
T,2014,09,08,05,13,06
B,265272,20309,213,3447,160123,6205,205,3447,978.7,303.0
G,3095815,127343,128,3447,1822792,32208,134,3447,978.7,303.0
R,1280672,72217,7595,3447,758310,36188,7722,3447,978.7,303.0
D,NBXX,9999,3.228e-5,2.437e-5,1.588e-5,3.038e-6,3.085e-6,2.564e-6
Y,186552,978.7,303.0,298.8,66.3,13.1,5.7,0,0000
T,2014,09,08,05,18,06
B,264855,20097,200,3447,160318,6157,192,3448,978.7,303.0
G,3094067,124024,164,3447,1818866,32017,142,3448,978.7,303.0
R,1281767,70636,7394,3447,757343,36096,7634,3448,978.7,303.0
D,NBXX,9999,3.182e-5,2.331e-5,1.508e-5,3.005e-6,3.010e-6,2.700e-6
Y,186447,978.7,303.0,298.8,66.1,13.1,5.7,0,0000
T,2014,09,08,05,23,06
B,265545,19577,184,3447,160927,6177,178,3447,978.8,303.0
G,3091833,119971,148,3447,1821000,31576,138,3447,978.8,303.0
R,1280682,69234,7398,3447,756206,35754,7614,3447,978.8,303.0
D,NBXX,9999,3.017e-5,2.206e-5,1.425e-5,3.133e-6,2.887e-6,2.514e-6
Y,186312,978.8,303.0,298.9,66.1,13.1,5.7,0,0000
T,2014,09,08,05,28,06
B,264897,19053,199,3448,160263,6016,203,3447,978.8,303.1
G,3098752,118790,143,3448,1826075,31114,171,3447,978.8,303.1
R,1282383,69013,7663,3448,758430,35728,7506,3447,978.8,303.1
D,NBXX,9999,2.856e-5,2.158e-5,1.396e-5,2.544e-6,2.710e-6,2.375e-6
Y,186676,978.8,303.1,298.9,65.9,13.1,5.7,0,0000
T,2014,09,08,05,33,06
B,265494,19613,204,3447,160041,6066,173,3447,978.8,303.1
G,3101736,119837,136,3447,1827668,31620,142,3447,978.8,303.1
R,1283739,69082,7390,3447,758575,35839,7605,3447,978.8,303.1
D,NBXX,9999,3.024e-5,2.189e-5,1.409e-5,2.743e-6,2.872e-6,2.552e-6
Y,186911,978.8,303.1,298.9,65.9,13.1,5.7,0,0000
T,2014,09,08,05,38,06
B,265494,19591,181,3447,159520,6046,194,3448,978.7,303.1
G,3095045,121576,149,3447,1822672,31422,171,3448,978.7,303.1
R,1280699,69628,7414,3447,756328,35975,7470,3448,978.7,303.1
D,NBXX,9999,3.018e-5,2.252e-5,1.459e-5,2.683e-6,2.812e-6,2.738e-6
Y,186506,978.7,303.1,299.0,65.8,13.1,5.7,0,0000
T,2014,09,08,05,43,06
B,266164,19400,188,3447,160166,6257,185,3447,978.7,303.1
G,3096473,120649,124,3447,1822579,31676,141,3447,978.7,303.1
R,1281207,69450,7635,3447,757921,35687,7413,3447,978.7,303.1
D,NBXX,9999,2.945e-5,2.222e-5,1.435e-5,3.298e-6,2.912e-6,2.442e-6
Y,186592,978.7,303.1,299.0,65.8,13.1,5.7,0,0000
T,2014,09,08,05,48,06
B,264551,19774,192,3448,160983,6215,180,3447,978.7,303.2
G,3098667,122860,133,3448,1823647,31862,143,3447,978.7,303.2
R,1281250,69840,7481,3448,757968,35754,7603,3447,978.7,303.2
D,NBXX,9999,3.099e-5,2.290e-5,1.456e-5,3.300e-6,2.963e-6,2.462e-6
Y,186671,978.7,303.2,299.0,65.6,13.1,5.7,0,0000
T,2014,09,08,05,53,06
B,265718,19326,175,3447,160760,5901,195,3447,978.8,303.2
G,3094158,121054,161,3447,1824416,31288,134,3447,978.8,303.2
R,1282723,69785,7417,3447,757952,35650,7394,3447,978.8,303.2
D,NBXX,9999,2.936e-5,2.237e-5,1.469e-5,2.261e-6,2.784e-6,2.576e-6
Y,186452,978.8,303.2,299.1,65.6,13.1,5.7,0,0000
T,2014,09,08,05,58,06
B,265548,19521,160,3447,160487,6138,195,3447,978.8,303.2
G,3099200,122035,190,3447,1824901,31486,152,3447,978.8,303.2
R,1284091,69589,7391,3447,759151,35960,7487,3447,978.8,303.2
D,NBXX,9999,3.005e-5,2.260e-5,1.448e-5,3.052e-6,2.814e-6,2.708e-6
Y,186757,978.8,303.2,299.1,65.6,13.1,5.7,0,0000
T,2014,09,08,06,03,06
B,265538,19493,217,3447,159813,6086,200,3448,978.8,303.2
G,3095440,120544,162,3447,1820371,31872,127,3448,978.8,303.2
R,1281849,69157,7752,3447,757780,35846,7522,3448,978.8,303.2
D,NBXX,9999,2.975e-5,2.219e-5,1.399e-5,2.668e-6,2.966e-6,2.368e-6
Y,186530,978.8,303.2,299.1,65.5,13.1,5.7,0,0000
T,2014,09,08,06,08,06
B,264910,19563,221,3447,159782,6107,175,3447,978.8,303.3
G,3096009,119662,159,3447,1823557,31465,133,3447,978.8,303.3
R,1283966,69649,7459,3447,757776,35971,7566,3447,978.8,303.3
D,NBXX,9999,3.018e-5,2.190e-5,1.442e-5,2.853e-6,2.836e-6,2.610e-6
Y,186564,978.8,303.3,299.1,65.3,13.1,5.7,0,0000
T,2014,09,08,06,13,06
B,264678,19225,210,3448,160237,5967,158,3447,978.8,303.3
G,3100745,120333,171,3448,1821845,31405,140,3447,978.8,303.3
R,1282500,69444,7645,3448,756915,36158,7662,3447,978.8,303.3
D,NBXX,9999,2.929e-5,2.205e-5,1.412e-5,2.543e-6,2.797e-6,2.541e-6
Y,186796,978.8,303.3,299.1,65.3,13.1,5.7,0,0000
T,2014,09,08,06,18,06
B,265642,18791,198,3447,160183,6091,217,3447,978.7,303.3
G,3095712,117774,185,3447,1821183,31204,155,3447,978.7,303.3
R,1284685,68732,7542,3447,759982,35969,7678,3447,978.7,303.3
D,NBXX,9999,2.758e-5,2.129e-5,1.369e-5,2.689e-6,2.736e-6,2.463e-6
Y,186546,978.7,303.3,299.2,65.1,13.1,5.7,0,0000
T,2014,09,08,06,23,06
B,265716,18845,207,3447,160543,5871,176,3448,978.6,303.3
G,3097688,116979,155,3447,1827713,31059,157,3448,978.6,303.3
R,1281691,68468,7703,3447,759369,36378,7628,3448,978.6,303.3
D,NBXX,9999,2.784e-5,2.102e-5,1.353e-5,2.118e-6,2.691e-6,2.657e-6
Y,186666,978.6,303.3,299.2,65.1,13.1,5.7,0,0000
T,2014,09,08,06,28,06
B,265816,18571,199,3447,160700,5863,189,3447,978.7,303.4
G,3098320,115508,163,3447,1824073,31019,160,3447,978.7,303.4
R,1285105,67765,7833,3447,757383,35431,7769,3447,978.7,303.4
D,NBXX,9999,2.697e-5,2.054e-5,1.281e-5,2.075e-6,2.675e-6,1.852e-6
Y,186704,978.7,303.4,299.2,65.1,13.1,5.7,0,0000
T,2014,09,08,06,33,06
B,265057,19337,195,3448,160271,6189,206,3447,978.7,303.4
G,3095945,116343,143,3448,1827988,31650,146,3447,978.7,303.4
R,1282542,67746,7730,3448,758941,35544,7780,3447,978.7,303.4
D,NBXX,9999,2.943e-5,2.085e-5,1.293e-5,3.083e-6,2.899e-6,2.015e-6
Y,186506,978.7,303.4,299.2,65.0,13.1,5.7,0,0000
T,2014,09,08,06,38,06
B,265129,18932,203,3447,160751,6155,188,3447,978.7,303.4
G,3096619,114781,131,3447,1822453,31693,161,3447,978.7,303.4
R,1282407,68166,7901,3447,758592,36177,7758,3447,978.7,303.4
D,NBXX,9999,2.821e-5,2.034e-5,1.309e-5,3.004e-6,2.907e-6,2.296e-6
Y,186601,978.7,303.4,299.2,64.8,13.1,5.7,0,0000
T,2014,09,08,06,43,06
B,265988,18317,188,3447,160813,6013,168,3448,978.7,303.4
G,3096240,113218,144,3447,1824669,31103,144,3448,978.7,303.4
R,1281379,67175,7676,3447,758110,36080,7818,3448,978.7,303.4
D,NBXX,9999,2.627e-5,1.985e-5,1.262e-5,2.632e-6,2.718e-6,2.358e-6
Y,186578,978.7,303.4,299.3,64.8,13.1,5.7,0,0000
T,2014,09,08,06,48,06
B,265399,18094,218,3447,160084,6022,215,3447,978.8,303.5
G,3092812,110125,182,3447,1824026,30633,175,3447,978.8,303.5
R,1281040,66639,7969,3447,759510,35607,7878,3447,978.8,303.5
D,NBXX,9999,2.546e-5,1.890e-5,1.204e-5,2.442e-6,2.570e-6,1.819e-6
Y,186371,978.8,303.5,299.3,64.8,13.1,5.7,0,0000
T,2014,09,08,06,53,06
B,265163,18247,180,3448,159833,5976,181,3447,978.9,303.5
G,3098630,111510,140,3448,1825647,31091,137,3447,978.9,303.5
R,1282305,66858,7803,3448,759705,35932,7720,3447,978.9,303.5
D,NBXX,9999,2.623e-5,1.931e-5,1.237e-5,2.578e-6,2.730e-6,2.248e-6
Y,186668,978.9,303.5,299.3,64.6,13.1,5.7,0,0000
T,2014,09,08,06,58,06
B,264653,18031,191,3447,159898,5962,207,3447,978.9,303.5
G,3097055,111754,189,3447,1825984,30937,144,3447,978.9,303.5
R,1280571,67655,7911,3447,758831,36142,7798,3447,978.9,303.5
D,NBXX,9999,2.554e-5,1.938e-5,1.278e-5,2.430e-6,2.662e-6,2.254e-6
Y,186627,978.9,303.5,299.3,64.6,13.1,5.7,0,0000
T,2014,09,08,07,03,06
B,265449,18067,186,3447,160738,6158,220,3448,978.9,303.5
G,3098474,111179,152,3447,1827260,31404,152,3448,978.9,303.5
R,1284573,67372,7901,3447,758557,36233,8031,3448,978.9,303.5
D,NBXX,9999,2.546e-5,1.919e-5,1.235e-5,2.947e-6,2.814e-6,2.111e-6
Y,186713,978.9,303.5,299.3,64.6,13.1,5.7,0,0000
T,2014,09,08,07,08,06
B,264628,20677,213,3447,159313,6518,234,3447,978.9,303.5
G,3096521,126493,186,3447,1822080,34165,130,3447,978.9,303.5
R,1283588,71880,7898,3447,758482,37374,7918,3447,978.9,303.5
D,NBXX,9999,3.352e-5,2.409e-5,1.524e-5,3.968e-6,3.699e-6,2.913e-6
Y,186595,978.9,303.5,299.3,64.6,13.1,5.7,0,0000
T,2014,09,08,07,13,06
B,264928,18715,240,3448,160201,6315,183,3447,979.0,303.5
G,3097973,115088,189,3448,1823343,31593,138,3447,979.0,303.5
R,1283524,67336,7872,3448,761390,36980,7911,3447,979.0,303.5
D,NBXX,9999,2.750e-5,2.044e-5,1.246e-5,3.414e-6,2.874e-6,2.698e-6
Y,186629,979.0,303.5,299.3,64.6,13.1,5.7,0,0000
T,2014,09,08,07,18,06
B,264445,18633,177,3447,159825,6088,209,3447,979.1,303.5
G,3093900,113234,173,3447,1819878,31173,153,3447,979.1,303.5
R,1283145,67416,7891,3447,761259,36074,7803,3447,979.1,303.5
D,NBXX,9999,2.745e-5,1.989e-5,1.258e-5,2.861e-6,2.750e-6,2.200e-6
Y,186437,979.1,303.5,299.3,64.6,13.1,5.7,0,0000
T,2014,09,08,07,23,06
B,265463,18552,209,3447,160289,6023,202,3448,979.1,303.5
G,3094115,113608,198,3447,1827209,31190,128,3448,979.1,303.5
R,1284793,67648,7912,3447,760010,36455,8080,3448,979.1,303.5
D,NBXX,9999,2.690e-5,2.001e-5,1.247e-5,2.501e-6,2.752e-6,2.203e-6
Y,186450,979.1,303.5,299.3,64.6,13.1,5.7,0,0000
T,2014,09,08,07,28,06
B,265693,18360,195,3447,160915,6116,183,3447,979.1,303.6
G,3093564,110762,170,3447,1819641,30668,143,3447,979.1,303.6
R,1282126,66923,7992,3447,759032,36845,7898,3447,979.1,303.6
D,NBXX,9999,2.638e-5,1.911e-5,1.216e-5,2.893e-6,2.595e-6,2.545e-6
Y,186416,979.1,303.6,299.4,64.6,13.1,5.7,0,0000
T,2014,09,08,07,33,06
B,265086,18760,175,3448,159965,6015,178,3447,979.2,303.6
G,3097418,115255,185,3448,1820451,30979,124,3447,979.2,303.6
R,1282786,68086,7956,3448,758884,36701,8103,3447,979.2,303.6
D,NBXX,9999,2.782e-5,2.050e-5,1.274e-5,2.717e-6,2.686e-6,2.334e-6
Y,186595,979.2,303.6,299.4,64.6,13.1,5.7,0,0000
T,2014,09,08,07,38,06
B,265705,18166,210,3447,160560,6054,199,3447,979.3,303.6
G,3095208,113272,185,3447,1820708,30535,123,3447,979.3,303.6
R,1284453,67978,8010,3447,760339,36497,8162,3447,979.3,303.6
D,NBXX,9999,2.568e-5,1.990e-5,1.255e-5,2.592e-6,2.549e-6,2.107e-6
Y,186516,979.3,303.6,299.4,64.5,13.2,5.7,0,0000
T,2014,09,08,07,43,06
B,265514,18948,204,3447,161027,5954,235,3448,979.3,303.7
G,3095853,115961,157,3447,1822631,30587,138,3448,979.3,303.7
R,1284334,69164,8213,3447,757844,36494,8032,3448,979.3,303.7
D,NBXX,9999,2.801e-5,2.075e-5,1.324e-5,2.186e-6,2.566e-6,2.049e-6
Y,186555,979.3,303.7,299.5,64.3,13.2,5.7,0,0000
T,2014,09,08,07,48,06
B,265024,18539,212,3447,160662,5996,223,3447,979.4,303.7
G,3096690,116894,148,3447,1819509,31047,154,3447,979.4,303.7
R,1285955,68705,8153,3447,757596,36867,8016,3447,979.4,303.7
D,NBXX,9999,2.687e-5,2.104e-5,1.297e-5,2.366e-6,2.710e-6,2.325e-6
Y,186605,979.4,303.7,299.5,64.3,13.1,5.7,0,0000
T,2014,09,08,07,53,06
B,265357,19422,192,3448,160804,6100,248,3447,979.4,303.8
G,3091592,122513,161,3448,1824947,31629,145,3447,979.4,303.8
R,1285663,71558,8175,3448,760621,37017,8202,3447,979.4,303.8
D,NBXX,9999,2.949e-5,2.289e-5,1.459e-5,2.651e-6,2.913e-6,2.276e-6
Y,186243,979.4,303.8,299.6,64.2,13.1,5.7,0,0000
T,2014,09,08,07,58,06
B,265973,19948,206,3447,160461,6269,229,3447,979.4,303.8
G,3096619,122270,149,3447,1822619,31892,147,3447,979.4,303.8
R,1284543,71593,8152,3447,760307,37210,8173,3447,979.4,303.8
D,NBXX,9999,3.098e-5,2.275e-5,1.468e-5,3.141e-6,2.982e-6,2.437e-6
Y,186601,979.4,303.8,299.6,64.2,13.1,5.7,0,0000
T,2014,09,08,08,03,06
B,266059,19935,233,3447,160069,6265,207,3448,979.5,303.8
G,3099399,125810,168,3447,1821819,32498,156,3448,979.5,303.8
R,1285953,73053,8117,3447,760696,37362,8160,3448,979.5,303.8
D,NBXX,9999,3.091e-5,2.384e-5,1.558e-5,3.100e-6,3.152e-6,2.548e-6
Y,186769,979.5,303.8,299.6,64.0,13.1,5.7,0,0000
T,2014,09,08,08,08,06
B,265533,20300,242,3447,160416,6284,206,3447,979.5,303.9
G,3093953,125029,174,3447,1820279,32573,162,3447,979.5,303.9
R,1285228,72387,8238,3447,758883,37727,8215,3447,979.5,303.9
D,NBXX,9999,3.214e-5,2.365e-5,1.506e-5,3.184e-6,3.193e-6,2.659e-6
Y,186440,979.5,303.9,299.7,64.0,13.1,5.7,0,0000
T,2014,09,08,08,13,06
B,265254,20188,214,3447,161356,6384,173,3447,979.6,303.9
G,3093369,125302,181,3447,1820314,32301,144,3447,979.6,303.9
R,1286566,73371,8288,3447,761435,38182,8194,3447,979.6,303.9
D,NBXX,9999,3.208e-5,2.375e-5,1.561e-5,3.727e-6,3.112e-6,2.907e-6
Y,186405,979.6,303.9,299.7,63.8,13.1,5.7,0,0000
T,2014,09,08,08,18,06
B,265333,21620,253,3448,160117,6377,217,3447,979.7,303.9
G,3097861,137881,157,3448,1820250,33786,164,3447,979.7,303.9
R,1286779,77509,8302,3448,760512,38626,8419,3447,979.7,303.9
D,NBXX,9999,3.616e-5,2.770e-5,1.799e-5,3.410e-6,3.575e-6,3.013e-6
Y,186622,979.7,303.9,299.7,63.8,13.1,5.7,0,0000
T,2014,09,08,08,23,06
B,264890,20177,219,3447,160114,6395,197,3447,979.7,303.9
G,3093983,128484,151,3447,1821831,32700,174,3447,979.7,303.9
R,1284976,75532,8482,3447,761361,38498,8529,3447,979.7,303.9
D,NBXX,9999,3.203e-5,2.476e-5,1.661e-5,3.682e-6,3.237e-6,2.737e-6
Y,186442,979.7,303.9,299.7,63.8,13.1,5.7,0,0000
T,2014,09,08,08,28,06
B,265074,19632,204,3447,160068,6326,194,3448,979.8,303.9
G,3096214,121462,171,3447,1821002,32092,151,3448,979.8,303.9
R,1286948,72042,8433,3447,760963,37925,8507,3448,979.8,303.9
D,NBXX,9999,3.037e-5,2.249e-5,1.443e-5,3.516e-6,3.034e-6,2.398e-6
Y,186577,979.8,303.9,299.7,64.2,13.1,5.7,0,0000
T,2014,09,08,08,33,06
B,265299,19233,212,3447,160231,6114,228,3447,979.8,303.8
G,3095852,117109,203,3447,1827849,31518,159,3447,979.8,303.8
R,1283889,70987,8305,3447,762476,37648,8610,3447,979.8,303.8
D,NBXX,9999,2.892e-5,2.109e-5,1.387e-5,2.692e-6,2.841e-6,2.277e-6
Y,186555,979.8,303.8,299.6,64.2,13.1,5.7,0,0000
T,2014,09,08,08,38,06
B,265374,18855,219,3448,160004,6063,205,3447,979.8,303.8
G,3094277,116157,166,3448,1817181,31709,163,3447,979.8,303.8
R,1285749,70249,8608,3448,761046,37580,8428,3447,979.8,303.8
D,NBXX,9999,2.780e-5,2.082e-5,1.328e-5,2.593e-6,2.922e-6,2.137e-6
Y,186405,979.8,303.8,299.6,64.2,13.1,5.7,0,0000
T,2014,09,08,08,43,06
B,265033,19163,224,3447,160194,6179,211,3447,979.8,303.8
G,3093856,115901,138,3447,1817337,31742,146,3447,979.8,303.8
R,1284678,69972,8554,3447,759460,37629,8543,3447,979.8,303.8
D,NBXX,9999,2.878e-5,2.076e-5,1.309e-5,2.927e-6,2.947e-6,2.127e-6
Y,186434,979.8,303.8,299.6,64.3,13.1,5.7,0,0000
T,2014,09,08,08,48,06
B,263758,18607,209,3447,160672,6328,201,3448,979.9,303.8
G,3093588,114381,180,3447,1824777,31825,149,3448,979.9,303.8
R,1286617,69868,8516,3447,761423,37769,8606,3448,979.9,303.8
D,NBXX,9999,2.743e-5,2.026e-5,1.297e-5,3.555e-6,2.955e-6,2.174e-6
Y,186418,979.9,303.8,299.6,64.5,13.1,5.7,0,0000
T,2014,09,08,08,53,06
B,264809,18112,201,3447,160529,5979,211,3447,979.9,303.8
G,3095531,109165,168,3447,1822060,30883,142,3447,979.9,303.8
R,1284843,68195,8410,3447,760132,37887,8303,3447,979.9,303.8
D,NBXX,9999,2.568e-5,1.858e-5,1.227e-5,2.409e-6,2.658e-6,2.561e-6
Y,186535,979.9,303.8,299.6,64.8,13.1,5.7,0,0000
T,2014,09,08,08,58,06
B,263997,17939,224,3448,159575,6159,220,3447,979.8,303.8
G,3089938,107406,142,3448,1820294,30279,149,3447,979.8,303.8
R,1287128,67235,8277,3448,759573,37141,8295,3447,979.8,303.8
D,NBXX,9999,2.520e-5,1.809e-5,1.172e-5,2.907e-6,2.493e-6,2.187e-6
Y,186143,979.8,303.8,299.6,65.1,13.1,5.7,0,0000
T,2014,09,08,09,03,06
B,264891,18025,195,3447,159509,5962,216,3447,979.8,303.7
G,3087192,106660,188,3447,1821551,30479,176,3447,979.8,303.7
R,1284585,66409,8495,3447,758833,37438,8445,3447,979.8,303.7
D,NBXX,9999,2.540e-5,1.785e-5,1.101e-5,2.355e-6,2.535e-6,2.123e-6
Y,186031,979.8,303.7,299.6,65.3,13.2,5.7,0,0000
T,2014,09,08,09,08,06
B,265897,17573,236,3447,160614,5998,217,3448,979.9,303.8
G,3090892,105891,198,3447,1819430,30556,125,3448,979.9,303.8
R,1283830,66850,8563,3447,759654,37375,8479,3448,979.9,303.8
D,NBXX,9999,2.367e-5,1.758e-5,1.123e-5,2.247e-6,2.561e-6,2.012e-6
Y,186255,979.9,303.8,299.6,65.5,13.1,5.7,0,0000
T,2014,09,08,09,13,06
B,264532,17405,231,3447,159961,5885,214,3447,979.9,303.8
G,3082572,102214,156,3447,1821071,29633,167,3447,979.9,303.8
R,1280543,65866,8389,3447,758533,36978,8250,3447,979.9,303.8
D,NBXX,9999,2.345e-5,1.650e-5,1.098e-5,2.020e-6,2.294e-6,2.089e-6
Y,185751,979.9,303.8,299.6,65.6,13.2,5.7,0,0000
T,2014,09,08,09,18,06
B,264360,16286,218,3448,159277,5710,210,3447,979.9,303.8
G,3085856,98129,190,3448,1816408,29646,137,3447,979.9,303.8
R,1281097,63802,8511,3448,758209,36664,8407,3447,979.9,303.8
D,NBXX,9999,2.009e-5,1.515e-5,9.488e-6,1.557e-6,2.290e-6,1.694e-6
Y,185896,979.9,303.8,299.6,65.1,13.1,5.7,0,0000
