T,2014,08,25,00,03,41
B,257470,23924,114,3304,154314,6231,103,3305,979.4,299.0
G,3102819,160764,88,3304,1815833,35610,57,3305,979.4,299.0
R,1246306,72923,3813,3304,730356,28911,3914,3305,979.4,299.0
D,NBXX,9999,4.595e-5,3.478e-5,2.274e-5,4.217e-6,4.102e-6,3.812e-6
Y,195100,979.4,299.0,294.6,71.9,13.0,5.7,0,0008
T,2014,08,25,00,08,41
B,267251,25063,129,3448,161712,6330,121,3447,979.4,299.0
G,3238269,169382,90,3448,1898477,37034,65,3447,979.4,299.0
R,1299826,76569,4015,3448,763396,30246,4007,3447,979.4,299.0
D,NBXX,9999,4.657e-5,3.527e-5,2.308e-5,3.722e-6,4.068e-6,3.904e-6
Y,195113,979.4,299.0,294.5,71.8,13.0,5.7,0,0000
T,2014,08,25,00,13,41
B,268035,25035,123,3447,162142,6441,104,3447,979.4,299.0
G,3237344,167025,76,3447,1904375,36763,65,3447,979.4,299.0
R,1295039,75589,4060,3447,767628,29754,4206,3447,979.4,299.0
D,NBXX,9999,4.634e-5,3.457e-5,2.246e-5,4.080e-6,3.990e-6,3.473e-6
Y,195114,979.4,299.0,294.5,71.6,13.0,5.7,0,0000
T,2014,08,25,00,18,41
B,267785,24856,112,3447,162241,6372,91,3448,979.4,299.0
G,3235729,167847,77,3447,1901291,37034,78,3448,979.4,299.0
R,1298035,75686,4203,3447,764280,29948,3956,3448,979.4,299.0
D,NBXX,9999,4.595e-5,3.484e-5,2.250e-5,3.967e-6,4.070e-6,3.634e-6
Y,195016,979.4,299.0,294.5,71.6,13.0,5.7,0,0000
T,2014,08,25,00,23,41
B,266240,25158,128,3447,161344,6318,101,3447,979.4,299.0
G,3233831,167560,76,3447,1901904,36956,93,3447,979.4,299.0
R,1297367,76515,3933,3447,764852,29829,3940,3447,979.4,299.0
D,NBXX,9999,4.722e-5,3.478e-5,2.323e-5,3.824e-6,4.052e-6,3.775e-6
Y,194901,979.4,299.0,294.5,71.6,13.1,5.7,0,0000
T,2014,08,25,00,28,41
B,267768,25141,107,3448,161655,6423,111,3447,979.5,299.0
G,3235252,167311,117,3448,1895566,36546,67,3447,979.5,299.0
R,1296578,75743,4071,3448,762461,29443,4048,3447,979.5,299.0
D,NBXX,9999,4.677e-5,3.467e-5,2.261e-5,4.082e-6,3.919e-6,3.377e-6
Y,194931,979.5,299.0,294.5,71.6,13.1,5.7,0,0000
T,2014,08,25,00,33,41
B,268157,25269,104,3447,162420,6300,119,3447,979.5,299.0
G,3233152,168006,92,3447,1911067,36754,84,3447,979.5,299.0
R,1294481,75689,4073,3447,766492,29538,3980,3447,979.5,299.0
D,NBXX,9999,4.703e-5,3.492e-5,2.269e-5,3.658e-6,3.990e-6,3.497e-6
Y,194860,979.5,299.0,294.5,71.6,13.1,5.7,0,0000
T,2014,08,25,00,38,41
B,267708,24860,103,3447,161444,6599,100,3448,979.5,299.0
G,3233335,167103,81,3447,1908143,37000,89,3448,979.5,299.0
R,1294808,75400,3993,3447,767707,29353,4053,3448,979.5,299.0
D,NBXX,9999,4.598e-5,3.464e-5,2.251e-5,4.662e-6,4.063e-6,3.382e-6
Y,194871,979.5,299.0,294.5,71.6,13.0,5.7,0,0000
T,2014,08,25,00,43,41
B,267461,25288,90,3447,162252,6348,126,3447,979.6,299.0
G,3235317,166077,84,3447,1905565,37050,71,3447,979.6,299.0
R,1298123,75281,3990,3447,766791,29867,3914,3447,979.6,299.0
D,NBXX,9999,4.728e-5,3.430e-5,2.243e-5,3.863e-6,4.080e-6,3.769e-6
Y,194991,979.6,299.0,294.5,71.5,13.0,5.7,0,0000
T,2014,08,25,00,48,41
B,267902,24944,128,3448,161408,6492,111,3447,979.6,298.9
G,3233949,165419,80,3448,1905083,36820,77,3447,979.6,298.9
R,1296140,74986,4060,3448,765493,29749,4058,3447,979.6,298.9
D,NBXX,9999,4.603e-5,3.412e-5,2.216e-5,4.194e-6,4.017e-6,3.569e-6
Y,194852,979.6,298.9,294.5,71.5,13.1,5.7,0,0000
T,2014,08,25,00,53,41
B,268826,25002,104,3447,162674,6570,95,3447,979.6,298.9
G,3237329,166500,71,3447,1907124,36927,78,3447,979.6,298.9
R,1296769,75475,3895,3447,766811,29278,3909,3447,979.6,298.9
D,NBXX,9999,4.609e-5,3.440e-5,2.266e-5,4.500e-6,4.038e-6,3.493e-6
Y,195113,979.6,298.9,294.5,71.3,13.0,5.7,0,0000
T,2014,08,25,00,58,41
B,266856,24814,134,3447,161376,6428,82,3448,979.6,298.9
G,3232443,166381,79,3447,1897782,36743,82,3448,979.6,298.9
R,1297664,74502,3944,3447,764582,29250,4008,3448,979.6,298.9
D,NBXX,9999,4.601e-5,3.444e-5,2.194e-5,4.143e-6,3.991e-6,3.358e-6
Y,194817,979.6,298.9,294.5,71.3,13.0,5.7,0,0000
T,2014,08,25,01,03,41
B,266763,24369,90,3447,162504,6278,98,3447,979.7,298.9
G,3235666,166179,102,3447,1909513,36765,81,3447,979.7,298.9
R,1296435,74695,3900,3447,768370,29654,3940,3447,979.7,298.9
D,NBXX,9999,4.475e-5,3.432e-5,2.217e-5,3.783e-6,3.982e-6,3.701e-6
Y,195012,979.7,298.9,294.5,71.3,13.1,5.7,0,0000
T,2014,08,25,01,08,41
B,266967,24625,103,3448,161264,6394,104,3447,979.7,298.9
G,3237568,164790,76,3448,1902731,36625,73,3447,979.7,298.9
R,1296690,74426,3862,3448,766505,29364,3883,3447,979.7,298.9
D,NBXX,9999,4.541e-5,3.388e-5,2.206e-5,4.061e-6,3.948e-6,3.593e-6
Y,195071,979.7,298.9,294.4,71.1,13.1,5.7,0,0000
T,2014,08,25,01,13,41
B,267181,24759,77,3447,162027,6441,86,3447,979.7,298.9
G,3232169,164729,70,3447,1908132,36475,81,3447,979.7,298.9
R,1296352,75080,3915,3447,766827,29472,3957,3447,979.7,298.9
D,NBXX,9999,4.591e-5,3.394e-5,2.238e-5,4.339e-6,3.917e-6,3.568e-6
Y,194801,979.7,298.9,294.5,71.1,13.0,5.7,0,0000
T,2014,08,25,01,18,41
B,268103,24453,92,3447,161915,6425,105,3448,979.8,298.9
G,3231402,162885,75,3447,1907758,36564,60,3448,979.8,298.9
R,1294896,73767,3881,3447,765814,29294,3844,3448,979.8,298.9
D,NBXX,9999,4.460e-5,3.340e-5,2.173e-5,4.099e-6,3.949e-6,3.573e-6
Y,194754,979.8,298.9,294.5,71.0,13.0,5.7,0,0000
T,2014,08,25,01,23,41
B,266453,24207,95,3447,161907,6385,114,3447,979.8,298.9
G,3234625,161144,87,3447,1908964,36409,72,3447,979.8,298.9
R,1295661,74031,4053,3447,765476,29152,4034,3447,979.8,298.9
D,NBXX,9999,4.427e-5,3.281e-5,2.161e-5,4.057e-6,3.885e-6,3.226e-6
Y,194949,979.8,298.9,294.5,70.8,13.0,5.7,0,0000
T,2014,08,25,01,28,41
B,267618,24421,109,3448,161732,6527,98,3447,979.8,298.9
G,3235310,162296,90,3448,1903227,36459,79,3447,979.8,298.9
R,1296595,73347,4085,3448,766154,29289,3916,3447,979.8,298.9
D,NBXX,9999,4.461e-5,3.315e-5,2.123e-5,4.420e-6,3.898e-6,3.366e-6
Y,194934,979.8,298.9,294.5,70.8,13.0,5.7,0,0000
T,2014,08,25,01,33,41
B,266677,24261,102,3447,161711,6279,104,3447,979.7,298.9
G,3231085,160126,81,3447,1905069,37023,81,3447,979.7,298.9
R,1294583,73209,3905,3447,763311,29080,3946,3447,979.7,298.9
D,NBXX,9999,4.438e-5,3.255e-5,2.131e-5,3.728e-6,4.084e-6,3.360e-6
Y,194735,979.7,298.9,294.5,70.6,13.0,5.7,0,0000
T,2014,08,25,01,38,41
B,268122,24214,100,3447,160823,6369,98,3448,979.7,298.9
G,3234745,160671,86,3447,1906023,36475,81,3448,979.7,298.9
R,1293865,73336,3964,3447,764687,29199,3822,3448,979.7,298.9
D,NBXX,9999,4.387e-5,3.266e-5,2.146e-5,3.925e-6,3.899e-6,3.481e-6
Y,194957,979.7,298.9,294.5,70.6,13.0,5.7,0,0000
T,2014,08,25,01,43,41
B,267848,24366,92,3447,162407,6427,88,3447,979.7,298.9
G,3236152,162512,62,3447,1903944,36900,73,3447,979.7,298.9
R,1293839,73132,3915,3447,765595,29151,3793,3447,979.7,298.9
D,NBXX,9999,4.447e-5,3.321e-5,2.139e-5,4.189e-6,4.038e-6,3.512e-6
Y,195042,979.7,298.9,294.5,70.6,13.1,5.7,0,0000
T,2014,08,25,01,48,41
B,267600,24520,85,3447,162502,6379,95,3447,979.6,298.9
G,3230298,163114,88,3447,1904167,36264,58,3447,979.6,298.9
R,1293336,73794,3818,3447,764932,29345,3799,3447,979.6,298.9
D,NBXX,9999,4.503e-5,3.348e-5,2.187e-5,4.074e-6,3.861e-6,3.700e-6
Y,194688,979.6,298.9,294.5,70.6,13.0,5.7,0,0000
T,2014,08,25,01,53,41
B,267608,24389,79,3448,161622,6253,96,3447,979.6,298.9
G,3232940,164304,95,3448,1905251,36865,80,3447,979.6,298.9
R,1292290,74303,3933,3448,764879,29646,3837,3447,979.6,298.9
D,NBXX,9999,4.465e-5,3.379e-5,2.211e-5,3.713e-6,4.028e-6,3.790e-6
Y,194791,979.6,298.9,294.5,70.8,13.1,5.7,0,0000
T,2014,08,25,01,58,41
B,267755,24624,97,3447,161554,6397,106,3447,979.7,298.9
G,3228664,164915,60,3447,1903912,36860,97,3447,979.7,298.9
R,1295854,74691,3887,3447,764936,28876,3863,3447,979.7,298.9
D,NBXX,9999,4.520e-5,3.405e-5,2.225e-5,4.023e-6,4.044e-6,3.295e-6
Y,194589,979.7,298.9,294.5,71.0,13.0,5.7,0,0000
T,2014,08,25,02,03,41
B,266928,24844,97,3447,162146,6594,105,3448,979.6,298.9
G,3233344,163923,98,3447,1905514,37175,60,3448,979.6,298.9
R,1295601,74772,3787,3447,763775,29579,3918,3448,979.6,298.9
D,NBXX,9999,4.613e-5,3.368e-5,2.234e-5,4.693e-6,4.121e-6,3.754e-6
Y,194872,979.6,298.9,294.5,71.0,13.0,5.7,0,0000
T,2014,08,25,02,08,41
B,267605,24428,122,3447,162897,6492,95,3447,979.6,298.9
G,3235182,163612,85,3447,1906344,36942,80,3447,979.6,298.9
R,1294636,74194,3781,3447,766685,29305,3898,3447,979.6,298.9
D,NBXX,9999,4.462e-5,3.355e-5,2.203e-5,4.287e-6,4.044e-6,3.619e-6
Y,194983,979.6,298.9,294.5,71.0,13.0,5.7,0,0000
T,2014,08,25,02,13,41
B,266842,24319,68,3448,161755,6469,113,3447,979.6,298.9
G,3235467,163054,81,3448,1903989,36845,91,3447,979.6,298.9
R,1294379,73576,3839,3448,763448,29413,3817,3447,979.6,298.9
D,NBXX,9999,4.463e-5,3.337e-5,2.168e-5,4.404e-6,4.014e-6,3.708e-6
Y,194944,979.6,298.9,294.6,70.8,13.0,5.7,0,0000
T,2014,08,25,02,18,41
B,268229,24470,96,3447,162156,6459,105,3447,979.6,298.9
G,3232377,162339,85,3447,1905239,36749,70,3447,979.6,298.9
R,1297139,72949,3837,3447,764628,29488,3725,3447,979.6,298.9
D,NBXX,9999,4.463e-5,3.321e-5,2.128e-5,4.199e-6,3.998e-6,3.790e-6
Y,194813,979.6,298.9,294.6,70.8,13.0,5.7,0,0000
T,2014,08,25,02,23,41
B,267941,24035,85,3447,161672,6307,105,3448,979.5,298.9
G,3234533,160142,95,3447,1900194,36807,81,3448,979.5,298.9
R,1295981,72318,3759,3447,763980,28687,3750,3448,979.5,298.9
D,NBXX,9999,4.343e-5,3.250e-5,2.096e-5,3.791e-6,3.998e-6,3.345e-6
Y,194944,979.5,298.9,294.6,70.8,13.0,5.7,0,0000
T,2014,08,25,02,28,41
B,267456,24148,99,3447,161375,6580,83,3447,979.5,298.9
G,3232786,160044,104,3447,1904377,36443,84,3447,979.5,298.9
R,1294964,72685,3809,3447,764024,29106,3823,3447,979.5,298.9
D,NBXX,9999,4.393e-5,3.249e-5,2.113e-5,4.689e-6,3.892e-6,3.528e-6
Y,194838,979.5,298.9,294.6,70.6,13.0,5.7,0,0000
T,2014,08,25,02,33,41
B,268093,23893,118,3448,161609,6323,104,3447,979.5,298.9
G,3235806,160188,66,3448,1898648,36536,57,3447,979.5,298.9
R,1295525,72770,3901,3448,762605,29199,3740,3447,979.5,298.9
D,NBXX,9999,4.285e-5,3.251e-5,2.116e-5,3.727e-6,3.936e-6,3.577e-6
Y,194964,979.5,298.9,294.5,70.5,13.0,5.7,0,0000
T,2014,08,25,02,38,41
B,267127,23915,102,3447,161284,6346,108,3447,979.5,298.9
G,3236444,159621,79,3447,1897718,36422,82,3447,979.5,298.9
R,1293544,72307,3801,3447,763065,29135,3731,3447,979.5,298.9
D,NBXX,9999,4.322e-5,3.232e-5,2.101e-5,3.901e-6,3.882e-6,3.630e-6
Y,195060,979.5,298.9,294.6,70.5,13.1,5.7,0,0000
T,2014,08,25,02,43,41
B,267987,24136,106,3447,161347,6356,93,3448,979.6,298.9
G,3234459,159723,96,3447,1904770,36742,50,3448,979.6,298.9
R,1294737,72682,3816,3447,764942,28942,3967,3448,979.6,298.9
D,NBXX,9999,4.369e-5,3.238e-5,2.103e-5,3.905e-6,3.989e-6,3.318e-6
Y,194939,979.6,298.9,294.6,70.6,13.0,5.7,0,0000
T,2014,08,25,02,48,41
B,267159,23584,98,3447,161405,6328,93,3447,979.6,298.9
G,3234411,157696,99,3447,1898260,36446,77,3447,979.6,298.9
R,1295000,71664,3756,3447,763924,28814,3882,3447,979.6,298.9
D,NBXX,9999,4.226e-5,3.175e-5,2.050e-5,3.911e-6,3.891e-6,3.344e-6
Y,194937,979.6,298.9,294.6,70.3,13.0,5.7,0,0000
T,2014,08,25,02,53,41
B,267700,23296,117,3448,161408,6243,104,3447,979.6,298.9
G,3233837,154798,79,3448,1903282,36415,70,3447,979.6,298.9
R,1297872,71143,3693,3448,763864,28968,3785,3447,979.6,298.9
D,NBXX,9999,4.114e-5,3.089e-5,2.021e-5,3.514e-6,3.897e-6,3.529e-6
Y,194845,979.6,298.9,294.6,70.2,13.0,5.7,0,0000
T,2014,08,25,02,58,41
B,267334,22973,102,3447,161782,6215,97,3447,979.6,298.9
G,3232832,153642,113,3447,1903226,36102,86,3447,979.6,298.9
R,1295183,71174,3771,3447,764347,28783,3773,3447,979.6,298.9
D,NBXX,9999,4.033e-5,3.053e-5,2.026e-5,3.526e-6,3.784e-6,3.390e-6
Y,194841,979.6,298.9,294.6,70.2,13.0,5.7,0,0000
T,2014,08,25,03,03,41
B,267852,23013,69,3447,161725,6361,93,3448,979.6,298.9
G,3235889,153187,75,3447,1900656,36095,79,3448,979.6,298.9
R,1296988,69993,3850,3447,764458,28879,3864,3448,979.6,298.9
D,NBXX,9999,4.045e-5,3.036e-5,1.937e-5,4.060e-6,3.784e-6,3.307e-6
Y,195026,979.6,298.9,294.6,70.0,13.0,5.7,0,0000
T,2014,08,25,03,08,41
B,266215,22894,83,3447,161621,6197,104,3447,979.6,298.9
G,3234483,150745,78,3447,1904887,35809,85,3447,979.6,298.9
R,1293502,69998,3928,3447,764676,28843,3826,3447,979.6,298.9
D,NBXX,9999,4.042e-5,2.964e-5,1.944e-5,3.591e-6,3.701e-6,3.294e-6
Y,194941,979.6,298.9,294.5,69.8,13.0,5.7,0,0000
T,2014,08,25,03,13,41
B,267464,22836,99,3448,162963,6218,123,3447,979.5,298.9
G,3237183,151151,87,3448,1909221,36360,76,3447,979.5,298.9
R,1296394,70341,3763,3448,767952,28648,3695,3447,979.5,298.9
D,NBXX,9999,3.980e-5,2.972e-5,1.978e-5,3.451e-6,3.863e-6,3.362e-6
Y,195047,979.5,298.9,294.5,69.8,13.0,5.7,0,0000
T,2014,08,25,03,18,41
B,267552,22428,73,3447,162563,6136,115,3447,979.5,298.9
G,3233373,150051,79,3447,1903142,35824,70,3447,979.5,298.9
R,1293483,69352,3790,3447,763454,28668,3762,3447,979.5,298.9
D,NBXX,9999,3.865e-5,2.944e-5,1.919e-5,3.310e-6,3.715e-6,3.330e-6
Y,194874,979.5,298.9,294.5,69.7,13.0,5.7,0,0000
T,2014,08,25,03,23,41
B,267471,22275,92,3447,161908,6249,86,3448,979.5,298.9
G,3235381,147325,81,3447,1904977,35263,69,3448,979.5,298.9
R,1295387,68694,3873,3447,762706,28769,3622,3448,979.5,298.9
D,NBXX,9999,3.824e-5,2.858e-5,1.878e-5,3.689e-6,3.533e-6,3.410e-6
Y,194995,979.5,298.9,294.5,69.5,13.1,5.7,0,0000
T,2014,08,25,03,28,41
B,267088,21886,112,3447,160829,6224,104,3447,979.5,298.9
G,3232977,146130,101,3447,1903615,35779,70,3447,979.5,298.9
R,1293125,68022,3794,3447,764207,28336,3775,3447,979.5,298.9
D,NBXX,9999,3.702e-5,2.825e-5,1.838e-5,3.511e-6,3.694e-6,3.118e-6
Y,194850,979.5,298.9,294.5,69.5,13.0,5.7,0,0000
T,2014,08,25,03,33,41
B,268052,21958,114,3448,161889,6115,90,3447,979.5,298.9
G,3237873,142885,92,3448,1903161,35162,90,3447,979.5,298.9
R,1294499,67735,3740,3448,762743,28445,3790,3447,979.5,298.9
D,NBXX,9999,3.704e-5,2.718e-5,1.819e-5,3.162e-6,3.489e-6,3.204e-6
Y,195089,979.5,298.9,294.5,69.3,13.1,5.7,0,0000
T,2014,08,25,03,38,41
B,266562,22019,123,3447,160883,6233,118,3447,979.5,298.9
G,3232625,143248,98,3447,1901265,35395,89,3447,979.5,298.9
R,1291775,67258,3785,3447,763972,28281,3794,3447,979.5,298.9
D,NBXX,9999,3.747e-5,2.736e-5,1.794e-5,3.485e-6,3.573e-6,3.090e-6
Y,194828,979.5,298.9,294.5,69.3,13.0,5.7,0,0000
T,2014,08,25,03,43,41
B,267019,21593,98,3447,161857,6189,91,3448,979.5,298.9
G,3240746,142289,90,3447,1903657,35612,76,3448,979.5,298.9
R,1292334,67438,3823,3447,764133,28370,3788,3448,979.5,298.9
D,NBXX,9999,3.624e-5,2.697e-5,1.801e-5,3.499e-6,3.616e-6,3.112e-6
Y,195320,979.5,298.9,294.5,69.2,13.0,5.7,0,0000
T,2014,08,25,03,48,41
B,267500,21859,93,3447,160442,6328,98,3447,979.5,298.9
G,3233730,142383,86,3447,1903309,35202,70,3447,979.5,298.9
R,1293125,67671,3716,3447,762540,27954,3764,3447,979.5,298.9
D,NBXX,9999,3.692e-5,2.710e-5,1.822e-5,3.887e-6,3.521e-6,2.948e-6
Y,194895,979.5,298.9,294.5,69.2,13.0,5.7,0,0000
T,2014,08,25,03,53,41
B,266858,22467,132,3447,162677,6262,94,3447,979.5,298.9
G,3232360,145952,92,3447,1906218,36319,100,3447,979.5,298.9
R,1295046,68366,3740,3447,762369,28438,3798,3447,979.5,298.9
D,NBXX,9999,3.882e-5,2.819e-5,1.855e-5,3.607e-6,3.854e-6,3.185e-6
Y,194812,979.5,298.9,294.5,69.2,13.0,5.7,0,0000
T,2014,08,25,03,58,41
B,267649,23290,96,3448,161095,6666,78,3447,979.5,298.9
G,3233009,152723,94,3448,1901244,37156,80,3447,979.5,298.9
R,1293589,70295,3812,3448,761535,28689,3808,3447,979.5,298.9
D,NBXX,9999,4.130e-5,3.026e-5,1.972e-5,4.970e-6,4.117e-6,3.298e-6
Y,194795,979.5,298.9,294.5,69.2,13.1,5.7,0,0000
T,2014,08,25,04,03,41
B,266929,23305,103,3447,161246,6478,90,3447,979.5,298.9
G,3231188,152770,62,3447,1898808,37692,79,3447,979.5,298.9
R,1291297,70321,3739,3447,762310,28846,3831,3447,979.5,298.9
D,NBXX,9999,4.147e-5,3.031e-5,1.984e-5,4.377e-6,4.295e-6,3.447e-6
Y,194742,979.5,298.9,294.5,69.2,13.0,5.7,0,0000
T,2014,08,25,04,08,41
B,267012,23364,105,3447,162223,6626,115,3448,979.5,298.9
G,3235099,151942,59,3447,1903084,38020,81,3448,979.5,298.9
R,1294852,69857,3760,3447,762412,28756,3671,3448,979.5,298.9
D,NBXX,9999,4.153e-5,3.000e-5,1.955e-5,4.721e-6,4.379e-6,3.453e-6
Y,194978,979.5,298.9,294.5,69.2,13.1,5.7,0,0000
T,2014,08,25,04,13,41
B,266782,23291,87,3447,162035,6505,116,3447,979.6,298.9
G,3230905,152769,100,3447,1899892,37776,71,3447,979.6,298.9
R,1293332,69846,3693,3447,761452,29009,3674,3447,979.6,298.9
D,NBXX,9999,4.143e-5,3.030e-5,1.963e-5,4.435e-6,4.312e-6,3.672e-6
Y,194724,979.6,298.9,294.5,69.0,13.0,5.7,0,0000
T,2014,08,25,04,18,41
B,267283,23333,119,3448,162991,6677,92,3447,979.6,298.9
G,3232914,153370,83,3448,1908984,37466,79,3447,979.6,298.9
R,1293668,69928,3728,3448,764531,28887,3733,3447,979.6,298.9
D,NBXX,9999,4.140e-5,3.046e-5,1.960e-5,4.900e-6,4.216e-6,3.532e-6
Y,194789,979.6,298.9,294.5,69.0,13.0,5.7,0,0000
T,2014,08,25,04,23,41
B,265732,23515,90,3425,161323,6657,112,3425,979.6,298.9
G,3216820,152334,77,3425,1902212,37638,59,3425,979.6,298.9
R,1287985,70268,3768,3425,762852,28921,3747,3425,979.6,298.9
D,NBXX,9999,4.240e-5,3.039e-5,1.994e-5,4.979e-6,4.332e-6,3.564e-6
Y,195122,979.6,298.9,294.5,69.0,13.0,5.7,0,0008
T,2014,08,25,04,28,41
B,267761,23029,96,3447,162008,6546,116,3448,979.6,298.9
G,3237926,149415,84,3447,1907621,37286,54,3448,979.6,298.9
R,1292659,69264,3823,3447,765194,28418,3755,3448,979.6,298.9
D,NBXX,9999,4.034e-5,2.919e-5,1.914e-5,4.452e-6,4.146e-6,3.162e-6
Y,195149,979.6,298.9,294.5,68.9,13.1,5.7,0,0000
T,2014,08,25,04,33,41
B,268977,22813,92,3447,161682,6529,79,3447,979.6,298.9
G,3235467,147103,79,3447,1908439,36715,66,3447,979.6,298.9
R,1295554,68503,3783,3447,766469,28662,3745,3447,979.6,298.9
D,NBXX,9999,3.952e-5,2.852e-5,1.863e-5,4.463e-6,3.981e-6,3.324e-6
Y,195000,979.6,298.9,294.5,68.9,13.1,5.7,0,0000
T,2014,08,25,04,38,41
B,266341,22361,82,3426,160353,6536,108,3425,979.6,298.9
G,3220504,145183,85,3426,1895712,36279,74,3425,979.6,298.9
R,1286745,67480,3671,3426,760313,27989,3767,3425,979.6,298.9
D,NBXX,9999,3.875e-5,2.813e-5,1.831e-5,4.613e-6,3.897e-6,3.062e-6
Y,195289,979.6,298.9,294.5,68.9,13.0,5.7,0,0008
T,2014,08,25,04,43,41
B,264663,22654,87,3425,161113,6351,91,3425,979.6,298.9
G,3215036,146571,78,3425,1897376,36759,59,3425,979.6,298.9
R,1286838,67989,3721,3425,761008,28355,3641,3425,979.6,298.9
D,NBXX,9999,4.012e-5,2.864e-5,1.868e-5,4.203e-6,4.068e-6,3.336e-6
Y,195014,979.6,298.9,294.5,68.9,13.0,5.7,0,0008
T,2014,08,25,04,48,41
B,267381,22881,107,3447,161870,6550,74,3448,979.7,298.9
G,3233914,148034,91,3447,1910802,36735,73,3448,979.7,298.9
R,1294302,68013,3586,3447,765240,28716,3727,3448,979.7,298.9
D,NBXX,9999,4.007e-5,2.882e-5,1.852e-5,4.587e-6,3.982e-6,3.518e-6
Y,194906,979.7,298.9,294.5,68.9,13.1,5.7,0,0000
T,2014,08,25,04,53,41
B,267432,23014,95,3447,161562,6584,98,3447,979.7,298.8
G,3236309,147145,73,3447,1904551,37278,75,3447,979.7,298.8
R,1291979,68373,3634,3447,764677,28218,3856,3447,979.7,298.8
D,NBXX,9999,4.042e-5,2.852e-5,1.868e-5,4.650e-6,4.149e-6,3.113e-6
Y,195051,979.7,298.8,294.5,68.9,13.0,5.7,0,0000
T,2014,08,25,04,58,41
B,267201,22890,111,3448,162807,6582,109,3447,979.7,298.8
G,3239299,146936,99,3448,1904128,37014,65,3447,979.7,298.8
R,1294716,67872,3821,3448,763901,28260,3627,3447,979.7,298.8
D,NBXX,9999,4.001e-5,2.841e-5,1.832e-5,4.571e-6,4.055e-6,3.147e-6
Y,195175,979.7,298.8,294.5,68.7,13.0,5.7,0,0000
T,2014,08,25,05,03,41
B,266378,22237,109,3447,162034,6419,98,3447,979.7,298.8
G,3238066,144895,60,3447,1902883,36620,86,3447,979.7,298.8
R,1292464,67271,3725,3447,764768,28166,3759,3447,979.7,298.8
D,NBXX,9999,3.827e-5,2.781e-5,1.799e-5,4.173e-6,3.943e-6,3.081e-6
Y,195158,979.7,298.8,294.5,68.7,13.0,5.7,0,0000
T,2014,08,25,05,08,41
B,267123,21867,101,3447,161878,6468,106,3448,979.7,298.8
G,3233834,143828,73,3447,1907505,36317,89,3448,979.7,298.8
R,1294621,66718,3635,3447,764845,28075,3693,3448,979.7,298.8
D,NBXX,9999,3.696e-5,2.753e-5,1.771e-5,4.264e-6,3.856e-6,3.112e-6
Y,194902,979.7,298.8,294.4,68.9,13.0,5.7,0,0000
T,2014,08,25,05,13,41
B,263109,21404,79,3403,160439,6467,85,3403,979.7,298.8
G,3198318,140230,103,3403,1885818,35183,67,3403,979.7,298.8
R,1278459,66308,3745,3403,756015,27991,3643,3403,979.7,298.8
D,NBXX,9999,3.668e-5,2.691e-5,1.786e-5,4.710e-6,3.628e-6,3.172e-6
Y,195255,979.7,298.8,294.4,68.9,13.0,5.7,0,0008
T,2014,08,25,05,18,41
B,251157,20665,104,3237,150996,5912,80,3235,979.6,298.8
G,3040753,135145,62,3237,1782002,33471,75,3235,979.6,298.8
R,1217557,63557,3554,3237,714585,26418,3501,3235,979.6,298.8
D,NBXX,9999,3.737e-5,2.751e-5,1.811e-5,3.786e-6,3.651e-6,3.011e-6
Y,195155,979.6,298.8,294.4,69.0,13.0,5.7,0,0008
T,2014,08,25,05,23,41
B,231561,19102,81,2996,139047,5371,68,2998,979.6,298.8
G,2795720,124717,63,2996,1643702,31329,61,2998,979.6,298.8
R,1117804,57302,3222,2996,660078,24494,3164,2998,979.6,298.8
D,NBXX,9999,3.762e-5,2.767e-5,1.744e-5,3.566e-6,3.834e-6,3.238e-6
Y,193857,979.6,298.8,294.4,69.0,13.0,5.7,0,0008
T,2014,08,25,05,28,41
B,266548,22206,82,3447,162147,6216,112,3448,979.6,298.8
G,3229672,143172,70,3447,1907156,35479,79,3448,979.6,298.8
R,1292142,67133,3654,3447,764988,28127,3724,3448,979.6,298.8
D,NBXX,9999,3.821e-5,2.739e-5,1.799e-5,3.595e-6,3.619e-6,3.131e-6
Y,194650,979.6,298.8,294.4,69.0,13.0,5.7,0,0000
T,2014,08,25,05,33,41
B,264104,21911,92,3402,159296,6226,86,3400,979.7,298.8
G,3197787,140690,105,3402,1868172,35204,78,3400,979.7,298.8
R,1275944,65561,3574,3402,750534,27749,3526,3400,979.7,298.8
D,NBXX,9999,3.795e-5,2.705e-5,1.767e-5,3.855e-6,3.638e-6,3.262e-6
Y,195280,979.7,298.8,294.4,69.0,13.1,5.7,0,0008
T,2014,08,25,05,38,41
B,266694,21942,87,3448,161996,6334,68,3447,979.7,298.8
G,3231211,143675,92,3448,1913821,35757,66,3447,979.7,298.8
R,1291457,67299,3671,3448,767769,27994,3585,3447,979.7,298.8
D,NBXX,9999,3.747e-5,2.752e-5,1.820e-5,4.081e-6,3.701e-6,3.151e-6
Y,194686,979.7,298.8,294.4,68.9,13.0,5.7,0,0000
T,2014,08,25,05,43,41
B,268908,22292,111,3447,162513,6215,102,3447,979.7,298.8
G,3234348,143707,86,3447,1910364,36046,88,3447,979.7,298.8
R,1291001,67206,3710,3447,765366,28399,3570,3447,979.7,298.8
D,NBXX,9999,3.779e-5,2.749e-5,1.814e-5,3.357e-6,3.770e-6,3.383e-6
Y,194933,979.7,298.8,294.4,68.7,13.0,5.7,0,0000
T,2014,08,25,05,48,41
B,267074,22190,74,3447,162108,6365,101,3448,979.7,298.8
G,3233954,142933,73,3447,1909583,36215,71,3448,979.7,298.8
R,1294052,66796,3754,3447,763874,28006,3674,3448,979.7,298.8
D,NBXX,9999,3.807e-5,2.727e-5,1.770e-5,4.067e-6,3.831e-6,3.004e-6
Y,194909,979.7,298.8,294.4,68.7,13.1,5.7,0,0000
T,2014,08,25,05,53,41
B,246579,20497,96,3168,149242,5951,85,3169,979.8,298.8
G,2968512,133034,57,3168,1748469,33825,88,3169,979.8,298.8
R,1186571,62069,3321,3168,702507,26061,3366,3169,979.8,298.8
D,NBXX,9999,3.803e-5,2.787e-5,1.834e-5,4.238e-6,4.019e-6,3.354e-6
Y,194666,979.8,298.8,294.4,68.5,13.0,5.7,0,0008
T,2014,08,25,05,58,41
B,266681,22513,117,3448,161910,6198,88,3447,979.8,298.8
G,3236321,145179,72,3448,1903184,36632,66,3447,979.8,298.8
R,1295220,67841,3634,3448,761438,28294,3682,3447,979.8,298.8
D,NBXX,9999,3.905e-5,2.792e-5,1.838e-5,3.489e-6,3.958e-6,3.257e-6
Y,194995,979.8,298.8,294.4,68.4,13.0,5.7,0,0000
T,2014,08,25,06,03,41
B,267423,22197,84,3447,161451,6382,85,3447,979.9,298.7
G,3234244,145424,98,3447,1902031,37009,44,3447,979.9,298.7
R,1291704,67135,3699,3447,763365,28287,3596,3447,979.9,298.7
D,NBXX,9999,3.802e-5,2.802e-5,1.807e-5,4.121e-6,4.076e-6,3.297e-6
Y,194926,979.9,298.7,294.4,68.4,13.0,5.7,0,0000
T,2014,08,25,06,08,41
B,267191,22214,115,3447,161612,6372,106,3447,979.9,298.7
G,3236247,143747,75,3447,1903722,36425,76,3447,979.9,298.7
R,1291573,66684,3701,3447,763943,28207,3750,3447,979.9,298.7
D,NBXX,9999,3.795e-5,2.748e-5,1.768e-5,3.923e-6,3.888e-6,3.138e-6
Y,195048,979.9,298.7,294.4,68.2,13.0,5.7,0,0000
T,2014,08,25,06,13,41
B,267186,21707,99,3447,162062,6405,92,3448,979.9,298.7
G,3233479,141709,80,3447,1903402,36477,71,3448,979.9,298.7
R,1290736,65772,3654,3447,761922,28441,3592,3448,979.9,298.7
D,NBXX,9999,3.651e-5,2.690e-5,1.729e-5,4.124e-6,3.910e-6,3.431e-6
Y,194880,979.9,298.7,294.3,68.2,13.0,5.7,0,0000
T,2014,08,25,06,18,41
B,267721,21368,80,3447,161034,6303,96,3447,980.0,298.7
G,3235977,137139,93,3447,1900021,36034,97,3447,980.0,298.7
R,1293606,64798,3639,3447,759182,27880,3674,3447,980.0,298.7
D,NBXX,9999,3.540e-5,2.545e-5,1.657e-5,3.835e-6,3.755e-6,3.017e-6
Y,195031,980.0,298.7,294.3,68.0,13.0,5.7,0,0000
T,2014,08,25,06,23,41
B,267904,20677,84,3448,160893,6036,97,3447,980.0,298.7
G,3234274,133798,85,3448,1894477,35505,61,3447,980.0,298.7
R,1292229,64025,3598,3448,758355,27630,3589,3447,980.0,298.7
D,NBXX,9999,3.324e-5,2.447e-5,1.622e-5,2.999e-6,3.618e-6,2.970e-6
Y,194871,980.0,298.7,294.3,67.9,13.0,5.7,0,0000
T,2014,08,25,06,28,41
B,267778,20606,84,3447,161851,6111,90,3447,980.0,298.7
G,3230291,132663,86,3447,1908725,34731,74,3447,980.0,298.7
R,1292789,63611,3638,3447,765146,27627,3670,3447,980.0,298.7
D,NBXX,9999,3.308e-5,2.417e-5,1.587e-5,3.254e-6,3.387e-6,2.873e-6
Y,194687,980.0,298.7,294.3,67.9,13.0,5.7,0,0000
T,2014,08,25,06,33,41
B,267748,20387,93,3447,160051,6105,111,3448,980.0,298.7
G,3235553,131641,60,3447,1900272,34929,90,3448,980.0,298.7
R,1290730,63010,3618,3447,760582,27530,3661,3448,980.0,298.7
D,NBXX,9999,3.232e-5,2.380e-5,1.557e-5,3.127e-6,3.431e-6,2.849e-6
Y,195006,980.0,298.7,294.3,67.9,13.0,5.7,0,0000
T,2014,08,25,06,38,41
B,267101,20094,101,3447,161476,6072,88,3447,980.0,298.7
G,3235890,129980,103,3447,1905538,34782,52,3447,980.0,298.7
R,1292516,62565,3522,3447,764317,27079,3664,3447,980.0,298.7
D,NBXX,9999,3.162e-5,2.328e-5,1.532e-5,3.128e-6,3.386e-6,2.626e-6
Y,195026,980.0,298.7,294.3,67.9,13.0,5.7,0,0000
T,2014,08,25,06,43,41
B,268114,20222,77,3448,161517,6081,109,3447,980.0,298.6
G,3234300,128420,77,3448,1907002,34905,84,3447,980.0,298.6
R,1292403,62493,3672,3448,763169,27376,3606,3447,980.0,298.6
D,NBXX,9999,3.177e-5,2.283e-5,1.521e-5,3.090e-6,3.430e-6,2.748e-6
Y,194873,980.0,298.6,294.3,67.7,13.0,5.7,0,0000
T,2014,08,25,06,48,41
B,266801,19960,97,3447,162249,6204,106,3447,979.9,298.6
G,3230453,128822,107,3447,1906256,34427,60,3447,979.9,298.6
R,1291738,61651,3674,3447,764933,26994,3547,3447,979.9,298.6
D,NBXX,9999,3.121e-5,2.299e-5,1.475e-5,3.487e-6,3.291e-6,2.556e-6
Y,194697,979.9,298.6,294.3,67.7,13.0,5.7,0,0000
T,2014,08,25,06,53,41
B,267096,20316,109,3447,161813,6035,89,3448,979.9,298.6
G,3228646,128770,70,3447,1907884,35035,61,3448,979.9,298.6
R,1289550,62277,3545,3447,764123,27088,3612,3448,979.9,298.6
D,NBXX,9999,3.224e-5,2.301e-5,1.524e-5,2.965e-6,3.493e-6,2.675e-6
Y,194588,979.9,298.6,294.3,67.7,13.0,5.7,0,0000
T,2014,08,25,06,58,41
B,267069,19778,87,3447,161801,6107,96,3447,980.0,298.6
G,3229732,127782,79,3447,1911580,34683,58,3447,980.0,298.6
R,1291114,61492,3604,3447,762304,27376,3538,3447,980.0,298.6
D,NBXX,9999,3.066e-5,2.269e-5,1.473e-5,3.244e-6,3.382e-6,2.852e-6
Y,194653,980.0,298.6,294.3,67.6,13.0,5.7,0,0000
T,2014,08,25,07,03,41
B,267621,20007,84,3448,162498,6148,94,3447,980.0,298.6
G,3235985,128673,91,3448,1907309,34640,68,3447,980.0,298.6
R,1288361,62598,3502,3448,765150,27057,3555,3447,980.0,298.6
D,NBXX,9999,3.125e-5,2.288e-5,1.554e-5,3.355e-6,3.344e-6,2.746e-6
Y,194975,980.0,298.6,294.3,67.7,13.1,5.7,0,0000
T,2014,08,25,07,08,41
B,267339,20962,77,3447,163094,6351,91,3447,980.0,298.6
G,3231063,132622,85,3447,1900338,36254,82,3447,980.0,298.6
R,1292455,63273,3501,3447,764199,27825,3568,3447,980.0,298.6
D,NBXX,9999,3.426e-5,2.415e-5,1.584e-5,4.022e-6,3.847e-6,3.167e-6
Y,194734,980.0,298.6,294.3,67.6,13.1,5.7,0,0000
T,2014,08,25,07,13,41
B,266652,20471,93,3447,161912,6169,98,3448,980.0,298.6
G,3233436,129580,80,3447,1906110,35720,78,3448,980.0,298.6
R,1292467,62125,3533,3447,761669,27454,3477,3448,980.0,298.6
D,NBXX,9999,3.284e-5,2.319e-5,1.518e-5,3.428e-6,3.676e-6,2.978e-6
Y,194878,980.0,298.6,294.3,67.4,13.0,5.7,0,0000
T,2014,08,25,07,18,41
B,266530,20633,103,3447,162290,6422,81,3447,980.0,298.6
G,3229397,132467,101,3447,1906426,36448,63,3447,980.0,298.6
R,1291767,63296,3493,3447,764105,27724,3570,3447,980.0,298.6
D,NBXX,9999,3.339e-5,2.412e-5,1.587e-5,4.239e-6,3.913e-6,3.116e-6
Y,194633,980.0,298.6,294.2,67.2,13.0,5.7,0,0000
T,2014,08,25,07,23,41
B,228466,17234,76,2959,137476,5415,91,2958,980.0,298.6
G,2766851,110955,76,2959,1624804,30199,74,2958,980.0,298.6
R,1105129,52995,3014,2959,650385,23798,2940,2958,980.0,298.6
D,NBXX,9999,3.174e-5,2.321e-5,1.512e-5,3.887e-6,3.546e-6,3.252e-6
Y,194256,980.0,298.6,294.2,67.2,13.0,5.7,0,0008
T,2014,08,25,07,28,41
B,259303,20284,101,3330,155694,6191,74,3330,980.1,298.6
G,3126981,129796,81,3330,1842625,35161,69,3330,980.1,298.6
R,1251094,61171,3497,3330,738399,26902,3418,3330,980.1,298.6
D,NBXX,9999,3.407e-5,2.461e-5,1.574e-5,4.075e-6,3.875e-6,3.094e-6
Y,195084,980.1,298.6,294.2,67.1,13.0,5.7,0,0008
T,2014,08,25,07,33,41
B,253511,19566,75,3261,153170,6132,84,3262,980.1,298.6
G,3064292,124755,66,3261,1801177,34460,58,3262,980.1,298.6
R,1224115,59249,3389,3261,720714,25871,3361,3262,980.1,298.6
D,NBXX,9999,3.326e-5,2.383e-5,1.536e-5,4.369e-6,3.882e-6,2.809e-6
Y,195219,980.1,298.6,294.2,66.9,13.0,5.7,0,0008
T,2014,08,25,07,38,41
B,265357,20602,90,3425,160117,6272,81,3425,980.1,298.6
G,3212379,129976,81,3425,1887420,35766,94,3425,980.1,298.6
R,1284461,62421,3559,3425,757407,27295,3505,3425,980.1,298.6
D,NBXX,9999,3.362e-5,2.357e-5,1.553e-5,3.909e-6,3.759e-6,2.919e-6
Y,194852,980.1,298.6,294.2,66.7,13.0,5.7,0,0008
T,2014,08,25,07,43,41
B,265885,20184,97,3448,162408,6469,103,3447,980.1,298.6
G,3234749,129853,97,3448,1912754,36104,73,3447,980.1,298.6
R,1294502,62440,3566,3448,766661,27826,3715,3447,980.1,298.6
D,NBXX,9999,3.211e-5,2.325e-5,1.512e-5,4.378e-6,3.791e-6,3.002e-6
Y,194900,980.1,298.6,294.2,66.6,13.0,5.7,0,0000
T,2014,08,25,07,48,41
B,267181,20245,119,3447,161364,6355,111,3447,980.2,298.6
G,3231242,129891,74,3447,1904712,36071,80,3447,980.2,298.6
R,1291809,62813,3704,3447,764049,27784,3591,3447,980.2,298.6
D,NBXX,9999,3.190e-5,2.331e-5,1.541e-5,3.826e-6,3.796e-6,2.987e-6
Y,194745,980.2,298.6,294.2,66.6,13.1,5.7,0,0000
T,2014,08,25,07,53,41
B,258068,19832,99,3343,155920,6372,72,3344,980.2,298.6
G,3134883,125988,96,3343,1842558,35048,70,3344,980.2,298.6
R,1254158,60525,3393,3343,738366,27031,3570,3344,980.2,298.6
D,NBXX,9999,3.296e-5,2.330e-5,1.521e-5,4.745e-6,3.803e-6,3.106e-6
Y,194815,980.2,298.6,294.1,66.6,13.1,5.7,0,0008
T,2014,08,25,07,58,41
B,266591,20476,86,3447,162220,6438,100,3447,980.3,298.6
G,3229157,131951,80,3447,1898582,36706,60,3447,980.3,298.6
R,1290405,62757,3564,3447,761497,27486,3611,3447,980.3,298.6
D,NBXX,9999,3.289e-5,2.397e-5,1.550e-5,4.276e-6,4.002e-6,2.903e-6
Y,194619,980.3,298.6,294.1,66.7,13.0,5.7,0,0000
T,2014,08,25,08,03,41
B,268660,20412,112,3448,162435,6162,86,3447,980.3,298.5
G,3231010,131070,78,3448,1905901,35971,95,3447,980.3,298.5
R,1293759,62241,3534,3448,762990,27853,3582,3447,980.3,298.5
D,NBXX,9999,3.218e-5,2.367e-5,1.514e-5,3.257e-6,3.762e-6,3.143e-6
Y,194674,980.3,298.5,294.1,66.6,13.0,5.7,0,0000
T,2014,08,25,08,08,41
B,266483,20080,107,3447,162734,6323,88,3447,980.3,298.5
G,3230993,127760,84,3447,1910430,35499,78,3447,980.3,298.5
R,1292434,62025,3753,3447,767270,27283,3557,3447,980.3,298.5
D,NBXX,9999,3.167e-5,2.266e-5,1.490e-5,3.901e-6,3.619e-6,2.664e-6
Y,194730,980.3,298.5,294.1,66.4,13.0,5.7,0,0000
T,2014,08,25,08,13,41
B,268960,20121,84,3447,162672,6354,112,3448,980.3,298.5
G,3232315,125211,90,3447,1905135,35328,72,3448,980.3,298.5
R,1291533,60648,3666,3447,764437,27814,3760,3448,980.3,298.5
D,NBXX,9999,3.124e-5,2.187e-5,1.400e-5,3.814e-6,3.559e-6,2.911e-6
Y,194810,980.3,298.5,294.0,66.4,13.0,5.7,0,0000
T,2014,08,25,08,18,41
B,267308,19364,77,3447,161523,6195,82,3447,980.3,298.5
G,3228532,123328,92,3447,1907337,35033,56,3447,980.3,298.5
R,1288600,60341,3541,3447,761913,27659,3615,3447,980.3,298.5
D,NBXX,9999,2.943e-5,2.134e-5,1.407e-5,3.581e-6,3.490e-6,3.039e-6
Y,194581,980.3,298.5,294.0,66.6,13.0,5.7,0,0000
T,2014,08,25,08,23,41
B,267304,19038,83,3447,161728,6158,104,3447,980.3,298.5
G,3231011,120447,90,3447,1899641,34348,46,3447,980.3,298.5
R,1291658,59636,3539,3447,763408,27407,3528,3447,980.3,298.5
D,NBXX,9999,2.834e-5,2.044e-5,1.363e-5,3.370e-6,3.276e-6,2.920e-6
Y,194731,980.3,298.5,294.0,66.6,13.0,5.7,0,0000
T,2014,08,25,08,28,41
B,267265,18892,87,3448,161218,6061,113,3447,980.3,298.5
G,3228723,119322,73,3448,1907463,33950,60,3447,980.3,298.5
R,1289737,59074,3602,3448,762852,27139,3614,3447,980.3,298.5
D,NBXX,9999,2.786e-5,2.012e-5,1.323e-5,3.036e-6,3.166e-6,2.671e-6
Y,194536,980.3,298.5,294.0,66.6,13.1,5.7,0,0000
T,2014,08,25,08,33,41
B,266887,19092,107,3447,162186,6162,79,3447,980.3,298.5
G,3231732,119247,77,3447,1909442,34436,48,3447,980.3,298.5
R,1290576,59055,3556,3447,763717,27009,3547,3447,980.3,298.5
D,NBXX,9999,2.860e-5,2.007e-5,1.327e-5,3.414e-6,3.305e-6,2.660e-6
Y,194774,980.3,298.5,294.0,66.6,13.0,5.7,0,0000
T,2014,08,25,08,38,41
B,266386,18764,88,3447,162192,6066,88,3448,980.3,298.4
G,3231909,119771,95,3447,1903066,34329,75,3448,980.3,298.4
R,1292432,59399,3521,3447,760260,26895,3563,3448,980.3,298.4
D,NBXX,9999,2.774e-5,2.021e-5,1.345e-5,3.185e-6,3.252e-6,2.583e-6
Y,194785,980.3,298.4,294.0,66.6,13.0,5.7,0,0000
T,2014,08,25,08,43,41
B,266799,18823,110,3447,162939,6232,81,3447,980.3,298.4
G,3232514,118920,78,3447,1908751,34230,62,3447,980.3,298.4
R,1289076,59405,3515,3447,765837,26979,3488,3447,980.3,298.4
D,NBXX,9999,2.778e-5,1.995e-5,1.360e-5,3.615e-6,3.234e-6,2.726e-6
Y,194822,980.3,298.4,294.0,66.6,13.0,5.7,0,0000
T,2014,08,25,08,48,41
B,267277,18534,79,3448,163534,6050,100,3447,980.4,298.4
G,3231371,117129,78,3448,1915062,34140,46,3447,980.4,298.4
R,1289055,58196,3487,3448,767157,27075,3502,3447,980.4,298.4
D,NBXX,9999,2.684e-5,1.943e-5,1.286e-5,3.076e-6,3.219e-6,2.800e-6
Y,194696,980.4,298.4,294.0,65.8,13.0,5.7,0,0000
T,2014,08,25,08,53,41
B,265819,18234,111,3425,161267,6156,90,3425,980.4,298.4
G,3214406,114548,85,3425,1896930,33717,76,3425,980.4,298.4
R,1283766,57566,3496,3425,759567,26662,3406,3425,980.4,298.4
D,NBXX,9999,2.615e-5,1.881e-5,1.266e-5,3.415e-6,3.128e-6,2.651e-6
Y,194975,980.4,298.4,294.0,65.5,13.0,5.7,0,0008
T,2014,08,25,08,58,41
B,267267,18198,101,3447,161198,6111,79,3448,980.4,298.4
G,3229259,114727,71,3447,1904619,33702,65,3448,980.4,298.4
R,1291838,57499,3607,3447,761696,26867,3515,3448,980.4,298.4
D,NBXX,9999,2.582e-5,1.871e-5,1.228e-5,3.248e-6,3.082e-6,2.544e-6
Y,194625,980.4,298.4,293.9,65.1,13.0,5.7,0,0000
T,2014,08,25,09,03,41
B,266417,57342,106,3447,161963,9562,87,3447,980.4,298.3
G,3228631,438137,83,3447,1905553,63799,49,3447,980.4,298.3
R,1289607,172909,3518,3447,762640,40783,3448,3447,980.4,298.3
D,NBXX,9999,1.455e-4,1.176e-4,8.331e-5,1.380e-5,1.228e-5,1.122e-5
Y,194587,980.4,298.3,293.9,64.3,13.0,5.7,0,0000
T,2014,08,25,09,08,41
B,266603,18156,87,3448,162606,5942,81,3447,980.5,298.3
G,3232777,113209,106,3448,1907850,33683,61,3447,980.5,298.3
R,1290889,57205,3533,3448,764054,26483,3508,3447,980.5,298.3
D,NBXX,9999,2.587e-5,1.820e-5,1.215e-5,2.830e-6,3.060e-6,2.369e-6
Y,194781,980.5,298.3,293.9,63.5,13.0,5.7,0,0000
T,2014,08,25,09,13,41
B,267153,18228,94,3447,161679,5928,75,3447,980.5,298.3
G,3226177,112609,78,3447,1901805,33714,80,3447,980.5,298.3
R,1288920,56840,3433,3447,762067,26496,3532,3447,980.5,298.3
D,NBXX,9999,2.597e-5,1.809e-5,1.202e-5,2.743e-6,3.090e-6,2.445e-6
Y,194438,980.5,298.3,293.9,63.2,13.0,5.7,0,0000
T,2014,08,25,09,18,41
B,266207,18170,94,3447,161279,6057,85,3448,980.5,298.3
G,3229972,115322,80,3447,1904464,34034,81,3448,980.5,298.3
R,1286058,57602,3429,3447,763346,26964,3361,3448,980.5,298.3
D,NBXX,9999,2.595e-5,1.888e-5,1.268e-5,3.158e-6,3.172e-6,2.879e-6
Y,194668,980.5,298.3,293.9,63.5,13.0,5.7,0,0000
T,2014,08,25,09,23,41
B,259647,17949,86,3364,157407,5908,106,3362,980.5,298.3
G,3148802,110954,93,3364,1852311,33073,68,3362,980.5,298.3
R,1256721,55487,3398,3364,742537,26049,3356,3362,980.5,298.3
D,NBXX,9999,2.660e-5,1.841e-5,1.209e-5,3.112e-6,3.146e-6,2.615e-6
Y,194457,980.5,298.3,293.9,63.0,13.0,5.7,0,0008
T,2014,08,25,09,28,41
B,260683,17950,109,3382,159462,5958,75,3381,980.5,298.3
G,3173857,111124,69,3382,1872309,33374,55,3381,980.5,298.3
R,1265376,55564,3331,3382,749453,26525,3486,3381,980.5,298.3
D,NBXX,9999,2.641e-5,1.820e-5,1.189e-5,3.221e-6,3.169e-6,2.785e-6
Y,194963,980.5,298.3,293.9,63.0,13.0,5.7,0,0008
T,2014,08,25,09,33,41
B,268150,18532,113,3447,161298,6014,87,3447,980.4,298.3
G,3229758,115089,64,3447,1897396,34419,67,3447,980.4,298.3
R,1287967,57266,3422,3447,760416,26676,3436,3447,980.4,298.3
D,NBXX,9999,2.658e-5,1.882e-5,1.241e-5,2.830e-6,3.304e-6,2.654e-6
Y,194655,980.4,298.3,293.9,63.2,13.0,5.7,0,0000
T,2014,08,25,09,38,41
B,262055,18398,117,3389,157495,6044,92,3388,980.4,298.3
G,3173623,114362,91,3389,1860517,33979,45,3388,980.4,298.3
R,1265075,56552,3402,3389,744822,26196,3248,3388,980.4,298.3
D,NBXX,9999,2.742e-5,1.921e-5,1.266e-5,3.304e-6,3.354e-6,2.717e-6
Y,194545,980.4,298.3,293.9,63.3,13.0,5.7,0,0008
T,2014,08,25,09,43,41
B,267183,18370,95,3447,161007,6075,73,3447,980.4,298.3
G,3230613,115454,70,3447,1897862,34309,71,3447,980.4,298.3
R,1289943,57904,3429,3447,759867,27158,3360,3447,980.4,298.3
D,NBXX,9999,2.640e-5,1.892e-5,1.281e-5,3.192e-6,3.264e-6,2.981e-6
Y,194707,980.4,298.3,293.9,63.0,13.0,5.7,0,0000
T,2014,08,25,09,48,41
B,267028,18520,79,3448,162368,6040,115,3447,980.4,298.3
G,3231179,113669,84,3448,1907503,33997,61,3447,980.4,298.3
R,1289936,57108,3478,3448,762805,26779,3473,3447,980.4,298.3
D,NBXX,9999,2.680e-5,1.836e-5,1.220e-5,3.009e-6,3.168e-6,2.637e-6
Y,194684,980.4,298.3,293.9,62.7,13.0,5.7,0,0000
T,2014,08,25,09,53,41
B,266960,18420,89,3447,161728,6055,89,3447,980.4,298.3
G,3231462,114223,65,3447,1904195,34050,49,3447,980.4,298.3
R,1290285,57000,3409,3447,761720,26201,3311,3447,980.4,298.3
D,NBXX,9999,2.656e-5,1.854e-5,1.229e-5,3.111e-6,3.192e-6,2.440e-6
Y,194758,980.4,298.3,293.9,62.7,13.0,5.7,0,0000
T,2014,08,25,09,58,41
B,268065,18782,78,3447,161216,5874,71,3448,980.4,298.3
G,3234298,116881,79,3447,1902904,34662,55,3448,980.4,298.3
R,1290224,57928,3421,3447,760933,26779,3428,3448,980.4,298.3
D,NBXX,9999,2.753e-5,1.931e-5,1.277e-5,2.585e-6,3.359e-6,2.699e-6
Y,194930,980.4,298.3,293.9,62.7,13.0,5.7,0,0000
T,2014,08,25,10,03,41
B,265892,18833,88,3447,162463,6069,92,3447,980.3,298.3
G,3233190,116879,82,3447,1912403,34675,68,3447,980.3,298.3
R,1289952,58204,3418,3447,763778,27116,3456,3447,980.3,298.3
D,NBXX,9999,2.804e-5,1.932e-5,1.293e-5,3.218e-6,3.364e-6,2.894e-6
Y,194863,980.3,298.3,293.9,63.3,13.0,5.7,0,0000
T,2014,08,25,10,08,41
B,267477,18323,81,3448,162480,6109,75,3447,980.3,298.2
G,3236752,113548,65,3448,1907257,34031,62,3447,980.3,298.2
R,1289108,56030,3408,3448,763517,26596,3513,3447,980.3,298.2
D,NBXX,9999,2.621e-5,1.824e-5,1.158e-5,3.310e-6,3.154e-6,2.553e-6
Y,195021,980.3,298.2,293.9,62.4,13.0,5.7,0,0000
T,2014,08,25,10,13,41
B,266095,18018,88,3447,161909,5973,98,3447,980.3,298.2
G,3227793,113247,74,3447,1911357,33876,89,3447,980.3,298.2
R,1287952,55938,3396,3447,764835,26298,3386,3447,980.3,298.2
D,NBXX,9999,2.546e-5,1.824e-5,1.165e-5,2.876e-6,3.120e-6,2.476e-6
Y,194536,980.3,298.2,293.9,61.9,13.0,5.7,0,0000
T,2014,08,25,10,18,41
B,267089,18212,67,3447,161191,6006,103,3448,980.3,298.2
G,3229890,112721,89,3447,1906402,33972,76,3448,980.3,298.2
R,1285699,56488,3386,3447,761877,26611,3421,3448,980.3,298.2
D,NBXX,9999,2.590e-5,1.805e-5,1.202e-5,2.962e-6,3.138e-6,2.666e-6
Y,194663,980.3,298.2,293.9,61.9,13.0,5.7,0,0000
T,2014,08,25,10,23,41
B,263617,18068,92,3402,159686,5957,68,3402,980.3,298.2
G,3193296,111976,78,3402,1878385,33705,69,3402,980.3,298.2
R,1272944,55927,3379,3402,749503,26418,3271,3402,980.3,298.2
D,NBXX,9999,2.622e-5,1.822e-5,1.209e-5,3.085e-6,3.184e-6,2.779e-6
Y,195005,980.3,298.2,293.9,61.9,13.0,5.7,0,0008
T,2014,08,25,10,28,41
B,267036,18194,81,3448,162475,5908,85,3447,980.3,298.2
G,3229544,112119,78,3448,1907450,34391,67,3447,980.3,298.2
R,1288064,55905,3447,3448,761853,26403,3318,3447,980.3,298.2
D,NBXX,9999,2.587e-5,1.788e-5,1.164e-5,2.691e-6,3.281e-6,2.555e-6
Y,194585,980.3,298.2,293.9,61.2,13.0,5.7,0,0000
T,2014,08,25,10,33,41
B,265787,18132,84,3447,160556,5989,75,3447,980.3,298.2
G,3227668,112659,69,3447,1901697,34347,60,3447,980.3,298.2
R,1289263,55752,3490,3447,758402,26072,3450,3447,980.3,298.2
D,NBXX,9999,2.597e-5,1.807e-5,1.139e-5,3.041e-6,3.276e-6,2.212e-6
Y,194529,980.3,298.2,293.9,61.2,13.0,5.7,0,0000
T,2014,08,25,10,38,41
B,266409,17835,106,3447,160966,6002,80,3447,980.4,298.2
G,3229096,111106,81,3447,1902369,33568,81,3447,980.4,298.2
R,1288098,54959,3474,3447,759907,26604,3350,3447,980.4,298.2
D,NBXX,9999,2.484e-5,1.757e-5,1.101e-5,2.943e-6,3.022e-6,2.632e-6
Y,194615,980.4,298.2,293.9,60.1,13.0,5.7,0,0000
T,2014,08,25,10,43,41
B,266581,17461,101,3447,161248,5861,107,3448,980.4,298.2
G,3229067,110367,79,3447,1905735,33677,58,3448,980.4,298.2
R,1285419,55569,3406,3447,760346,26733,3340,3448,980.4,298.2
D,NBXX,9999,2.358e-5,1.735e-5,1.151e-5,2.419e-6,3.061e-6,2.788e-6
Y,194613,980.4,298.2,293.9,59.4,13.0,5.7,0,0000
T,2014,08,25,10,48,41
B,266809,18205,79,3447,163066,5997,78,3447,980.4,298.2
G,3228392,112912,76,3447,1909654,34106,68,3447,980.4,298.2
R,1285984,56467,3304,3447,763276,26143,3414,3447,980.4,298.2
D,NBXX,9999,2.598e-5,1.813e-5,1.207e-5,3.004e-6,3.195e-6,2.443e-6
Y,194572,980.4,298.2,293.9,60.1,13.0,5.7,0,0000
T,2014,08,25,10,53,41
B,267412,17898,108,3448,161207,5860,84,3447,980.4,298.2
G,3228809,110436,99,3448,1898497,33789,69,3447,980.4,298.2
R,1288269,55329,3273,3448,757579,26108,3324,3447,980.4,298.2
D,NBXX,9999,2.480e-5,1.736e-5,1.140e-5,2.429e-6,3.091e-6,2.492e-6
Y,194541,980.4,298.2,293.9,59.9,13.0,5.7,0,0000
T,2014,08,25,10,58,41
B,250966,16835,105,3239,152026,5698,87,3237,980.3,298.2
G,3044558,106956,57,3239,1788665,31813,48,3237,980.3,298.2
R,1212392,53390,3206,3239,716385,24726,3109,3237,980.3,298.2
D,NBXX,9999,2.488e-5,1.830e-5,1.218e-5,3.034e-6,3.099e-6,2.517e-6
Y,195279,980.3,298.2,293.8,59.9,13.0,5.7,0,0008
T,2014,08,25,11,03,41
B,265177,17570,111,3423,160006,5998,67,3425,980.3,298.2
G,3208803,110770,75,3423,1890596,33307,62,3425,980.3,298.2
R,1279487,55484,3298,3423,757259,25925,3287,3425,980.3,298.2
D,NBXX,9999,2.430e-5,1.769e-5,1.171e-5,3.031e-6,3.009e-6,2.453e-6
Y,194748,980.3,298.2,293.9,59.9,13.0,5.7,0,0008
T,2014,08,25,11,08,41
B,265320,17831,91,3425,160891,6125,88,3425,980.3,298.2
G,3211395,110508,62,3425,1900880,33403,71,3425,980.3,298.2
R,1279962,55650,3229,3425,760871,26298,3308,3425,980.3,298.2
D,NBXX,9999,2.507e-5,1.758e-5,1.183e-5,3.418e-6,3.037e-6,2.722e-6
Y,194792,980.3,298.2,293.9,58.8,13.0,5.7,0,0008
T,2014,08,25,11,13,41
B,265807,17304,101,3448,160605,5904,71,3447,980.4,298.2
G,3230333,108327,83,3448,1894579,33240,47,3447,980.4,298.2
R,1288088,55074,3265,3448,757701,26040,3425,3447,980.4,298.2
D,NBXX,9999,2.338e-5,1.672e-5,1.118e-5,2.738e-6,2.932e-6,2.385e-6
Y,194633,980.4,298.2,293.9,57.5,13.0,5.7,0,0000
T,2014,08,25,11,18,41
B,266690,17544,85,3447,161193,5987,88,3447,980.4,298.2
G,3224019,109352,78,3447,1906374,33486,54,3447,980.4,298.2
R,1286693,55157,3321,3447,762850,26512,3329,3447,980.4,298.2
D,NBXX,9999,2.394e-5,1.710e-5,1.129e-5,2.925e-6,3.023e-6,2.713e-6
Y,194308,980.4,298.2,293.9,57.7,13.0,5.7,0,0000
T,2014,08,25,11,23,41
B,264621,18173,68,3421,159690,6128,71,3423,980.3,298.2
G,3208166,114286,61,3421,1891918,33404,65,3423,980.3,298.2
R,1276581,56816,3480,3421,754482,26250,3453,3423,980.3,298.2
D,NBXX,9999,2.640e-5,1.878e-5,1.235e-5,3.607e-6,3.045e-6,2.430e-6
Y,194824,980.3,298.2,293.9,58.1,13.0,5.7,0,0008
T,2014,08,25,11,28,41
B,266537,18354,113,3447,161698,6023,64,3447,980.3,298.2
G,3223504,115667,69,3447,1901919,33703,64,3447,980.3,298.2
R,1286868,57549,3458,3447,761375,26258,3287,3447,980.3,298.2
D,NBXX,9999,2.643e-5,1.903e-5,1.269e-5,3.031e-6,3.091e-6,2.487e-6
Y,194277,980.3,298.2,293.8,58.0,13.0,5.7,0,0000
T,2014,08,25,11,33,41
B,266823,17853,72,3448,161706,6063,80,3447,980.3,298.2
G,3227725,112328,98,3448,1900447,33418,81,3447,980.3,298.2
R,1286024,55802,3326,3448,759341,25889,3483,3447,980.3,298.2
D,NBXX,9999,2.493e-5,1.795e-5,1.159e-5,3.228e-6,2.977e-6,2.225e-6
Y,194475,980.3,298.2,293.9,57.3,13.0,5.7,0,0000
T,2014,08,25,11,38,41
B,264964,18443,79,3447,160409,6003,61,3447,980.2,298.2
G,3226325,118680,70,3447,1899088,33651,74,3447,980.2,298.2
R,1286021,58169,3355,3447,758921,26336,3468,3447,980.2,298.2
D,NBXX,9999,2.716e-5,1.992e-5,1.304e-5,3.207e-6,3.062e-6,2.487e-6
Y,194447,980.2,298.2,293.9,58.0,13.0,5.7,0,0000
T,2014,08,25,11,43,41
B,266045,18370,82,3447,161346,5969,87,3448,980.2,298.2
G,3228408,116202,84,3447,1900748,33585,69,3448,980.2,298.2
R,1288634,57713,3364,3447,757796,26418,3447,3448,980.2,298.2
D,NBXX,9999,2.661e-5,1.914e-5,1.270e-5,2.922e-6,3.029e-6,2.519e-6
Y,194573,980.2,298.2,293.9,57.8,13.0,5.7,0,0000
T,2014,08,25,11,48,41
B,265575,17641,104,3447,159727,6010,79,3447,980.2,298.2
G,3226257,112997,86,3447,1895630,33307,83,3447,980.2,298.2
R,1286119,56183,3298,3447,758533,26164,3369,3447,980.2,298.2
D,NBXX,9999,2.442e-5,1.817e-5,1.192e-5,3.034e-6,2.948e-6,2.491e-6
Y,194443,980.2,298.2,293.9,58.0,13.0,5.7,0,0000
T,2014,08,25,11,53,41
B,264496,17780,86,3415,159367,6021,88,3415,980.2,298.2
G,3199126,111984,81,3415,1884798,33568,75,3415,980.2,298.2
R,1275155,55781,3416,3415,753124,25587,3356,3415,980.2,298.2
D,NBXX,9999,2.510e-5,1.816e-5,1.186e-5,3.173e-6,3.119e-6,2.155e-6
Y,194615,980.2,298.2,293.9,57.3,13.0,5.7,0,0008
T,2014,08,25,11,58,41
B,263461,17854,94,3400,158910,5826,70,3401,980.1,298.2
G,3196135,112212,56,3400,1877803,33535,65,3401,980.1,298.2
R,1277818,54878,3413,3400,751385,25705,3328,3401,980.1,298.2
D,NBXX,9999,2.557e-5,1.827e-5,1.126e-5,2.671e-6,3.128e-6,2.223e-6
Y,195294,980.1,298.2,293.9,57.2,13.0,5.7,0,0008
T,2014,08,25,12,03,41
B,261353,18371,102,3406,158210,5908,96,3406,980.1,298.2
G,3182846,113828,75,3406,1869134,33204,74,3406,980.1,298.2
R,1266812,55925,3260,3406,747012,25620,3302,3406,980.1,298.2
D,NBXX,9999,2.750e-5,1.891e-5,1.229e-5,2.949e-6,3.062e-6,2.401e-6
Y,194135,980.1,298.2,293.9,57.3,13.0,5.7,0,0008
T,2014,08,25,12,08,41
B,265996,17967,85,3447,160739,6067,91,3447,980.1,298.2
G,3232069,113567,73,3447,1905807,33107,76,3447,980.1,298.2
R,1286935,55844,3357,3447,760627,26106,3235,3447,980.1,298.2
D,NBXX,9999,2.536e-5,1.829e-5,1.175e-5,3.205e-6,2.876e-6,2.502e-6
Y,194795,980.1,298.2,293.9,57.0,13.0,5.7,0,0000
T,2014,08,25,12,13,41
B,266856,18296,99,3448,159816,6089,80,3447,980.0,298.2
G,3226726,114504,100,3448,1902416,33689,63,3447,980.0,298.2
R,1284269,56438,3327,3448,758662,26217,3281,3447,980.0,298.2
D,NBXX,9999,2.618e-5,1.863e-5,1.217e-5,3.209e-6,3.069e-6,2.587e-6
Y,194415,980.0,298.2,293.9,56.5,13.0,5.7,0,0000
T,2014,08,25,12,18,41
B,267101,18199,91,3447,161251,5967,100,3447,980.0,298.2
G,3228997,115309,81,3447,1902205,33524,49,3447,980.0,298.2
R,1285869,56250,3355,3447,758398,25980,3347,3447,980.0,298.2
D,NBXX,9999,2.579e-5,1.887e-5,1.195e-5,2.773e-6,3.020e-6,2.355e-6
Y,194609,980.0,298.2,293.9,56.4,13.0,5.7,0,0000
T,2014,08,25,12,23,41
B,258169,17836,84,3327,156612,5781,77,3329,980.0,298.2
G,3132282,110811,74,3327,1844160,32252,69,3329,980.0,298.2
R,1245594,54745,3165,3327,735853,25283,3066,3329,980.0,298.2
D,NBXX,9999,2.665e-5,1.853e-5,1.230e-5,2.892e-6,2.923e-6,2.614e-6
Y,195593,980.0,298.2,293.9,56.2,13.0,5.7,0,0008
T,2014,08,25,12,28,41
B,261184,17622,99,3401,158437,5849,86,3402,980.0,298.2
G,3182145,111485,58,3401,1870196,32492,72,3402,980.0,298.2
R,1263896,54288,3289,3401,747886,25445,3176,3402,980.0,298.2
D,NBXX,9999,2.525e-5,1.820e-5,1.141e-5,2.819e-6,2.847e-6,2.383e-6
Y,194378,980.0,298.2,293.9,55.7,12.9,5.7,0,0008
T,2014,08,25,12,33,41
B,267008,18370,95,3448,160491,5905,95,3447,980.0,298.2
G,3224229,114272,90,3448,1901535,32899,69,3447,980.0,298.2
R,1286723,55998,3389,3448,757211,25868,3270,3447,980.0,298.2
D,NBXX,9999,2.633e-5,1.859e-5,1.180e-5,2.599e-6,2.836e-6,2.314e-6
Y,194264,980.0,298.2,293.9,55.7,13.0,5.7,0,0000
T,2014,08,25,12,38,41
B,266293,18117,89,3447,160921,5875,56,3447,980.0,298.2
G,3227366,114465,92,3447,1905719,33131,46,3447,980.0,298.2
R,1284568,56162,3260,3447,761474,25932,3411,3447,980.0,298.2
D,NBXX,9999,2.586e-5,1.862e-5,1.194e-5,2.708e-6,2.902e-6,2.359e-6
Y,194510,980.0,298.2,293.9,55.7,13.0,5.7,0,0000
T,2014,08,25,12,43,41
B,265821,18410,74,3447,161310,5873,100,3447,980.0,298.2
G,3226177,117389,78,3447,1905920,33614,53,3447,980.0,298.2
R,1285984,56820,3459,3447,759662,26317,3309,3447,980.0,298.2
D,NBXX,9999,2.676e-5,1.953e-5,1.225e-5,2.630e-6,3.056e-6,2.515e-6
Y,194438,980.0,298.2,293.9,55.9,13.0,5.7,0,0000
T,2014,08,25,12,48,41
B,266112,18928,81,3447,161424,6058,69,3448,979.9,298.2
G,3226774,119601,89,3447,1897436,34102,85,3448,979.9,298.2
R,1287038,57363,3356,3447,757471,26302,3376,3448,979.9,298.2
D,NBXX,9999,2.836e-5,2.019e-5,1.258e-5,3.257e-6,3.185e-6,2.518e-6
Y,194474,979.9,298.2,293.9,55.9,13.0,5.7,0,0000
T,2014,08,25,12,53,41
B,265952,18460,103,3447,161313,5983,91,3447,979.9,298.2
G,3231101,116972,83,3447,1906044,33782,74,3447,979.9,298.2
R,1285271,57369,3339,3447,760778,25938,3245,3447,979.9,298.2
D,NBXX,9999,2.681e-5,1.934e-5,1.273e-5,2.887e-6,3.082e-6,2.419e-6
Y,194736,979.9,298.2,294.0,55.6,13.0,5.7,0,0000
T,2014,08,25,12,58,41
B,266913,18592,103,3448,161168,5923,88,3447,979.9,298.2
G,3229956,116051,55,3448,1898831,33373,80,3447,979.9,298.2
R,1285737,56453,3409,3448,760489,25905,3346,3447,979.9,298.2
D,NBXX,9999,2.702e-5,1.908e-5,1.204e-5,2.657e-6,2.972e-6,2.276e-6
Y,194610,979.9,298.2,294.0,55.2,13.0,5.7,0,0000
T,2014,08,25,13,03,41
B,265818,18536,73,3447,160703,6070,90,3447,979.8,298.2
G,3230486,116078,74,3447,1896871,33481,66,3447,979.8,298.2
R,1283851,55955,3241,3447,757728,26267,3271,3447,979.8,298.2
D,NBXX,9999,2.718e-5,1.908e-5,1.195e-5,3.273e-6,2.998e-6,2.686e-6
Y,194699,979.8,298.2,294.0,55.1,13.0,5.7,0,0000
T,2014,08,25,13,08,41
B,263263,18339,70,3409,159414,5888,72,3411,979.7,298.2
G,3188585,116410,76,3409,1873137,33429,73,3411,979.7,298.2
R,1269975,56665,3240,3409,747558,25867,3212,3411,979.7,298.2
D,NBXX,9999,2.722e-5,1.965e-5,1.276e-5,2.963e-6,3.107e-6,2.598e-6
Y,194314,979.7,298.2,294.0,56.0,13.0,5.7,0,0008
T,2014,08,25,13,13,41
B,265468,18606,105,3447,160323,6036,84,3447,979.7,298.2
G,3227141,116214,64,3447,1903496,33867,55,3447,979.7,298.2
R,1286836,56632,3247,3447,759450,26045,3336,3447,979.7,298.2
D,NBXX,9999,2.741e-5,1.917e-5,1.224e-5,3.114e-6,3.135e-6,2.472e-6
Y,194497,979.7,298.2,293.9,55.2,13.0,5.7,0,0000
T,2014,08,25,13,18,41
B,264195,18633,72,3426,158295,5890,78,3425,979.6,298.2
G,3205785,117548,69,3426,1884183,33591,100,3425,979.6,298.2
R,1275380,56387,3191,3426,752801,26195,3375,3425,979.6,298.2
D,NBXX,9999,2.790e-5,1.980e-5,1.237e-5,2.894e-6,3.103e-6,2.683e-6
Y,194393,979.6,298.2,293.9,55.2,13.0,5.7,0,0008
T,2014,08,25,13,23,41
B,265870,18983,82,3447,160847,6146,77,3447,979.6,298.2
G,3227875,119997,72,3447,1906236,33817,81,3447,979.6,298.2
R,1286460,57837,3370,3447,760181,26025,3153,3447,979.6,298.2
D,NBXX,9999,2.858e-5,2.030e-5,1.304e-5,3.530e-6,3.105e-6,2.506e-6
Y,194541,979.6,298.2,294.0,55.9,13.0,5.7,0,0000
T,2014,08,25,13,28,41
B,265629,18905,82,3447,160378,5957,88,3448,979.6,298.2
G,3226827,120742,66,3447,1902308,33975,59,3448,979.6,298.2
R,1284822,57924,3382,3447,760863,26179,3335,3448,979.6,298.2
D,NBXX,9999,2.836e-5,2.055e-5,1.299e-5,2.923e-6,3.163e-6,2.472e-6
Y,194478,979.6,298.2,294.0,55.6,13.0,5.7,0,0000
T,2014,08,25,13,33,41
B,265815,18866,91,3447,160308,6045,90,3447,979.5,298.2
G,3225771,119255,51,3447,1896630,33699,68,3447,979.5,298.2
R,1285217,57458,3281,3447,755921,26307,3329,3447,979.5,298.2
D,NBXX,9999,2.816e-5,2.011e-5,1.277e-5,3.146e-6,3.088e-6,2.628e-6
Y,194414,979.5,298.2,294.0,55.2,13.0,5.7,0,0000
T,2014,08,25,13,38,41
B,265610,19125,102,3448,161942,5871,85,3447,979.5,298.2
G,3230514,120447,74,3448,1906722,34033,57,3447,979.5,298.2
R,1283851,57511,3290,3448,763648,26161,3141,3447,979.5,298.2
D,NBXX,9999,2.897e-5,2.042e-5,1.296e-5,2.611e-6,3.173e-6,2.683e-6
Y,194644,979.5,298.2,294.0,56.5,13.0,5.7,0,0000
T,2014,08,25,13,43,41
B,266064,19092,114,3447,161294,5990,84,3447,979.4,298.2
G,3230814,121200,82,3447,1898631,33300,65,3447,979.4,298.2
R,1284488,57700,3324,3447,757959,26317,3218,3447,979.4,298.2
D,NBXX,9999,2.874e-5,2.064e-5,1.299e-5,2.901e-6,2.940e-6,2.690e-6
Y,194719,979.4,298.2,294.1,55.6,13.0,5.7,0,0000
T,2014,08,25,13,48,41
B,264071,18968,89,3425,160522,6079,76,3426,979.4,298.3
G,3213045,121757,76,3425,1894221,33997,53,3426,979.4,298.3
R,1281233,58659,3168,3425,756350,26284,3175,3426,979.4,298.3
D,NBXX,9999,2.893e-5,2.105e-5,1.380e-5,3.435e-6,3.226e-6,2.837e-6
Y,194893,979.4,298.3,294.1,55.7,13.0,5.7,0,0008
T,2014,08,25,13,53,41
B,259637,18735,83,3357,157244,5934,76,3356,979.5,298.4
G,3153707,119367,73,3357,1852367,33644,63,3356,979.5,298.4
R,1254152,56602,3282,3357,738513,25916,3321,3356,979.5,298.4
D,NBXX,9999,2.921e-5,2.100e-5,1.300e-5,3.323e-6,3.315e-6,2.675e-6
Y,195169,979.5,298.4,294.2,54.7,13.0,5.7,0,0008
T,2014,08,25,13,58,41
B,266123,19085,96,3448,161655,5970,81,3447,979.5,298.4
G,3230770,121641,85,3448,1903007,34644,55,3447,979.5,298.4
R,1287432,58158,3412,3448,760706,26716,3324,3447,979.5,298.4
D,NBXX,9999,2.880e-5,2.080e-5,1.306e-5,2.929e-6,3.369e-6,2.774e-6
Y,194660,979.5,298.4,294.2,55.2,13.0,5.7,0,0000
T,2014,08,25,14,03,41
B,265844,19663,117,3447,161424,5972,77,3447,979.4,298.5
G,3232006,124144,91,3447,1903411,34076,80,3447,979.4,298.5
R,1287638,59412,3316,3447,760008,26282,3404,3447,979.4,298.5
D,NBXX,9999,3.057e-5,2.154e-5,1.384e-5,2.888e-6,3.178e-6,2.513e-6
Y,194791,979.4,298.5,294.3,54.9,13.0,5.7,0,0000
T,2014,08,25,14,08,41
B,266439,19693,103,3447,161426,6120,75,3448,979.4,298.6
G,3233269,122969,69,3447,1904296,33874,83,3448,979.4,298.6
R,1288588,58151,3371,3447,761295,26755,3278,3448,979.4,298.6
D,NBXX,9999,3.059e-5,2.118e-5,1.309e-5,3.353e-6,3.116e-6,2.842e-6
Y,194867,979.4,298.6,294.3,54.4,13.0,5.7,0,0000
T,2014,08,25,14,13,41
B,265113,19637,91,3447,161212,6030,103,3447,979.4,298.6
G,3231637,124402,82,3447,1904031,34100,60,3447,979.4,298.6
R,1287955,59421,3483,3447,762392,26948,3338,3447,979.4,298.6
D,NBXX,9999,3.066e-5,2.164e-5,1.376e-5,3.115e-6,3.196e-6,2.847e-6
Y,194769,979.4,298.6,294.4,54.4,13.0,5.7,0,0000
T,2014,08,25,14,18,41
B,265309,20185,68,3448,160995,6243,94,3447,979.4,298.6
G,3233864,129654,67,3448,1907761,34625,50,3447,979.4,298.6
R,1289188,61447,3499,3448,761355,26972,3305,3447,979.4,298.6
D,NBXX,9999,3.241e-5,2.322e-5,1.499e-5,3.875e-6,3.361e-6,2.867e-6
Y,194847,979.4,298.6,294.4,54.4,13.0,5.7,0,0000
T,2014,08,25,14,23,41
B,265527,20525,87,3447,160767,6051,78,3447,979.4,298.7
G,3230742,130751,79,3447,1905434,34665,72,3447,979.4,298.7
R,1287045,61113,3545,3447,761468,27074,3539,3447,979.4,298.7
D,NBXX,9999,3.342e-5,2.358e-5,1.464e-5,3.269e-6,3.369e-6,2.745e-6
Y,194715,979.4,298.7,294.4,53.4,13.0,5.7,0,0000
T,2014,08,25,14,28,41
B,265582,20672,121,3447,160697,6193,94,3448,979.4,298.7
G,3231852,133018,79,3447,1899900,34743,65,3448,979.4,298.7
R,1288596,62337,3621,3447,760994,27515,3539,3448,979.4,298.7
D,NBXX,9999,3.368e-5,2.427e-5,1.530e-5,3.517e-6,3.388e-6,2.944e-6
Y,194782,979.4,298.7,294.4,53.6,13.0,5.7,0,0000
T,2014,08,25,14,33,41
B,264938,20544,92,3447,162051,6215,85,3447,979.4,298.7
G,3228869,131345,61,3447,1908622,34377,69,3447,979.4,298.7
R,1290740,61893,3481,3447,761631,27317,3566,3447,979.4,298.7
D,NBXX,9999,3.357e-5,2.380e-5,1.505e-5,3.770e-6,3.294e-6,2.887e-6
Y,194601,979.4,298.7,294.5,53.6,13.1,5.7,0,0000
T,2014,08,25,14,38,41
B,265483,20794,90,3448,161448,6104,91,3447,979.4,298.7
G,3232104,132007,53,3448,1909871,34871,75,3447,979.4,298.7
R,1290551,62102,3580,3448,764661,27470,3562,3447,979.4,298.7
D,NBXX,9999,3.419e-5,2.396e-5,1.512e-5,3.382e-6,3.438e-6,2.919e-6
Y,194740,979.4,298.7,294.5,53.8,13.1,5.7,0,0000
T,2014,08,25,14,43,41
B,266106,20685,101,3447,161015,6036,87,3447,979.3,298.8
G,3228896,131532,62,3447,1904505,35020,75,3447,979.3,298.8
R,1289524,60919,3495,3447,761228,27572,3561,3447,979.3,298.8
D,NBXX,9999,3.369e-5,2.385e-5,1.448e-5,3.102e-6,3.488e-6,3.049e-6
Y,194603,979.3,298.8,294.5,54.3,13.0,5.7,0,0000
T,2014,08,25,14,48,41
B,266133,20367,89,3447,162037,6362,78,3448,979.3,298.8
G,3230451,130440,71,3447,1908970,35157,52,3448,979.3,298.8
R,1287117,61280,3579,3447,764598,27308,3629,3448,979.3,298.8
D,NBXX,9999,3.278e-5,2.350e-5,1.465e-5,4.166e-6,3.527e-6,2.796e-6
Y,194697,979.3,298.8,294.6,53.8,13.0,5.7,0,0000
T,2014,08,25,14,53,41
B,265786,20272,101,3447,161680,6112,99,3447,979.3,298.8
G,3228595,128741,75,3447,1910006,34621,64,3447,979.3,298.8
R,1288535,60373,3611,3447,763080,27326,3644,3447,979.3,298.8
D,NBXX,9999,3.246e-5,2.300e-5,1.403e-5,3.314e-6,3.367e-6,2.764e-6
Y,194585,979.3,298.8,294.6,53.4,13.0,5.7,0,0000
T,2014,08,25,14,58,41
B,265753,20238,93,3448,161270,6205,87,3447,979.1,298.8
G,3230023,130082,86,3448,1907620,34441,91,3447,979.1,298.8
R,1290852,61560,3697,3448,764616,27647,3619,3447,979.1,298.8
D,NBXX,9999,3.243e-5,2.338e-5,1.465e-5,3.677e-6,3.296e-6,2.901e-6
Y,194614,979.1,298.8,294.6,54.1,13.0,5.7,0,0000
T,2014,08,25,15,03,41
B,265472,20279,95,3447,161610,6095,72,3447,979.1,298.8
G,3227943,127744,77,3447,1913801,35028,84,3447,979.1,298.8
R,1290242,59978,3649,3447,766339,27260,3693,3447,979.1,298.8
D,NBXX,9999,3.267e-5,2.270e-5,1.368e-5,3.400e-6,3.485e-6,2.646e-6
Y,194545,979.1,298.8,294.6,53.9,13.0,5.7,0,0000
T,2014,08,25,15,08,41
B,266454,20235,83,3447,161829,6173,87,3447,979.1,298.8
G,3229296,127871,81,3447,1907228,34644,68,3447,979.1,298.8
R,1290091,60473,3640,3447,762158,27481,3632,3447,979.1,298.8
D,NBXX,9999,3.230e-5,2.272e-5,1.404e-5,3.561e-6,3.368e-6,2.833e-6
Y,194627,979.1,298.8,294.6,53.4,13.0,5.7,0,0000
T,2014,08,25,15,13,41
B,267259,20411,81,3447,162342,6081,103,3448,979.1,298.8
G,3236367,130636,110,3447,1908437,34727,73,3448,979.1,298.8
R,1291691,62160,3681,3447,766173,27405,3655,3448,979.1,298.8
D,NBXX,9999,3.260e-5,2.347e-5,1.499e-5,3.171e-6,3.355e-6,2.723e-6
Y,195055,979.1,298.8,294.6,54.1,13.1,5.7,0,0000
T,2014,08,25,15,18,41
B,265859,20574,107,3447,161288,6208,76,3447,979.0,298.8
G,3233743,129136,66,3447,1901040,35221,68,3447,979.0,298.8
R,1291744,61218,3702,3447,763146,27650,3714,3447,979.0,298.8
D,NBXX,9999,3.343e-5,2.306e-5,1.435e-5,3.663e-6,3.535e-6,2.820e-6
Y,194896,979.0,298.8,294.6,53.9,13.0,5.7,0,0000
T,2014,08,25,15,23,41
B,265320,20064,88,3448,160844,6139,81,3447,979.0,298.8
G,3230630,127338,82,3448,1906237,35072,84,3447,979.0,298.8
R,1289296,61248,3621,3448,763542,27470,3708,3447,979.0,298.8
D,NBXX,9999,3.204e-5,2.254e-5,1.449e-5,3.544e-6,3.491e-6,2.797e-6
Y,194651,979.0,298.8,294.6,54.3,13.1,5.7,0,0000
T,2014,08,25,15,28,41
B,266495,19470,117,3447,161451,6119,73,3447,979.0,298.8
G,3226878,123879,69,3447,1905243,34293,75,3447,979.0,298.8
R,1287449,59186,3792,3447,763331,27737,3691,3447,979.0,298.8
D,NBXX,9999,2.988e-5,2.153e-5,1.316e-5,3.322e-6,3.270e-6,2.864e-6
Y,194481,979.0,298.8,294.6,52.8,13.0,5.7,0,0000
T,2014,08,25,15,33,41
B,265885,19572,99,3447,160372,5942,81,3448,978.9,298.8
G,3223038,122587,83,3447,1899530,34227,60,3448,978.9,298.8
R,1287400,59071,3751,3447,762732,27618,3675,3448,978.9,298.8
D,NBXX,9999,3.036e-5,2.118e-5,1.313e-5,2.852e-6,3.260e-6,2.828e-6
Y,194248,978.9,298.8,294.6,53.0,13.0,5.7,0,0000
T,2014,08,25,15,38,41
B,263058,19187,93,3394,157812,6045,92,3394,978.9,298.8
G,3178633,121321,92,3394,1873188,34170,69,3394,978.9,298.8
R,1268628,58978,3683,3394,749897,27429,3730,3394,978.9,298.8
D,NBXX,9999,2.979e-5,2.131e-5,1.354e-5,3.347e-6,3.384e-6,2.896e-6
Y,194565,978.9,298.8,294.6,53.6,13.0,5.7,0,0008
