T,2014,08,30,00,03,44
B,263763,31558,123,3447,159906,7858,118,3447,980.6,300.6
G,3184905,203176,112,3447,1882510,45524,102,3447,980.6,300.6
R,1288399,86335,4870,3447,763585,35263,5124,3447,980.6,300.6
D,NBXX,9999,6.772e-5,4.667e-5,2.806e-5,8.749e-6,6.904e-6,5.691e-6
Y,191941,980.6,300.6,296.4,53.3,13.1,5.7,0,0000
T,2014,08,30,00,08,44
B,264568,32006,139,3448,159767,7852,143,3447,980.7,300.6
G,3186508,206059,125,3448,1877235,46503,122,3447,980.7,300.6
R,1286662,87493,4981,3448,762631,35299,4855,3447,980.7,300.6
D,NBXX,9999,6.867e-5,4.752e-5,2.894e-5,8.520e-6,7.192e-6,5.851e-6
Y,191983,980.7,300.6,296.4,53.8,13.1,5.7,0,0000
T,2014,08,30,00,13,44
B,264979,31639,154,3447,159350,7764,122,3447,980.7,300.6
G,3187284,204595,129,3447,1878745,46087,95,3447,980.7,300.6
R,1287697,86188,5257,3447,762423,35156,5147,3447,980.7,300.6
D,NBXX,9999,6.741e-5,4.706e-5,2.770e-5,8.228e-6,7.064e-6,5.340e-6
Y,192085,980.7,300.6,296.4,53.8,13.1,5.7,0,0000
T,2014,08,30,00,18,44
B,263283,31285,134,3447,161182,7713,121,3448,980.8,300.6
G,3184738,202824,124,3447,1877297,45707,124,3448,980.8,300.6
R,1288395,85505,4980,3447,762097,35354,4881,3448,980.8,300.6
D,NBXX,9999,6.701e-5,4.655e-5,2.764e-5,8.286e-6,6.945e-6,5.836e-6
Y,191931,980.8,300.6,296.4,53.6,13.1,5.7,0,0000
T,2014,08,30,00,23,44
B,263836,31518,158,3447,161060,7731,168,3447,980.8,300.6
G,3183999,205114,93,3447,1886711,46418,97,3447,980.8,300.6
R,1287207,87037,5071,3447,763502,35182,5116,3447,980.8,300.6
D,NBXX,9999,6.728e-5,4.730e-5,2.840e-5,8.047e-6,7.193e-6,5.516e-6
Y,191887,980.8,300.6,296.4,53.3,13.1,5.7,0,0000
T,2014,08,30,00,28,44
B,263034,31304,181,3448,160423,7698,139,3447,980.8,300.6
G,3185914,201795,96,3448,1878480,45205,115,3447,980.8,300.6
R,1290462,85276,5092,3448,763032,35053,5221,3447,980.8,300.6
D,NBXX,9999,6.693e-5,4.622e-5,2.711e-5,8.042e-6,6.805e-6,5.316e-6
Y,191947,980.8,300.6,296.4,53.4,13.1,5.7,0,0000
T,2014,08,30,00,33,44
B,264113,31336,142,3447,159471,7586,131,3447,980.8,300.6
G,3183535,205698,99,3447,1880095,45720,108,3447,980.8,300.6
R,1285406,86508,5073,3447,763832,35407,5052,3447,980.8,300.6
D,NBXX,9999,6.680e-5,4.748e-5,2.818e-5,7.765e-6,6.973e-6,5.720e-6
Y,191859,980.8,300.6,296.4,53.0,13.0,5.7,0,0000
T,2014,08,30,00,38,44
B,263843,33593,128,3447,160662,8133,138,3448,980.9,300.6
G,3185523,220855,91,3447,1881362,48033,80,3448,980.9,300.6
R,1285736,91856,5150,3447,762619,36038,5041,3448,980.9,300.6
D,NBXX,9999,7.389e-5,5.215e-5,3.142e-5,9.494e-6,7.690e-6,6.052e-6
Y,191979,980.9,300.6,296.4,52.8,13.1,5.7,0,0000
T,2014,08,30,00,43,44
B,264826,33995,138,3447,159218,8097,140,3447,980.9,300.6
G,3180709,222563,118,3447,1879345,49214,96,3447,980.9,300.6
R,1285914,92014,5082,3447,761074,36821,5180,3447,980.9,300.6
D,NBXX,9999,7.470e-5,5.277e-5,3.146e-5,9.258e-6,8.067e-6,6.487e-6
Y,191688,980.9,300.6,296.4,53.1,13.1,5.7,0,0000
T,2014,08,30,00,48,44
B,264020,35475,146,3447,159502,8584,163,3447,980.9,300.6
G,3183682,232936,67,3447,1878438,51530,114,3447,980.9,300.6
R,1287201,95553,5106,3447,762080,36666,5090,3447,980.9,300.6
D,NBXX,9999,7.947e-5,5.593e-5,3.363e-5,1.072e-5,8.783e-6,6.424e-6
Y,191867,980.9,300.6,296.4,53.1,13.1,5.7,0,0000
T,2014,08,30,00,53,44
B,264980,33152,165,3448,160747,8080,117,3447,980.9,300.6
G,3182617,217240,95,3448,1880541,48438,91,3447,980.9,300.6
R,1287198,90575,5010,3448,762803,35547,5078,3447,980.9,300.6
D,NBXX,9999,7.204e-5,5.109e-5,3.064e-5,9.184e-6,7.832e-6,5.817e-6
Y,191747,980.9,300.6,296.4,53.8,13.1,5.7,0,0000
T,2014,08,30,00,58,44
B,262936,32842,135,3447,159960,7841,100,3447,980.9,300.6
G,3185139,215843,91,3447,1882115,48418,133,3447,980.9,300.6
R,1289808,89580,5175,3447,763590,36002,5124,3447,980.9,300.6
D,NBXX,9999,7.202e-5,5.059e-5,2.979e-5,8.791e-6,7.796e-6,5.911e-6
Y,191956,980.9,300.6,296.4,54.4,13.1,5.7,0,0000
T,2014,08,30,01,03,44
B,264070,32880,134,3447,160377,7796,107,3448,981.0,300.6
G,3190380,212723,102,3447,1883125,47510,95,3448,981.0,300.6
R,1288958,87908,5194,3447,763572,35697,5152,3448,981.0,300.6
D,NBXX,9999,7.169e-5,4.949e-5,2.876e-5,8.523e-6,7.483e-6,5.695e-6
Y,192273,981.0,300.6,296.4,54.1,13.1,5.7,0,0000
T,2014,08,30,01,08,44
B,263934,32374,158,3447,160607,7677,147,3447,981.0,300.6
G,3181988,211052,108,3447,1879352,47009,120,3447,981.0,300.6
R,1287652,88300,5207,3447,765891,35126,5008,3447,981.0,300.6
D,NBXX,9999,6.996e-5,4.914e-5,2.914e-5,7.947e-6,7.359e-6,5.457e-6
Y,191765,981.0,300.6,296.4,54.3,13.1,5.7,0,0000
T,2014,08,30,01,13,44
B,263891,32120,137,3448,160227,7906,114,3447,981.1,300.6
G,3187978,211187,107,3448,1882925,47095,113,3447,981.1,300.6
R,1287794,88219,5095,3448,761407,35579,5011,3447,981.1,300.6
D,NBXX,9999,6.938e-5,4.906e-5,2.916e-5,8.857e-6,7.365e-6,5.817e-6
Y,192071,981.1,300.6,296.4,54.3,13.1,5.7,0,0000
T,2014,08,30,01,18,44
B,265849,32981,171,3447,160522,7931,156,3447,981.1,300.6
G,3182584,212325,110,3447,1884674,46834,112,3447,981.1,300.6
R,1289449,88842,5057,3447,765390,35674,5041,3447,981.1,300.6
D,NBXX,9999,7.103e-5,4.952e-5,2.949e-5,8.484e-6,7.304e-6,5.857e-6
Y,191801,981.1,300.6,296.4,54.6,13.1,5.7,0,0000
T,2014,08,30,01,23,44
B,264611,32538,169,3447,160126,7778,148,3448,981.1,300.6
G,3188676,212237,124,3447,1877519,47081,90,3448,981.1,300.6
R,1289481,87980,5179,3447,759755,35597,4982,3448,981.1,300.6
D,NBXX,9999,7.017e-5,4.937e-5,2.891e-5,8.150e-6,7.352e-6,5.759e-6
Y,192170,981.1,300.6,296.4,54.6,13.1,5.7,0,0000
T,2014,08,30,01,28,44
B,264249,32601,142,3447,160859,7852,136,3447,981.1,300.6
G,3185876,210663,119,3447,1882033,46763,91,3447,981.1,300.6
R,1290722,88052,4962,3447,763481,35369,5225,3447,981.1,300.6
D,NBXX,9999,7.063e-5,4.894e-5,2.889e-5,8.555e-6,7.271e-6,5.592e-6
Y,192000,981.1,300.6,296.4,54.7,13.1,5.7,0,0000
T,2014,08,30,01,33,44
B,265162,32701,124,3448,160301,7798,120,3447,981.1,300.7
G,3187110,212740,104,3448,1881389,47359,124,3447,981.1,300.7
R,1289052,89002,5117,3448,763118,35364,5102,3447,981.1,300.7
D,NBXX,9999,7.071e-5,4.956e-5,2.951e-5,8.437e-6,7.448e-6,5.590e-6
Y,192019,981.1,300.7,296.4,55.1,13.1,5.7,0,0000
T,2014,08,30,01,38,44
B,263762,32565,124,3447,159785,7894,126,3447,981.0,300.7
G,3183850,212765,110,3447,1882097,46915,140,3447,981.0,300.7
R,1288639,88747,5121,3447,764615,35582,5055,3447,981.0,300.7
D,NBXX,9999,7.080e-5,4.962e-5,2.940e-5,8.828e-6,7.313e-6,5.754e-6
Y,191878,981.0,300.7,296.4,55.2,13.1,5.7,0,0000
T,2014,08,30,01,43,44
B,262861,32458,152,3447,160340,7863,121,3448,981.1,300.7
G,3188051,211810,103,3447,1882654,47220,109,3448,981.1,300.7
R,1290605,88477,5115,3447,763855,35812,5040,3448,981.1,300.7
D,NBXX,9999,7.073e-5,4.925e-5,2.918e-5,8.723e-6,7.398e-6,5.883e-6
Y,192132,981.1,300.7,296.4,55.2,13.1,5.7,0,0000
T,2014,08,30,01,48,44
B,263455,32462,138,3447,160650,7716,127,3447,981.1,300.7
G,3185823,209720,110,3447,1878672,46539,104,3447,981.1,300.7
R,1288023,87508,5116,3447,763276,35195,5095,3447,981.1,300.7
D,NBXX,9999,7.055e-5,4.865e-5,2.864e-5,8.251e-6,7.201e-6,5.498e-6
Y,191997,981.1,300.7,296.4,55.4,13.1,5.7,0,0000
T,2014,08,30,01,53,44
B,264952,32702,117,3448,161154,7857,158,3447,981.1,300.7
G,3191905,212462,141,3448,1881683,47186,59,3447,981.1,300.7
R,1288256,88251,4936,3448,764242,35462,5112,3447,981.1,300.7
D,NBXX,9999,7.069e-5,4.938e-5,2.920e-5,8.527e-6,7.383e-6,5.781e-6
Y,192309,981.1,300.7,296.5,55.6,13.1,5.7,0,0000
T,2014,08,30,01,58,44
B,264566,32375,150,3447,160359,7927,146,3447,981.0,300.7
G,3188177,210838,96,3447,1880009,46672,113,3447,981.0,300.7
R,1285032,87918,5134,3447,762554,35661,5018,3447,981.0,300.7
D,NBXX,9999,6.975e-5,4.895e-5,2.904e-5,8.694e-6,7.233e-6,5.861e-6
Y,192139,981.0,300.7,296.5,55.9,13.1,5.7,0,0000
T,2014,08,30,02,03,44
B,264743,32809,145,3447,160434,7672,138,3448,981.0,300.7
G,3187782,210695,114,3447,1880775,47065,103,3448,981.0,300.7
R,1291511,88409,5116,3447,764364,35533,5120,3448,981.0,300.7
D,NBXX,9999,7.107e-5,4.891e-5,2.905e-5,7.934e-6,7.350e-6,5.644e-6
Y,192115,981.0,300.7,296.5,56.0,13.1,5.7,0,0000
T,2014,08,30,02,08,44
B,265061,32927,139,3447,160761,7890,151,3447,981.0,300.7
G,3186910,213055,138,3447,1877041,47344,91,3447,981.0,300.7
R,1288788,89504,5092,3447,761575,36206,5082,3447,981.0,300.7
D,NBXX,9999,7.129e-5,4.966e-5,2.987e-5,8.558e-6,7.440e-6,6.138e-6
Y,192063,981.0,300.7,296.5,56.2,13.1,5.7,0,0000
T,2014,08,30,02,13,44
B,264486,32383,130,3448,160169,7768,144,3447,981.0,300.8
G,3190846,212565,86,3448,1882504,47341,97,3447,981.0,300.8
R,1288467,88419,5137,3448,763780,36046,5091,3447,981.0,300.8
D,NBXX,9999,6.988e-5,4.944e-5,2.917e-5,8.297e-6,7.442e-6,6.010e-6
Y,192245,981.0,300.8,296.5,56.2,13.1,5.7,0,0000
T,2014,08,30,02,18,44
B,263681,32908,125,3447,160125,7922,132,3447,981.0,300.8
G,3189530,215056,130,3447,1879778,47143,89,3447,981.0,300.8
R,1289441,89389,5096,3447,764615,36028,5114,3447,981.0,300.8
D,NBXX,9999,7.187e-5,5.023e-5,2.974e-5,8.896e-6,7.369e-6,5.995e-6
Y,192221,981.0,300.8,296.6,56.0,13.1,5.7,0,0000
T,2014,08,30,02,23,44
B,264805,33028,161,3447,160485,7978,140,3448,981.0,300.8
G,3189482,218617,104,3447,1879910,47924,76,3448,981.0,300.8
R,1289527,90939,5243,3447,763313,36389,5141,3448,981.0,300.8
D,NBXX,9999,7.166e-5,5.134e-5,3.057e-5,8.805e-6,7.621e-6,6.086e-6
Y,192218,981.0,300.8,296.6,56.0,13.1,5.7,0,0000
T,2014,08,30,02,28,44
B,264968,32549,121,3447,160330,7762,145,3447,981.0,300.8
G,3186550,212524,112,3447,1876551,46559,113,3447,981.0,300.8
R,1289051,89051,5229,3447,760885,35547,5020,3447,981.0,300.8
D,NBXX,9999,7.024e-5,4.950e-5,2.952e-5,8.258e-6,7.200e-6,5.676e-6
Y,192041,981.0,300.8,296.6,56.0,13.1,5.7,0,0000
T,2014,08,30,02,33,44
B,265234,32817,153,3448,161302,7938,145,3447,980.9,300.9
G,3192266,214419,96,3448,1882946,46734,115,3447,980.9,300.9
R,1289257,88630,5202,3448,764043,35966,5150,3447,980.9,300.9
D,NBXX,9999,7.088e-5,5.000e-5,2.918e-5,8.683e-6,7.251e-6,5.863e-6
Y,192331,980.9,300.9,296.7,55.9,13.1,5.7,0,0000
T,2014,08,30,02,38,44
B,263934,34780,158,3447,160726,8156,128,3447,980.9,300.9
G,3187037,226855,105,3447,1882314,48730,121,3447,980.9,300.9
R,1291356,94514,5210,3447,763503,36604,5120,3447,980.9,300.9
D,NBXX,9999,7.747e-5,5.396e-5,3.274e-5,9.506e-6,7.883e-6,6.241e-6
Y,192070,980.9,300.9,296.8,56.0,13.1,5.7,0,0000
T,2014,08,30,02,43,44
B,265081,33206,141,3447,160625,7871,170,3448,980.9,301.0
G,3190491,219620,122,3447,1881244,47443,113,3448,980.9,301.0
R,1289507,91585,5165,3447,764003,36007,5229,3448,980.9,301.0
D,NBXX,9999,7.209e-5,5.164e-5,3.099e-5,8.430e-6,7.461e-6,5.858e-6
Y,192279,980.9,301.0,296.8,56.2,13.1,5.7,0,0000
T,2014,08,30,02,48,44
B,263829,32692,142,3447,161535,7902,136,3447,980.9,301.0
G,3192706,210207,97,3447,1888582,46598,105,3447,980.9,301.0
R,1290125,88073,5318,3447,765498,35919,5163,3447,980.9,301.0
D,NBXX,9999,7.110e-5,4.869e-5,2.875e-5,8.760e-6,7.206e-6,5.740e-6
Y,192413,980.9,301.0,296.8,56.2,13.0,5.7,0,0000
T,2014,08,30,02,53,44
B,264829,32585,158,3448,160488,7760,140,3447,980.9,301.1
G,3189074,210443,110,3448,1886166,46521,104,3447,980.9,301.1
R,1291145,88227,5084,3448,765242,35732,5242,3447,980.9,301.1
D,NBXX,9999,7.032e-5,4.884e-5,2.891e-5,8.171e-6,7.198e-6,5.730e-6
Y,192138,980.9,301.1,296.9,56.4,13.1,5.7,0,0000
T,2014,08,30,02,58,44
B,265335,32594,163,3447,160557,7945,184,3447,980.9,301.1
G,3188511,216469,100,3447,1886023,47709,134,3447,980.9,301.1
R,1293659,91042,5294,3447,763777,35457,5344,3447,980.9,301.1
D,NBXX,9999,6.999e-5,5.071e-5,3.033e-5,8.514e-6,7.557e-6,5.306e-6
Y,192160,980.9,301.1,296.9,56.4,13.1,5.7,0,0000
T,2014,08,30,03,03,44
B,264308,33859,150,3447,160838,7911,114,3447,980.9,301.2
G,3190241,224990,134,3447,1882913,48515,69,3447,980.9,301.2
R,1290473,93723,5134,3447,763641,36707,5310,3447,980.9,301.2
D,NBXX,9999,7.459e-5,5.332e-5,3.223e-5,8.809e-6,7.810e-6,6.247e-6
Y,192264,980.9,301.2,297.0,56.2,13.1,5.7,0,0000
T,2014,08,30,03,08,44
B,265701,33891,150,3447,160937,8329,151,3448,980.9,301.2
G,3193446,223346,90,3447,1884406,48656,112,3448,980.9,301.2
R,1292438,93523,5398,3447,767094,36630,5456,3448,980.9,301.2
D,NBXX,9999,7.401e-5,5.274e-5,3.175e-5,9.829e-6,7.834e-6,5.879e-6
Y,192458,980.9,301.2,297.0,56.2,13.0,5.7,0,0000
T,2014,08,30,03,13,44
B,265287,34500,150,3447,161289,8153,145,3447,981.0,301.2
G,3190533,226013,120,3447,1880449,48572,107,3447,981.0,301.2
R,1293820,94105,5410,3447,762976,37087,5386,3447,981.0,301.2
D,NBXX,9999,7.606e-5,5.359e-5,3.209e-5,9.355e-6,7.804e-6,6.190e-6
Y,192282,981.0,301.2,297.1,56.2,13.1,5.7,0,0000
T,2014,08,30,03,18,44
B,264212,33902,123,3448,160786,7959,155,3447,980.9,301.3
G,3194230,224737,122,3448,1883101,48056,91,3447,980.9,301.3
R,1293829,94636,5333,3448,762127,36697,5358,3447,980.9,301.3
D,NBXX,9999,7.471e-5,5.315e-5,3.249e-5,8.923e-6,7.650e-6,6.031e-6
Y,192450,980.9,301.3,297.1,56.2,13.1,5.7,0,0000
T,2014,08,30,03,23,44
B,265260,33389,160,3447,160904,7974,138,3447,980.9,301.3
G,3187007,220148,119,3447,1880076,47641,80,3447,980.9,301.3
R,1293063,94000,5292,3447,764422,36833,5373,3447,980.9,301.3
D,NBXX,9999,7.266e-5,5.189e-5,3.215e-5,8.798e-6,7.555e-6,6.137e-6
Y,192069,980.9,301.3,297.1,56.4,13.1,5.7,0,0000
T,2014,08,30,03,28,44
B,266311,34306,143,3447,160777,8082,150,3448,980.9,301.3
G,3192597,225142,112,3447,1882919,48425,98,3448,980.9,301.3
R,1292723,94692,5417,3447,766497,36782,5462,3448,980.9,301.3
D,NBXX,9999,7.508e-5,5.331e-5,3.243e-5,9.046e-6,7.764e-6,5.952e-6
Y,192407,980.9,301.3,297.1,56.5,13.1,5.7,0,0000
T,2014,08,30,03,33,44
B,263653,34244,150,3447,160459,8111,161,3447,980.9,301.3
G,3191615,223579,74,3447,1879892,49131,88,3447,980.9,301.3
R,1292528,93911,5427,3447,764846,37726,5510,3447,980.9,301.3
D,NBXX,9999,7.587e-5,5.287e-5,3.192e-5,9.317e-6,8.008e-6,6.497e-6
Y,192347,980.9,301.3,297.2,56.5,13.1,5.7,0,0000
T,2014,08,30,03,38,44
B,264329,33600,118,3448,160178,7961,151,3447,980.9,301.4
G,3190021,218566,118,3448,1881591,48028,139,3447,980.9,301.4
R,1293167,91498,5487,3448,765227,36447,5552,3447,980.9,301.4
D,NBXX,9999,7.376e-5,5.132e-5,3.034e-5,8.951e-6,7.645e-6,5.638e-6
Y,192195,980.9,301.4,297.2,56.7,13.1,5.7,0,0000
T,2014,08,30,03,43,44
B,265043,33728,137,3447,160852,8110,167,3447,980.9,301.4
G,3186126,219720,124,3447,1883626,48385,132,3447,980.9,301.4
R,1293381,93074,5564,3447,768505,37069,5524,3447,980.9,301.4
D,NBXX,9999,7.376e-5,5.176e-5,3.127e-5,9.213e-6,7.770e-6,5.977e-6
Y,192015,980.9,301.4,297.2,56.9,13.1,5.7,0,0000
T,2014,08,30,03,48,44
B,264717,33361,136,3447,161148,7924,138,3448,981.0,301.4
G,3185147,220648,120,3447,1885473,47917,98,3448,981.0,301.4
R,1292923,93323,5636,3447,767668,36917,5546,3448,981.0,301.4
D,NBXX,9999,7.286e-5,5.208e-5,3.137e-5,8.771e-6,7.638e-6,5.816e-6
Y,191956,981.0,301.4,297.2,57.0,13.1,5.7,0,0000
T,2014,08,30,03,53,44
B,264167,32768,166,3447,161614,7845,150,3447,981.0,301.4
G,3188380,216289,136,3447,1880703,47191,100,3447,981.0,301.4
R,1290438,91728,5602,3447,766989,36875,5522,3447,981.0,301.4
D,NBXX,9999,7.110e-5,5.065e-5,3.053e-5,8.433e-6,7.396e-6,5.866e-6
Y,192152,981.0,301.4,297.2,57.2,13.1,5.7,0,0000
T,2014,08,30,03,58,44
B,264860,33557,194,3448,160979,7970,164,3447,981.0,301.4
G,3187022,216953,102,3448,1881342,47035,134,3447,981.0,301.4
R,1291664,91555,5565,3448,768165,37063,5588,3447,981.0,301.4
D,NBXX,9999,7.312e-5,5.089e-5,3.035e-5,8.614e-6,7.359e-6,5.952e-6
Y,192014,981.0,301.4,297.2,57.2,13.1,5.7,0,0000
T,2014,08,30,04,03,44
B,264680,33930,185,3447,160508,8004,153,3447,981.0,301.5
G,3189909,220331,136,3447,1882526,48647,110,3447,981.0,301.5
R,1292377,93017,5565,3447,766794,37633,5619,3447,981.0,301.5
D,NBXX,9999,7.440e-5,5.187e-5,3.120e-5,8.799e-6,7.836e-6,6.266e-6
Y,192244,981.0,301.5,297.2,57.5,13.1,5.7,0,0000
T,2014,08,30,04,08,44
B,264627,35882,169,3447,161842,8391,189,3448,981.1,301.5
G,3188461,231625,126,3447,1885074,50614,120,3448,981.1,301.5
R,1291219,97375,5655,3447,769206,37987,5647,3448,981.1,301.5
D,NBXX,9999,8.036e-5,5.540e-5,3.384e-5,9.916e-6,8.448e-6,6.407e-6
Y,192157,981.1,301.5,297.3,57.7,13.1,5.7,0,0000
T,2014,08,30,04,13,44
B,264971,35308,148,3447,161018,8244,175,3447,981.1,301.5
G,3188731,228821,117,3447,1885244,50329,120,3447,981.1,301.5
R,1292749,96182,5665,3447,768853,38010,5657,3447,981.1,301.5
D,NBXX,9999,7.858e-5,5.453e-5,3.303e-5,9.564e-6,8.366e-6,6.394e-6
Y,192173,981.1,301.5,297.3,57.7,13.1,5.7,0,0000
T,2014,08,30,04,18,44
B,264188,34929,179,3448,161104,8365,151,3447,981.1,301.5
G,3188517,229566,123,3448,1883674,49961,92,3447,981.1,301.5
R,1293976,96408,5704,3448,766168,38206,5622,3447,981.1,301.5
D,NBXX,9999,7.770e-5,5.477e-5,3.312e-5,9.991e-6,8.265e-6,6.503e-6
Y,192104,981.1,301.5,297.3,57.5,13.1,5.7,0,0000
T,2014,08,30,04,23,44
B,264968,34034,142,3447,161262,8007,135,3447,981.1,301.5
G,3184432,219805,102,3447,1883867,48143,111,3447,981.1,301.5
R,1293962,92797,5773,3447,765135,37454,5700,3447,981.1,301.5
D,NBXX,9999,7.482e-5,5.183e-5,3.081e-5,9.000e-6,7.718e-6,5.932e-6
Y,191913,981.1,301.5,297.3,57.7,13.1,5.7,0,0000
T,2014,08,30,04,28,44
B,266374,33363,171,3447,161139,7816,180,3448,981.1,301.5
G,3186624,216067,122,3447,1881869,47053,145,3448,981.1,301.5
R,1292915,91341,5668,3447,768582,37348,5788,3448,981.1,301.5
D,NBXX,9999,7.197e-5,5.061e-5,2.997e-5,8.023e-6,7.346e-6,5.886e-6
Y,192045,981.1,301.5,297.3,57.7,13.1,5.7,0,0000
T,2014,08,30,04,33,44
B,265597,33597,153,3447,161072,7835,153,3447,981.2,301.5
G,3182219,215847,135,3447,1879680,47599,121,3447,981.2,301.5
R,1292254,91435,5806,3447,767530,37295,5580,3447,981.2,301.5
D,NBXX,9999,7.314e-5,5.064e-5,3.010e-5,8.314e-6,7.544e-6,5.916e-6
Y,191779,981.2,301.5,297.3,57.7,13.1,5.7,0,0000
T,2014,08,30,04,38,44
B,265482,33396,177,3448,161771,7919,154,3447,981.2,301.5
G,3184456,215103,124,3448,1881264,47150,139,3447,981.2,301.5
R,1293608,91045,5692,3448,766257,37269,5724,3447,981.2,301.5
D,NBXX,9999,7.248e-5,5.036e-5,2.978e-5,8.499e-6,7.396e-6,5.869e-6
Y,191858,981.2,301.5,297.3,57.8,13.1,5.7,0,0000
T,2014,08,30,04,43,44
B,264453,33172,164,3447,161512,7891,147,3447,981.2,301.5
G,3187399,215488,130,3447,1876778,47568,108,3447,981.2,301.5
R,1294685,91957,5703,3447,765224,37368,5753,3447,981.2,301.5
D,NBXX,9999,7.225e-5,5.043e-5,3.028e-5,8.567e-6,7.517e-6,5.883e-6
Y,192092,981.2,301.5,297.3,57.5,13.1,5.7,0,0000
T,2014,08,30,04,48,44
B,265202,34218,189,3447,161012,8189,165,3448,981.3,301.6
G,3183971,227440,111,3447,1880135,49134,138,3448,981.3,301.6
R,1294210,98549,5651,3447,767769,38220,5733,3448,981.3,301.6
D,NBXX,9999,7.506e-5,5.420e-5,3.438e-5,9.271e-6,8.010e-6,6.456e-6
Y,191885,981.3,301.6,297.3,57.5,13.1,5.7,0,0000
T,2014,08,30,04,53,44
B,266082,34407,165,3447,161952,8166,166,3447,981.3,301.6
G,3181983,226163,123,3447,1881445,48358,132,3447,981.3,301.6
R,1293193,96202,5799,3447,765913,38283,5865,3447,981.3,301.6
D,NBXX,9999,7.537e-5,5.385e-5,3.279e-5,9.210e-6,7.781e-6,6.313e-6
Y,191765,981.3,301.6,297.3,57.7,13.1,5.7,0,0000
T,2014,08,30,04,58,44
B,265925,34660,148,3448,160483,8176,130,3447,981.3,301.6
G,3185085,227574,112,3448,1878791,49366,100,3447,981.3,301.6
R,1295430,96276,5774,3448,766794,38207,5822,3447,981.3,301.6
D,NBXX,9999,7.639e-5,5.423e-5,3.279e-5,9.449e-6,8.099e-6,6.294e-6
Y,191896,981.3,301.6,297.3,57.3,13.1,5.7,0,0000
T,2014,08,30,05,03,44
B,265476,35804,169,3447,160850,8229,160,3447,981.3,301.6
G,3182391,234007,135,3447,1878194,50673,91,3447,981.3,301.6
R,1293449,97424,5739,3447,766746,38420,5866,3447,981.3,301.6
D,NBXX,9999,7.990e-5,5.628e-5,3.357e-5,9.465e-6,8.508e-6,6.436e-6
Y,191789,981.3,301.6,297.3,56.4,13.1,5.7,0,0000
T,2014,08,30,05,08,44
B,265442,36431,147,3447,161500,8360,154,3448,981.3,301.6
G,3183211,235806,147,3447,1876060,50283,114,3448,981.3,301.6
R,1296887,97754,5678,3447,766674,38010,5874,3448,981.3,301.6
D,NBXX,9999,8.193e-5,5.681e-5,3.367e-5,9.961e-6,8.365e-6,6.177e-6
Y,191839,981.3,301.6,297.3,55.9,13.1,5.7,0,0000
T,2014,08,30,05,13,44
B,265307,37233,159,3447,160998,8476,177,3447,981.4,301.6
G,3181484,244055,106,3447,1877346,50933,128,3447,981.4,301.6
R,1291725,99813,5905,3447,766782,38799,5695,3447,981.4,301.6
D,NBXX,9999,8.433e-5,5.942e-5,3.511e-5,1.021e-5,8.590e-6,6.693e-6
Y,191734,981.4,301.6,297.3,55.7,13.1,5.7,0,0000
T,2014,08,30,05,18,44
B,264685,37582,153,3447,160986,8502,147,3447,981.4,301.6
G,3179393,245900,142,3447,1876573,51499,91,3447,981.4,301.6
R,1293104,100988,5967,3447,763597,38558,5881,3447,981.4,301.6
D,NBXX,9999,8.579e-5,6.004e-5,3.560e-5,1.047e-5,8.776e-6,6.352e-6
Y,191608,981.4,301.6,297.3,55.9,13.1,5.7,0,0000
T,2014,08,30,05,23,44
B,265701,37495,161,3448,160226,8527,154,3447,981.4,301.6
G,3181880,247595,113,3448,1877369,51891,130,3447,981.4,301.6
R,1291911,101808,5879,3448,761330,38756,5782,3447,981.4,301.6
D,NBXX,9999,8.504e-5,6.050e-5,3.628e-5,1.041e-5,8.887e-6,6.627e-6
Y,191703,981.4,301.6,297.3,55.9,13.1,5.7,0,0000
T,2014,08,30,05,28,44
B,265610,38621,165,3447,160312,8579,159,3447,981.5,301.5
G,3180540,248566,116,3447,1875040,52079,108,3447,981.5,301.5
R,1292281,102154,5809,3447,764677,39291,5843,3447,981.5,301.5
D,NBXX,9999,8.847e-5,6.084e-5,3.648e-5,1.052e-5,8.954e-6,6.951e-6
Y,191677,981.5,301.5,297.3,55.9,13.1,5.7,0,0000
T,2014,08,30,05,33,44
B,265014,37318,180,3447,160738,8438,200,3448,981.5,301.5
G,3177975,245123,119,3447,1879545,51368,111,3448,981.5,301.5
R,1293663,100683,5861,3447,766261,38817,5813,3448,981.5,301.5
D,NBXX,9999,8.454e-5,5.983e-5,3.551e-5,9.946e-6,8.739e-6,6.622e-6
Y,191522,981.5,301.5,297.3,55.7,13.1,5.7,0,0000
T,2014,08,30,05,38,44
B,264608,37094,135,3447,161428,8360,156,3447,981.4,301.5
G,3182256,242601,114,3447,1876366,50865,122,3447,981.4,301.5
R,1293313,99794,5901,3447,766011,38815,5721,3447,981.4,301.5
D,NBXX,9999,8.433e-5,5.895e-5,3.502e-5,1.006e-5,8.564e-6,6.668e-6
Y,191781,981.4,301.5,297.3,55.7,13.1,5.7,0,0000
T,2014,08,30,05,43,44
B,264762,37428,119,3448,160951,8158,172,3447,981.4,301.5
G,3180964,241844,145,3448,1876593,51036,106,3447,981.4,301.5
R,1291218,99964,5927,3448,766060,38514,5770,3447,981.4,301.5
D,NBXX,9999,8.529e-5,5.874e-5,3.515e-5,9.440e-6,8.623e-6,6.461e-6
Y,191647,981.4,301.5,297.3,55.7,13.1,5.7,0,0000
T,2014,08,30,05,48,44
B,265003,36748,194,3447,161496,8371,168,3447,981.5,301.5
G,3180201,240001,110,3447,1874833,50597,129,3447,981.5,301.5
R,1290817,98860,5862,3447,766196,39186,5895,3447,981.5,301.5
D,NBXX,9999,8.285e-5,5.819e-5,3.445e-5,9.813e-6,8.490e-6,6.830e-6
Y,191657,981.5,301.5,297.2,55.9,13.1,5.7,0,0000
T,2014,08,30,05,53,44
B,265881,37221,177,3447,161134,8352,168,3448,981.5,301.5
G,3179919,238858,127,3447,1877308,51047,153,3448,981.5,301.5
R,1293496,98207,5748,3447,765509,39213,5842,3448,981.5,301.5
D,NBXX,9999,8.399e-5,5.782e-5,3.406e-5,9.727e-6,8.612e-6,6.927e-6
Y,191640,981.5,301.5,297.2,55.9,13.1,5.7,0,0000
T,2014,08,30,05,58,44
B,265393,36534,153,3447,160120,8270,163,3447,981.5,301.5
G,3179527,237771,111,3447,1876446,50229,91,3447,981.5,301.5
R,1294152,97772,5721,3447,765546,38611,5733,3447,981.5,301.5
D,NBXX,9999,8.219e-5,5.752e-5,3.386e-5,9.630e-6,8.393e-6,6.652e-6
Y,191616,981.5,301.5,297.2,55.7,13.1,5.7,0,0000
T,2014,08,30,06,03,44
B,264944,36486,143,3448,160200,8284,168,3447,981.5,301.5
G,3187486,236784,127,3448,1873205,50256,110,3447,981.5,301.5
R,1295402,98023,5737,3448,765181,38606,5851,3447,981.5,301.5
D,NBXX,9999,8.225e-5,5.702e-5,3.387e-5,9.739e-6,8.354e-6,6.545e-6
Y,192042,981.5,301.5,297.2,55.9,13.1,5.7,0,0000
T,2014,08,30,06,08,44
B,265276,35974,159,3447,160805,8318,172,3447,981.5,301.5
G,3181947,233852,116,3447,1874565,50121,91,3447,981.5,301.5
R,1295380,96943,5836,3447,767289,38508,5743,3447,981.5,301.5
D,NBXX,9999,8.047e-5,5.625e-5,3.322e-5,9.735e-6,8.345e-6,6.486e-6
Y,191763,981.5,301.5,297.2,55.9,13.1,5.7,0,0000
T,2014,08,30,06,13,44
B,263993,36136,150,3447,161400,8107,149,3448,981.5,301.5
G,3181523,233629,112,3447,1875887,49806,145,3448,981.5,301.5
R,1291858,96936,5897,3447,764939,38119,5831,3448,981.5,301.5
D,NBXX,9999,8.161e-5,5.617e-5,3.325e-5,9.310e-6,8.227e-6,6.177e-6
Y,191737,981.5,301.5,297.2,55.9,13.1,5.7,0,0000
T,2014,08,30,06,18,44
B,263718,35803,163,3447,161281,8071,143,3447,981.6,301.5
G,3175607,232614,116,3447,1878116,49749,93,3447,981.6,301.5
R,1292931,96475,5755,3447,765042,38192,5757,3447,981.6,301.5
D,NBXX,9999,8.065e-5,5.601e-5,3.307e-5,9.192e-6,8.260e-6,6.369e-6
Y,191379,981.6,301.5,297.2,55.9,13.1,5.7,0,0000
T,2014,08,30,06,23,44
B,265101,36385,131,3448,160383,8161,154,3447,981.6,301.5
G,3183764,236494,145,3448,1874793,49917,107,3447,981.6,301.5
R,1294361,97984,5715,3448,767244,38344,5776,3447,981.6,301.5
D,NBXX,9999,8.193e-5,5.701e-5,3.395e-5,9.426e-6,8.262e-6,6.466e-6
Y,191817,981.6,301.5,297.2,56.0,13.1,5.7,0,0000
T,2014,08,30,06,28,44
B,264639,36232,166,3447,159853,8257,176,3447,981.7,301.5
G,3180864,235301,132,3447,1876881,50079,123,3447,981.7,301.5
R,1292395,97501,5919,3447,764372,38339,5790,3447,981.7,301.5
D,NBXX,9999,8.146e-5,5.671e-5,3.359e-5,9.553e-6,8.320e-6,6.325e-6
Y,191697,981.7,301.5,297.2,56.0,13.1,5.7,0,0000
T,2014,08,30,06,33,44
B,264345,36562,157,3447,160722,8286,159,3448,981.6,301.5
G,3179558,237741,138,3447,1872779,50215,141,3448,981.6,301.5
R,1291591,98128,5679,3447,766157,38826,5895,3448,981.6,301.5
D,NBXX,9999,8.269e-5,5.749e-5,3.410e-5,9.755e-6,8.356e-6,6.724e-6
Y,191618,981.6,301.5,297.2,56.0,13.1,5.7,0,0000
T,2014,08,30,06,38,44
B,266022,37792,174,3447,161062,8601,171,3447,981.7,301.5
G,3179797,246516,144,3447,1876747,52067,129,3447,981.7,301.5
R,1290499,100215,5735,3447,768357,39140,5871,3447,981.7,301.5
D,NBXX,9999,8.565e-5,6.021e-5,3.540e-5,1.046e-5,8.936e-6,6.913e-6
Y,191632,981.7,301.5,297.2,56.2,13.1,5.7,0,0000
T,2014,08,30,06,43,44
B,264961,40125,164,3448,160770,9056,170,3447,981.8,301.5
G,3179986,260263,123,3448,1878452,54755,91,3447,981.8,301.5
R,1293793,104285,5871,3448,765036,39531,5738,3447,981.8,301.5
D,NBXX,9999,9.331e-5,6.449e-5,3.776e-5,1.201e-5,9.796e-6,7.116e-6
Y,191588,981.8,301.5,297.2,56.2,13.1,5.7,0,0000
T,2014,08,30,06,48,44
B,265148,40450,158,3447,161977,9221,138,3447,981.8,301.5
G,3178390,262204,140,3447,1878747,54679,100,3447,981.8,301.5
R,1290984,105612,5811,3447,767622,39827,5736,3447,981.8,301.5
D,NBXX,9999,9.436e-5,6.513e-5,3.874e-5,1.262e-5,9.766e-6,7.371e-6
Y,191547,981.8,301.5,297.2,56.4,13.1,5.7,0,0000
T,2014,08,30,06,53,44
B,265249,39556,168,3447,160993,9033,132,3448,981.9,301.5
G,3181256,254493,139,3447,1872971,53876,106,3448,981.9,301.5
R,1294722,103709,5925,3447,763835,40196,5657,3448,981.9,301.5
D,NBXX,9999,9.155e-5,6.266e-5,3.738e-5,1.202e-5,9.495e-6,7.519e-6
Y,191721,981.9,301.5,297.2,56.5,13.1,5.7,0,0000
T,2014,08,30,06,58,44
B,264869,38631,168,3447,160193,8853,141,3447,981.9,301.5
G,3180344,250263,112,3447,1878902,52930,85,3447,981.9,301.5
R,1294263,101709,5810,3447,764432,39436,5776,3447,981.9,301.5
D,NBXX,9999,8.885e-5,6.138e-5,3.617e-5,1.148e-5,9.229e-6,7.063e-6
Y,191666,981.9,301.5,297.2,56.5,13.1,5.7,0,0000
T,2014,08,30,07,03,44
B,264713,37965,144,3448,160794,8496,148,3447,982.0,301.5
G,3180346,246645,145,3448,1873297,51749,146,3447,982.0,301.5
R,1293851,100331,5796,3448,766877,38785,5726,3447,982.0,301.5
D,NBXX,9999,8.693e-5,6.023e-5,3.539e-5,1.046e-5,8.833e-6,6.720e-6
Y,191610,982.0,301.5,297.2,56.5,13.1,5.7,0,0000
T,2014,08,30,07,08,44
B,265722,37206,171,3447,160397,8418,143,3447,982.1,301.5
G,3178267,243345,160,3447,1873542,51253,110,3447,982.1,301.5
R,1290908,99600,5921,3447,765081,38856,5766,3447,982.1,301.5
D,NBXX,9999,8.409e-5,5.926e-5,3.495e-5,1.004e-5,8.692e-6,6.676e-6
Y,191540,982.1,301.5,297.2,56.5,13.1,5.7,0,0000
T,2014,08,30,07,13,44
B,265626,37234,166,3447,161543,8269,147,3448,982.1,301.5
G,3180921,242773,128,3447,1871565,50300,104,3448,982.1,301.5
R,1293720,99221,5974,3447,763780,39015,5725,3448,982.1,301.5
D,NBXX,9999,8.422e-5,5.903e-5,3.459e-5,9.595e-6,8.392e-6,6.725e-6
Y,191700,982.1,301.5,297.2,56.5,13.1,5.7,0,0000
T,2014,08,30,07,18,44
B,265232,37729,189,3447,159924,8539,147,3447,982.1,301.5
G,3176789,243170,151,3447,1872360,51101,106,3447,982.1,301.5
R,1294047,100071,5804,3447,763877,38970,5888,3447,982.1,301.5
D,NBXX,9999,8.583e-5,5.924e-5,3.511e-5,1.038e-5,8.657e-6,6.704e-6
Y,191450,982.1,301.5,297.2,56.5,13.1,5.7,0,0000
T,2014,08,30,07,23,44
B,264850,37198,147,3448,160367,8303,135,3447,982.1,301.5
G,3181932,241813,144,3448,1875092,51151,127,3447,982.1,301.5
R,1291899,100152,5901,3448,765068,38899,5812,3447,982.1,301.5
D,NBXX,9999,8.455e-5,5.870e-5,3.523e-5,9.896e-6,8.647e-6,6.677e-6
Y,191706,982.1,301.5,297.2,56.5,13.1,5.7,0,0000
T,2014,08,30,07,28,44
B,264155,37157,157,3447,160956,8582,152,3447,982.1,301.5
G,3181240,244761,92,3447,1879408,50572,88,3447,982.1,301.5
R,1294472,101379,5748,3447,765379,38736,5632,3447,982.1,301.5
D,NBXX,9999,8.463e-5,5.966e-5,3.611e-5,1.071e-5,8.499e-6,6.778e-6
Y,191720,982.1,301.5,297.2,56.9,13.1,5.7,0,0000
T,2014,08,30,07,33,44
B,264812,37497,186,3447,160609,8366,171,3447,982.1,301.5
G,3181070,249738,142,3447,1875326,51533,123,3447,982.1,301.5
R,1290590,103466,5701,3447,764443,39437,5756,3447,982.1,301.5
D,NBXX,9999,8.523e-5,6.118e-5,3.750e-5,9.819e-6,8.767e-6,7.200e-6
Y,191709,982.1,301.5,297.2,57.2,13.1,5.7,0,0000
T,2014,08,30,07,38,44
B,265287,38175,161,3447,160834,8732,143,3448,982.1,301.5
G,3179655,252879,132,3447,1876461,52064,89,3448,982.1,301.5
R,1293066,104553,5888,3447,764899,39695,5805,3448,982.1,301.5
D,NBXX,9999,8.728e-5,6.220e-5,3.790e-5,1.107e-5,8.950e-6,7.154e-6
Y,191624,982.1,301.5,297.2,57.5,13.1,5.7,0,0000
T,2014,08,30,07,43,44
B,264542,37589,190,3447,160785,8552,139,3447,982.2,301.4
G,3179580,246533,102,3447,1877262,51381,97,3447,982.2,301.4
R,1293202,102344,5668,3447,764736,39088,5823,3447,982.2,301.4
D,NBXX,9999,8.572e-5,6.024e-5,3.668e-5,1.051e-5,8.751e-6,6.930e-6
Y,191619,982.2,301.4,297.1,57.7,13.1,5.7,0,0000
T,2014,08,30,07,48,44
B,264628,38049,185,3448,160936,8370,142,3447,982.2,301.4
G,3180302,246893,137,3448,1878312,51072,95,3447,982.2,301.4
R,1292868,101798,5837,3448,766657,39163,5685,3447,982.2,301.4
D,NBXX,9999,8.711e-5,6.033e-5,3.633e-5,9.962e-6,8.644e-6,6.964e-6
Y,191607,982.2,301.4,297.1,57.8,13.1,5.7,0,0000
T,2014,08,30,07,53,44
B,265671,37118,151,3447,161611,8269,156,3447,982.3,301.4
G,3182856,241610,115,3447,1874828,50221,114,3447,982.3,301.4
R,1291887,99782,5818,3447,765026,38832,5776,3447,982.3,301.4
D,NBXX,9999,8.387e-5,5.863e-5,3.509e-5,9.620e-6,8.364e-6,6.715e-6
Y,191817,982.3,301.4,297.1,58.0,13.1,5.7,0,0000
T,2014,08,30,07,58,44
B,264394,37601,147,3447,160733,8296,189,3448,982.3,301.3
G,3172889,243333,124,3447,1874444,50845,133,3448,982.3,301.3
R,1293250,99706,5785,3447,765689,39054,5767,3448,982.3,301.3
D,NBXX,9999,8.580e-5,5.939e-5,3.501e-5,9.710e-6,8.592e-6,6.859e-6
Y,191215,982.3,301.3,297.0,58.1,13.1,5.7,0,0000
T,2014,08,30,08,03,44
B,265745,37609,147,3447,161259,8499,153,3447,982.3,301.3
G,3177243,245724,124,3447,1876363,51653,106,3447,982.3,301.3
R,1291382,101002,5706,3447,765332,39278,5728,3447,982.3,301.3
D,NBXX,9999,8.536e-5,6.004e-5,3.597e-5,1.034e-5,8.836e-6,7.109e-6
Y,191478,982.3,301.3,296.9,58.6,13.1,5.7,0,0000
T,2014,08,30,08,08,44
B,265926,37908,163,3448,160877,8602,147,3447,982.3,301.2
G,3180658,246860,104,3448,1872630,51302,121,3447,982.3,301.2
R,1293930,100996,5672,3448,764294,39201,5693,3447,982.3,301.2
D,NBXX,9999,8.617e-5,6.028e-5,3.591e-5,1.061e-5,8.703e-6,7.086e-6
Y,191629,982.3,301.2,296.9,59.0,13.1,5.7,0,0000
T,2014,08,30,08,13,44
B,264871,38144,150,3447,160501,8535,125,3447,982.3,301.2
G,3172924,247918,93,3447,1873596,51870,87,3447,982.3,301.2
R,1291426,100462,5735,3447,763435,38867,5649,3447,982.3,301.2
D,NBXX,9999,8.747e-5,6.081e-5,3.567e-5,1.062e-5,8.930e-6,6.892e-6
Y,191217,982.3,301.2,296.9,59.6,13.1,5.7,0,0000
T,2014,08,30,08,18,44
B,265280,38381,181,3447,161656,8540,155,3448,982.3,301.2
G,3181134,248592,108,3447,1876279,52188,100,3448,982.3,301.2
R,1290534,100489,5631,3447,765308,38967,5693,3448,982.3,301.2
D,NBXX,9999,8.781e-5,6.081e-5,3.577e-5,1.037e-5,8.972e-6,7.001e-6
Y,191713,982.3,301.2,296.8,60.1,13.1,5.7,0,0000
T,2014,08,30,08,23,44
B,266442,38026,171,3447,160232,8515,176,3447,982.3,301.2
G,3172159,245612,115,3447,1870353,51857,121,3447,982.3,301.2
R,1290694,100821,5774,3447,763952,38859,5708,3447,982.3,301.2
D,NBXX,9999,8.618e-5,6.010e-5,3.585e-5,1.016e-5,8.910e-6,6.826e-6
Y,191170,982.3,301.2,296.8,60.6,13.1,5.7,0,0000
T,2014,08,30,08,28,44
B,266292,37815,141,3448,161060,8452,112,3447,982.2,301.1
G,3179733,242859,81,3448,1874650,50796,122,3447,982.2,301.1
R,1293059,98448,5597,3448,765205,38434,5667,3447,982.2,301.1
D,NBXX,9999,8.589e-5,5.907e-5,3.445e-5,1.030e-5,8.559e-6,6.698e-6
Y,191573,982.2,301.1,296.8,61.1,13.1,5.7,0,0000
T,2014,08,30,08,33,44
B,264008,40358,145,3447,161352,8875,154,3447,982.3,301.1
G,3176925,264853,142,3447,1880645,54637,83,3447,982.3,301.1
R,1292186,106622,5673,3447,766848,39992,5612,3447,982.3,301.1
D,NBXX,9999,9.457e-5,6.596e-5,3.949e-5,1.165e-5,9.753e-6,7.644e-6
Y,191459,982.3,301.1,296.8,61.6,13.1,5.7,0,0000
T,2014,08,30,08,38,44
B,265674,36376,195,3447,160692,8271,164,3448,982.3,301.1
G,3182207,235457,125,3447,1874426,49844,112,3448,982.3,301.1
R,1292007,98382,5607,3447,763346,37911,5540,3448,982.3,301.1
D,NBXX,9999,8.139e-5,5.670e-5,3.454e-5,9.420e-6,8.230e-6,6.462e-6
Y,191778,982.3,301.1,296.8,62.2,13.1,5.7,0,0000
T,2014,08,30,08,43,44
B,264146,36917,137,3447,161035,8321,141,3447,982.3,301.1
G,3181201,241393,138,3447,1871288,51152,125,3447,982.3,301.1
R,1292688,101452,5610,3447,764885,38687,5495,3447,982.3,301.1
D,NBXX,9999,8.397e-5,5.856e-5,3.642e-5,1.001e-5,8.636e-6,6.965e-6
Y,191717,982.3,301.1,296.8,62.9,13.1,5.7,0,0000
T,2014,08,30,08,48,44
B,265855,36771,167,3448,161053,8413,178,3447,982.3,301.1
G,3185442,239373,94,3448,1877049,50619,103,3447,982.3,301.1
R,1291813,99378,5582,3448,766397,38503,5522,3447,982.3,301.1
D,NBXX,9999,8.257e-5,5.786e-5,3.518e-5,9.903e-6,8.478e-6,6.869e-6
Y,191918,982.3,301.1,296.8,63.7,13.1,5.7,0,0000
T,2014,08,30,08,53,44
B,265613,36131,155,3447,160951,8475,173,3447,982.3,301.0
G,3181359,237067,110,3447,1876836,50323,79,3447,982.3,301.0
R,1290749,98619,5615,3447,765580,38161,5419,3447,982.3,301.0
D,NBXX,9999,8.077e-5,5.724e-5,3.481e-5,1.016e-5,8.404e-6,6.716e-6
Y,191727,982.3,301.0,296.7,64.3,13.1,5.7,0,0000
T,2014,08,30,08,58,44
B,265386,35316,153,3447,160141,7966,152,3448,982.3,301.0
G,3182169,230794,108,3447,1875508,49416,103,3448,982.3,301.0
R,1293208,96556,5332,3447,764462,37624,5332,3448,982.3,301.0
D,NBXX,9999,7.844e-5,5.527e-5,3.371e-5,8.703e-6,8.106e-6,6.615e-6
Y,191776,982.3,301.0,296.7,65.0,13.1,5.7,0,0000
T,2014,08,30,09,03,44
B,265120,36786,172,3447,160536,8377,138,3447,982.2,301.0
G,3178931,242980,101,3447,1872480,51201,100,3447,982.2,301.0
R,1291224,100892,5305,3447,761447,38399,5413,3447,982.2,301.0
D,NBXX,9999,8.304e-5,5.913e-5,3.641e-5,9.977e-6,8.684e-6,7.082e-6
Y,191580,982.2,301.0,296.7,65.1,13.1,5.7,0,0000
T,2014,08,30,09,08,44
B,265891,37219,133,3448,161757,8710,147,3447,982.2,301.0
G,3182003,244856,147,3448,1879357,51598,81,3447,982.2,301.0
R,1293878,100987,5520,3448,764833,38483,5322,3447,982.2,301.0
D,NBXX,9999,8.415e-5,5.963e-5,3.627e-5,1.103e-5,8.787e-6,7.018e-6
Y,191710,982.2,301.0,296.7,65.3,13.1,5.7,0,0000
T,2014,08,30,09,13,44
B,265070,35387,135,3447,160321,8085,141,3447,982.2,301.0
G,3178806,231271,119,3447,1875009,48869,80,3447,982.2,301.0
R,1292199,96509,5390,3447,765853,37554,5429,3447,982.2,301.0
D,NBXX,9999,7.889e-5,5.549e-5,3.361e-5,9.206e-6,7.962e-6,6.479e-6
Y,191572,982.2,301.0,296.7,65.8,13.1,5.7,0,0000
T,2014,08,30,09,18,44
B,266201,35688,153,3447,161473,8118,145,3448,982.1,301.0
G,3182290,230709,106,3447,1880810,48727,121,3448,982.1,301.0
R,1289573,95962,5397,3447,764655,37133,5413,3448,982.1,301.0
D,NBXX,9999,7.927e-5,5.523e-5,3.339e-5,9.121e-6,7.886e-6,6.253e-6
Y,191783,982.1,301.0,296.7,65.9,13.1,5.7,0,0000
T,2014,08,30,09,23,44
B,265698,34621,130,3447,160446,7879,140,3447,982.2,301.0
G,3177175,225703,100,3447,1878018,47768,94,3447,982.2,301.0
R,1291046,93708,5263,3447,762304,37160,5371,3447,982.2,301.0
D,NBXX,9999,7.630e-5,5.380e-5,3.207e-5,8.540e-6,7.629e-6,6.383e-6
Y,191474,982.2,301.0,296.7,66.3,13.1,5.7,0,0000
T,2014,08,30,09,28,44
B,266129,34982,176,3448,161438,7960,137,3447,982.2,301.0
G,3181380,227626,137,3448,1874576,47938,102,3447,982.2,301.0
R,1290294,95099,5282,3448,766115,37177,5331,3447,982.2,301.0
D,NBXX,9999,7.709e-5,5.429e-5,3.296e-5,8.605e-6,7.650e-6,6.423e-6
Y,191672,982.2,301.0,296.8,66.6,13.1,5.7,0,0000
T,2014,08,30,09,33,44
B,265762,35827,153,3447,161512,8146,125,3447,982.2,301.0
G,3181015,234705,116,3447,1878058,48792,113,3447,982.2,301.0
R,1290688,96235,5325,3447,765894,37312,5288,3447,982.2,301.0
D,NBXX,9999,7.995e-5,5.650e-5,3.365e-5,9.324e-6,7.916e-6,6.495e-6
Y,191706,982.2,301.0,296.8,66.7,13.1,5.7,0,0000
T,2014,08,30,09,38,44
B,264151,36177,173,3447,160280,8247,137,3447,982.2,301.0
G,3180202,239021,122,3447,1877812,50533,104,3447,982.2,301.0
R,1292259,97956,5474,3447,763963,37902,5401,3447,982.2,301.0
D,NBXX,9999,8.158e-5,5.786e-5,3.446e-5,9.667e-6,8.462e-6,6.652e-6
Y,191657,982.2,301.0,296.7,66.7,13.1,5.7,0,0000
T,2014,08,30,09,43,44
B,264966,37613,175,3447,160616,8364,154,3448,982.2,300.9
G,3179985,248337,141,3447,1876267,51786,110,3448,982.2,300.9
R,1290470,101543,5292,3447,765131,38221,5213,3448,982.2,300.9
D,NBXX,9999,8.558e-5,6.075e-5,3.697e-5,9.877e-6,8.838e-6,7.114e-6
Y,191644,982.2,300.9,296.7,66.9,13.1,5.7,0,0000
T,2014,08,30,09,48,44
B,265847,38001,115,3447,161326,8365,123,3447,982.3,300.9
G,3183580,248072,117,3447,1874569,51208,114,3447,982.3,300.9
R,1290287,102017,5261,3447,764964,38042,5297,3447,982.3,300.9
D,NBXX,9999,8.671e-5,6.059e-5,3.723e-5,1.012e-5,8.653e-6,6.974e-6
Y,191861,982.3,300.9,296.7,67.1,13.1,5.7,0,0000
T,2014,08,30,09,53,44
B,266246,37176,166,3448,161606,8312,160,3447,982.3,300.9
G,3184430,243705,112,3448,1879569,51134,99,3447,982.3,300.9
R,1290284,99594,5323,3448,764297,37985,5272,3447,982.3,300.9
D,NBXX,9999,8.371e-5,5.922e-5,3.571e-5,9.625e-6,8.637e-6,6.919e-6
Y,191857,982.3,300.9,296.7,67.2,13.1,5.7,0,0000
T,2014,08,30,09,58,44
B,265332,36382,155,3447,160511,8187,143,3447,982.4,300.9
G,3183589,235187,135,3447,1876966,48951,119,3447,982.4,300.9
R,1289842,96225,5425,3447,763031,37001,5406,3447,982.4,300.9
D,NBXX,9999,8.176e-5,5.658e-5,3.349e-5,9.417e-6,7.944e-6,6.146e-6
Y,191862,982.4,300.9,296.8,67.6,13.1,5.7,0,0000
T,2014,08,30,10,03,44
B,265316,37656,144,3447,160487,8629,162,3448,982.4,300.9
G,3182769,241724,114,3447,1875927,50981,126,3448,982.4,300.9
R,1291682,98176,5298,3447,765778,37717,5349,3448,982.4,300.9
D,NBXX,9999,8.564e-5,5.863e-5,3.475e-5,1.073e-5,8.578e-6,6.689e-6
Y,191812,982.4,300.9,296.8,67.9,13.1,5.7,0,0000
T,2014,08,30,10,08,44
B,264664,36283,167,3447,161454,8200,154,3447,982.4,300.9
G,3180367,235132,93,3447,1881344,49371,93,3447,982.4,300.9
R,1291627,95975,5205,3447,764919,37140,5357,3447,982.4,300.9
D,NBXX,9999,8.165e-5,5.666e-5,3.346e-5,9.436e-6,8.115e-6,6.402e-6
Y,191667,982.4,300.9,296.7,67.7,13.1,5.7,0,0000
T,2014,08,30,10,13,44
B,266308,35717,144,3448,160493,7972,136,3447,982.4,300.9
G,3189296,232652,113,3448,1876962,48820,112,3447,982.4,300.9
R,1293547,95143,5222,3448,764145,36697,5240,3447,982.4,300.9
D,NBXX,9999,7.938e-5,5.568e-5,3.294e-5,8.742e-6,7.892e-6,6.184e-6
Y,192151,982.4,300.9,296.8,67.9,13.0,5.7,0,0000
T,2014,08,30,10,18,44
B,264885,38046,153,3447,160514,8393,156,3447,982.5,301.0
G,3185085,248004,98,3447,1879024,51887,107,3447,982.5,301.0
R,1291662,100546,5398,3447,763661,37992,5182,3447,982.5,301.0
D,NBXX,9999,8.702e-5,6.054e-5,3.628e-5,1.005e-5,8.865e-6,6.925e-6
Y,191952,982.5,301.0,296.8,68.2,13.0,5.7,0,0000
T,2014,08,30,10,23,44
B,264646,37877,123,3447,160525,8278,157,3448,982.5,301.0
G,3185092,243437,123,3447,1873803,51147,81,3448,982.5,301.0
R,1290321,99961,5350,3447,765263,37904,5294,3448,982.5,301.0
D,NBXX,9999,8.670e-5,5.912e-5,3.593e-5,9.816e-6,8.631e-6,6.836e-6
Y,191953,982.5,301.0,296.8,67.4,13.1,5.7,0,0000
T,2014,08,30,10,28,44
B,263482,38794,146,3447,160613,8545,135,3447,982.5,301.0
G,3181674,253741,130,3447,1875539,53038,96,3447,982.5,301.0
R,1293095,102403,5276,3447,764254,38356,5315,3447,982.5,301.0
D,NBXX,9999,9.004e-5,6.239e-5,3.735e-5,1.075e-5,9.232e-6,7.122e-6
Y,191746,982.5,301.0,296.8,67.6,13.1,5.7,0,0000
T,2014,08,30,10,33,44
B,266003,37551,162,3448,161565,8139,155,3447,982.5,301.0
G,3181281,244610,109,3448,1880457,50632,124,3447,982.5,301.0
R,1290648,99107,5267,3448,765292,37773,5328,3447,982.5,301.0
D,NBXX,9999,8.499e-5,5.957e-5,3.542e-5,9.150e-6,8.489e-6,6.797e-6
Y,191666,982.5,301.0,296.8,68.0,13.1,5.7,0,0000
T,2014,08,30,10,38,44
B,266070,39387,114,3447,160700,8942,154,3447,982.5,301.0
G,3182046,260564,98,3447,1881114,54393,101,3447,982.5,301.0
R,1294163,104933,5196,3447,765604,39334,5361,3447,982.5,301.0
D,NBXX,9999,9.075e-5,6.451e-5,3.887e-5,1.176e-5,9.660e-6,7.732e-6
Y,191768,982.5,301.0,296.8,67.6,13.1,5.7,0,0000
T,2014,08,30,10,43,44
B,266112,39126,136,3447,160788,8628,147,3448,982.5,301.0
G,3180599,256847,120,3447,1874875,53030,104,3448,982.5,301.0
R,1293481,103711,5230,3447,764007,38551,5222,3448,982.5,301.0
D,NBXX,9999,8.988e-5,6.338e-5,3.823e-5,1.074e-5,9.231e-6,7.330e-6
Y,191681,982.5,301.0,296.8,67.9,13.1,5.7,0,0000
T,2014,08,30,10,48,44
B,265243,38973,177,3447,160684,8625,168,3447,982.5,301.0
G,3185226,253106,119,3447,1876154,52916,92,3447,982.5,301.0
R,1291359,102004,5370,3447,764229,38569,5336,3447,982.5,301.0
D,NBXX,9999,8.958e-5,6.211e-5,3.710e-5,1.060e-5,9.181e-6,7.193e-6
Y,191961,982.5,301.0,296.8,68.2,13.1,5.7,0,0000
T,2014,08,30,10,53,44
B,265861,39295,137,3448,160650,8755,114,3447,982.4,301.0
G,3186988,257142,101,3448,1877773,54053,96,3447,982.4,301.0
R,1293452,103598,5379,3448,764494,38722,5219,3447,982.4,301.0
D,NBXX,9999,9.062e-5,6.332e-5,3.806e-5,1.128e-5,9.534e-6,7.343e-6
Y,192012,982.4,301.0,296.8,68.4,13.1,5.7,0,0000
T,2014,08,30,10,58,44
B,265192,37039,140,3447,160998,8235,155,3447,982.4,301.0
G,3182749,238377,110,3447,1875374,50013,113,3447,982.4,301.0
R,1292775,97718,5330,3447,764960,37165,5277,3447,982.4,301.0
D,NBXX,9999,8.384e-5,5.760e-5,3.448e-5,9.588e-6,8.289e-6,6.385e-6
Y,191811,982.4,301.0,296.8,68.9,13.1,5.7,0,0000
T,2014,08,30,11,03,44
B,264738,36187,163,3447,160857,8049,135,3448,982.4,301.0
G,3186666,231101,118,3447,1872506,49071,95,3448,982.4,301.0
R,1291438,95911,5407,3447,761915,37453,5361,3448,982.4,301.0
D,NBXX,9999,8.140e-5,5.526e-5,3.331e-5,9.040e-6,7.977e-6,6.457e-6
Y,192048,982.4,301.0,296.9,69.2,13.1,5.7,0,0000
T,2014,08,30,11,08,44
B,265973,38070,150,3447,161062,8620,126,3447,982.3,301.0
G,3183375,245387,123,3447,1882164,51903,117,3447,982.3,301.0
R,1293516,100610,5369,3447,764433,38210,5288,3447,982.3,301.0
D,NBXX,9999,8.673e-5,5.975e-5,3.618e-5,1.076e-5,8.866e-6,6.981e-6
Y,191849,982.3,301.0,296.9,68.5,13.1,5.7,0,0000
T,2014,08,30,11,13,44
B,266124,34656,144,3448,159823,7866,149,3447,982.3,301.0
G,3186367,223917,86,3448,1875801,47596,106,3447,982.3,301.0
R,1295698,92520,5403,3448,763901,36804,5415,3447,982.3,301.0
D,NBXX,9999,7.616e-5,5.305e-5,3.103e-5,8.388e-6,7.538e-6,5.985e-6
Y,191974,982.3,301.0,296.9,68.4,13.1,5.7,0,0000
T,2014,08,30,11,18,44
B,264872,36531,131,3447,160953,8389,97,3447,982.3,301.0
G,3182053,237251,101,3447,1878572,50634,80,3447,982.3,301.0
R,1289963,96804,5369,3447,764073,37499,5165,3447,982.3,301.0
D,NBXX,9999,8.265e-5,5.728e-5,3.408e-5,1.032e-5,8.500e-6,6.675e-6
Y,191769,982.3,301.0,296.9,68.5,13.1,5.7,0,0000
T,2014,08,30,11,23,44
B,264665,35417,173,3447,160723,8004,134,3448,982.3,301.0
G,3179341,227369,109,3447,1879044,48016,108,3448,982.3,301.0
R,1290964,94536,5304,3447,763582,36835,5208,3448,982.3,301.0
D,NBXX,9999,7.904e-5,5.426e-5,3.266e-5,8.876e-6,7.683e-6,6.266e-6
Y,191605,982.3,301.0,296.8,68.9,13.1,5.7,0,0000
T,2014,08,30,11,28,44
B,265334,34997,154,3447,160361,7963,138,3447,982.2,300.9
G,3179948,225988,133,3447,1877840,48106,92,3447,982.2,300.9
R,1290723,93922,5247,3447,763620,36527,5299,3447,982.2,300.9
D,NBXX,9999,7.753e-5,5.382e-5,3.224e-5,8.751e-6,7.710e-6,6.047e-6
Y,191642,982.2,300.9,296.8,69.2,13.1,5.7,0,0000
T,2014,08,30,11,33,44
B,265856,44338,158,3448,160964,9688,164,3447,982.2,300.9
G,3183361,325257,93,3448,1872713,65017,116,3447,982.2,300.9
R,1290488,144270,5168,3448,762948,45476,5213,3447,982.2,300.9
D,NBXX,9999,1.058e-4,8.454e-5,6.329e-5,1.388e-5,1.295e-5,1.167e-5
Y,191792,982.2,300.9,296.8,69.2,13.1,5.7,0,0000
T,2014,08,30,11,38,44
B,265482,34818,150,3447,160749,7841,167,3447,982.2,301.0
G,3185698,227100,108,3447,1876198,47777,114,3447,982.2,301.0
R,1290537,94855,5179,3447,762966,36672,5173,3447,982.2,301.0
D,NBXX,9999,7.683e-5,5.404e-5,3.299e-5,8.275e-6,7.582e-6,6.290e-6
Y,191989,982.2,301.0,296.9,70.0,13.0,5.7,0,0000
T,2014,08,30,11,43,44
B,265297,37017,156,3447,161098,8218,166,3448,982.2,301.0
G,3178937,242700,121,3447,1878213,50575,99,3448,982.2,301.0
R,1291323,100506,5402,3447,764004,37573,5132,3448,982.2,301.0
D,NBXX,9999,8.364e-5,5.903e-5,3.630e-5,9.423e-6,8.479e-6,6.699e-6
Y,191580,982.2,301.0,296.9,69.5,13.1,5.7,0,0000
T,2014,08,30,11,48,44
B,264785,37475,140,3447,160817,8685,136,3447,982.2,301.0
G,3181704,243718,113,3447,1875264,52674,96,3447,982.2,301.0
R,1290413,100984,5358,3447,761140,38378,5221,3447,982.2,301.0
D,NBXX,9999,8.542e-5,5.929e-5,3.660e-5,1.107e-5,9.125e-6,7.178e-6
Y,191748,982.2,301.0,296.9,69.5,13.1,5.7,0,0000
T,2014,08,30,11,53,44
B,265149,38097,158,3447,160861,8527,177,3447,982.2,301.0
G,3181163,251277,121,3447,1873691,53418,96,3447,982.2,301.0
R,1294175,102997,5280,3447,763966,38139,5327,3447,982.2,301.0
D,NBXX,9999,8.697e-5,6.164e-5,3.765e-5,1.034e-5,9.355e-6,6.965e-6
Y,191715,982.2,301.0,296.9,69.5,13.1,5.7,0,0000
T,2014,08,30,11,58,44
B,265717,36051,117,3448,160861,8372,157,3447,982.2,301.0
G,3184220,237047,111,3448,1871503,49878,96,3447,982.2,301.0
R,1291328,97599,5322,3448,763942,37633,5447,3447,982.2,301.0
D,NBXX,9999,8.066e-5,5.716e-5,3.435e-5,1.004e-5,8.250e-6,6.579e-6
Y,191844,982.2,301.0,296.9,69.8,13.1,5.7,0,0000
T,2014,08,30,12,03,44
B,265283,35828,128,3447,161554,8089,164,3447,982.1,301.0
G,3179706,230245,117,3447,1876403,49025,105,3447,982.1,301.0
R,1290612,95671,5100,3447,764613,37309,5304,3447,982.1,301.0
D,NBXX,9999,8.010e-5,5.515e-5,3.345e-5,9.142e-6,7.997e-6,6.643e-6
Y,191627,982.1,301.0,297.0,70.0,13.1,5.7,0,0000
T,2014,08,30,12,08,44
B,264911,33971,144,3447,161761,7909,148,3448,982.1,301.1
G,3182443,221728,117,3447,1878766,48057,112,3448,982.1,301.1
R,1289500,93210,5328,3447,764417,36697,5385,3448,982.1,301.1
D,NBXX,9999,7.454e-5,5.244e-5,3.177e-5,8.616e-6,7.677e-6,6.055e-6
Y,191793,982.1,301.1,297.0,71.3,13.1,5.7,0,0000
T,2014,08,30,12,13,44
B,265150,32851,162,3447,160231,7593,155,3447,982.1,301.1
G,3182818,213608,120,3447,1874057,46103,93,3447,982.1,301.1
R,1293326,91154,5311,3447,764103,36227,5333,3447,982.1,301.1
D,NBXX,9999,7.093e-5,4.992e-5,3.041e-5,7.543e-6,7.080e-6,5.777e-6
Y,191815,982.1,301.1,297.0,70.6,13.1,5.7,0,0000
T,2014,08,30,12,18,44
B,264983,33611,136,3448,160881,7946,144,3447,982.1,301.1
G,3186037,218463,114,3448,1878927,47651,108,3447,982.1,301.1
R,1293302,92507,5295,3448,765421,36397,5341,3447,982.1,301.1
D,NBXX,9999,7.345e-5,5.135e-5,3.124e-5,8.780e-6,7.546e-6,5.893e-6
Y,191954,982.1,301.1,297.1,70.3,13.1,5.7,0,0000
T,2014,08,30,12,23,44
B,264390,33014,121,3447,161003,7894,136,3447,982.1,301.1
G,3183152,217413,115,3447,1877914,47564,101,3447,982.1,301.1
R,1292213,92850,5384,3447,765912,36631,5462,3447,982.1,301.1
D,NBXX,9999,7.192e-5,5.109e-5,3.135e-5,8.747e-6,7.530e-6,5.894e-6
Y,191835,982.1,301.1,297.1,70.3,13.1,5.7,0,0000
T,2014,08,30,12,28,44
B,265655,34046,147,3447,160833,7907,141,3448,982.0,301.1
G,3183037,219594,107,3447,1876359,47341,97,3448,982.0,301.1
R,1290454,94157,5506,3447,764685,37084,5438,3448,982.0,301.1
D,NBXX,9999,7.450e-5,5.178e-5,3.215e-5,8.559e-6,7.462e-6,6.117e-6
Y,191828,982.0,301.1,297.1,69.7,13.1,5.7,0,0000
T,2014,08,30,12,33,44
B,265485,35407,144,3447,161232,8039,177,3447,982.0,301.2
G,3184077,231996,80,3447,1880451,48548,98,3447,982.0,301.2
R,1293130,97090,5322,3447,764353,37469,5357,3447,982.0,301.2
D,NBXX,9999,7.865e-5,5.561e-5,3.403e-5,8.882e-6,7.845e-6,6.516e-6
Y,191891,982.0,301.2,297.1,70.3,13.1,5.7,0,0000
T,2014,08,30,12,38,44
B,264895,35285,155,3448,160711,8261,142,3447,982.0,301.2
G,3181644,231042,103,3448,1876137,49650,98,3447,982.0,301.2
R,1294706,96293,5466,3448,763052,37380,5438,3447,982.0,301.2
D,NBXX,9999,7.860e-5,5.536e-5,3.332e-5,9.709e-6,8.194e-6,6.288e-6
Y,191688,982.0,301.2,297.2,70.2,13.1,5.7,0,0000
T,2014,08,30,12,43,44
B,265690,34903,146,3447,160855,8338,113,3447,981.9,301.2
G,3184312,227881,122,3447,1879410,49452,116,3447,981.9,301.2
R,1292807,95571,5388,3447,766742,37835,5454,3447,981.9,301.2
D,NBXX,9999,7.724e-5,5.431e-5,3.299e-5,1.000e-5,8.102e-6,6.628e-6
Y,191906,981.9,301.2,297.2,69.8,13.0,5.7,0,0000
T,2014,08,30,12,48,44
B,265401,35190,128,3447,161574,8225,154,3448,981.9,301.2
G,3183786,229970,123,3447,1874507,49255,93,3448,981.9,301.2
R,1295020,96356,5352,3447,765157,37437,5372,3448,981.9,301.2
D,NBXX,9999,7.815e-5,5.497e-5,3.347e-5,9.591e-6,8.047e-6,6.436e-6
Y,191874,981.9,301.2,297.2,70.8,13.1,5.7,0,0000
T,2014,08,30,12,53,44
B,265306,35392,126,3447,160966,8410,131,3447,981.8,301.3
G,3184062,231689,103,3447,1876324,50092,137,3447,981.8,301.3
R,1293461,96600,5327,3447,764929,37877,5317,3447,981.8,301.3
D,NBXX,9999,7.890e-5,5.552e-5,3.374e-5,1.026e-5,8.314e-6,6.787e-6
Y,191890,981.8,301.3,297.3,70.0,13.1,5.7,0,0000
T,2014,08,30,12,58,44
B,265081,37771,172,3448,161023,8788,142,3447,981.8,301.3
G,3184438,247416,110,3448,1876024,52564,83,3447,981.8,301.3
R,1294784,101871,5334,3448,763186,39149,5532,3447,981.8,301.3
D,NBXX,9999,8.610e-5,6.040e-5,3.676e-5,1.125e-5,9.100e-6,7.398e-6
Y,191857,981.8,301.3,297.3,70.5,13.1,5.7,0,0000
T,2014,08,30,13,03,44
B,265707,38636,163,3447,161003,8947,141,3447,981.7,301.3
G,3180996,254969,126,3447,1880283,54657,124,3447,981.7,301.3
R,1294686,105118,5470,3447,765707,39514,5505,3447,981.7,301.3
D,NBXX,9999,8.851e-5,6.281e-5,3.867e-5,1.170e-5,9.742e-6,7.539e-6
Y,191705,981.7,301.3,297.3,70.5,13.1,5.7,0,0000
T,2014,08,30,13,08,44
B,265738,32941,143,3447,161243,7770,142,3448,981.7,301.3
G,3183549,214480,117,3447,1875779,46654,92,3448,981.7,301.3
R,1292744,92112,5509,3447,763116,36560,5481,3448,981.7,301.3
D,NBXX,9999,7.112e-5,5.020e-5,3.077e-5,8.156e-6,7.258e-6,5.736e-6
Y,191859,981.7,301.3,297.3,69.7,13.1,5.7,0,0000
T,2014,08,30,13,13,44
B,265492,35217,169,3447,160479,8186,149,3447,981.7,301.3
G,3181933,229500,113,3447,1874741,50144,120,3447,981.7,301.3
R,1292490,96631,5474,3447,764946,37919,5402,3447,981.7,301.3
D,NBXX,9999,7.808e-5,5.489e-5,3.363e-5,9.343e-6,8.343e-6,6.659e-6
Y,191762,981.7,301.3,297.4,69.2,13.1,5.7,0,0000
T,2014,08,30,13,18,44
B,265885,39809,140,3448,161245,9327,165,3447,981.7,301.4
G,3177548,260184,128,3448,1878407,56941,79,3447,981.7,301.4
R,1292921,107013,5529,3448,766731,40132,5571,3447,981.7,301.4
D,NBXX,9999,9.202e-5,6.453e-5,3.982e-5,1.285e-5,1.049e-5,7.858e-6
Y,191441,981.7,301.4,297.4,69.3,13.1,5.7,0,0000
T,2014,08,30,13,23,44
B,266044,35774,178,3447,161217,8487,129,3447,981.6,301.4
G,3178994,233611,128,3447,1878508,50471,107,3447,981.6,301.4
R,1294661,97931,5697,3447,766355,38418,5500,3447,981.6,301.4
D,NBXX,9999,7.960e-5,5.623e-5,3.412e-5,1.025e-5,8.458e-6,6.711e-6
Y,191584,981.6,301.4,297.4,69.3,13.1,5.7,0,0000
T,2014,08,30,13,28,44
B,265757,36661,131,3447,160677,8554,149,3448,981.6,301.4
G,3179454,240081,120,3447,1875932,52062,132,3448,981.6,301.4
R,1294463,100015,5530,3447,765588,38679,5580,3448,981.6,301.4
D,NBXX,9999,8.252e-5,5.822e-5,3.546e-5,1.057e-5,8.939e-6,6.929e-6
Y,191612,981.6,301.4,297.4,68.5,13.1,5.7,0,0000
T,2014,08,30,13,33,44
B,263973,35762,168,3447,161108,8116,159,3447,981.6,301.4
G,3178858,238729,111,3447,1873507,49453,101,3447,981.6,301.4
R,1291720,100853,5533,3447,765259,38257,5668,3447,981.6,301.4
D,NBXX,9999,8.034e-5,5.783e-5,3.603e-5,9.233e-6,8.151e-6,6.644e-6
Y,191576,981.6,301.4,297.4,68.9,13.1,5.7,0,0000
T,2014,08,30,13,38,44
B,265936,38563,161,3448,161938,8340,117,3447,981.5,301.4
G,3183267,256251,82,3448,1878711,50807,129,3447,981.5,301.4
R,1292253,105913,5511,3448,767516,38583,5644,3447,981.5,301.4
D,NBXX,9999,8.830e-5,6.316e-5,3.914e-5,9.937e-6,8.555e-6,6.876e-6
Y,191787,981.5,301.4,297.4,69.8,13.1,5.7,0,0000
T,2014,08,30,13,43,44
B,266143,35385,168,3447,161389,8034,112,3447,981.5,301.4
G,3180560,231048,113,3447,1874983,48938,143,3447,981.5,301.4
R,1292820,97963,5526,3447,764126,38020,5566,3447,981.5,301.4
D,NBXX,9999,7.849e-5,5.539e-5,3.428e-5,8.967e-6,7.967e-6,6.563e-6
Y,191679,981.5,301.4,297.4,68.9,13.1,5.7,0,0000
T,2014,08,30,13,48,44
B,265558,32863,145,3447,160962,7780,147,3448,981.5,301.4
G,3180609,214855,145,3447,1878264,46686,133,3448,981.5,301.4
R,1293577,92638,5557,3447,764205,36979,5570,3448,981.5,301.4
D,NBXX,9999,7.095e-5,5.036e-5,3.097e-5,8.191e-6,7.256e-6,5.886e-6
Y,191682,981.5,301.4,297.4,68.4,13.1,5.7,0,0000
T,2014,08,30,13,53,44
B,264530,32587,140,3447,160578,7722,163,3447,981.5,301.4
G,3183139,212211,119,3447,1878379,45571,94,3447,981.5,301.4
R,1292737,91626,5664,3447,766719,37599,5696,3447,981.5,301.4
D,NBXX,9999,7.045e-5,4.951e-5,3.021e-5,8.069e-6,6.926e-6,6.116e-6
Y,191835,981.5,301.4,297.4,68.5,13.1,5.7,0,0000
T,2014,08,30,13,58,44
B,265310,35511,148,3448,161684,8360,138,3447,981.5,301.4
G,3178181,231719,116,3448,1873185,49727,97,3447,981.5,301.4
R,1292629,98159,5620,3448,765754,38299,5557,3447,981.5,301.4
D,NBXX,9999,7.919e-5,5.567e-5,3.435e-5,1.002e-5,8.244e-6,6.682e-6
Y,191479,981.5,301.4,297.4,68.5,13.1,5.7,0,0000
T,2014,08,30,14,03,44
B,266320,36226,161,3447,161529,8281,167,3447,981.4,301.4
G,3179096,234434,108,3447,1876230,50473,90,3447,981.4,301.4
R,1290705,98852,5653,3447,764499,37905,5424,3447,981.4,301.4
D,NBXX,9999,8.082e-5,5.650e-5,3.493e-5,9.537e-6,8.472e-6,6.529e-6
Y,191590,981.4,301.4,297.4,69.0,13.1,5.7,0,0000
T,2014,08,30,14,08,44
B,265820,32514,163,3447,161414,7823,135,3448,981.3,301.4
G,3175531,211069,121,3447,1874770,46254,114,3448,981.3,301.4
R,1297088,91305,5673,3447,764512,36593,5694,3448,981.3,301.4
D,NBXX,9999,6.976e-5,4.930e-5,2.985e-5,8.279e-6,7.160e-6,5.440e-6
Y,191374,981.3,301.4,297.4,68.4,13.1,5.7,0,0000
T,2014,08,30,14,13,44
B,266249,32827,162,3447,161318,7851,151,3447,981.3,301.4
G,3179211,212936,134,3447,1874558,46677,137,3447,981.3,301.4
R,1291219,91754,5857,3447,765070,36469,5626,3447,981.3,301.4
D,NBXX,9999,7.051e-5,4.979e-5,3.026e-5,8.282e-6,7.266e-6,5.352e-6
Y,191597,981.3,301.4,297.4,68.4,13.1,5.7,0,0000
T,2014,08,30,14,18,44
B,265906,34387,165,3447,160828,8074,132,3447,981.3,301.4
G,3170548,222472,129,3447,1870875,47720,141,3447,981.3,301.4
R,1288480,94395,5744,3447,764472,37428,5670,3447,981.3,301.4
D,NBXX,9999,7.547e-5,5.294e-5,3.204e-5,9.051e-6,7.631e-6,6.021e-6
Y,191073,981.3,301.4,297.4,68.9,13.1,5.7,0,0000
T,2014,08,30,14,23,44
B,266054,38976,122,3448,160568,8427,169,3447,981.3,301.4
G,3182199,269761,116,3448,1872334,53536,104,3447,981.3,301.4
R,1296298,117468,5607,3448,764807,40834,5652,3447,981.3,301.4
D,NBXX,9999,8.947e-5,6.738e-5,4.596e-5,1.014e-5,9.404e-6,8.131e-6
Y,191722,981.3,301.4,297.4,73.7,13.1,5.7,0,0000
T,2014,08,30,14,28,44
B,267031,45737,138,3447,161558,8931,161,3447,981.2,301.4
G,3185518,313387,129,3447,1878813,56194,102,3447,981.2,301.4
R,1292549,128675,5765,3447,767106,41748,5720,3447,981.2,301.4
D,NBXX,9999,1.096e-4,8.081e-5,5.286e-5,1.155e-5,1.020e-5,8.574e-6
Y,191979,981.2,301.4,297.4,77.8,13.1,5.7,0,0000
T,2014,08,30,14,33,44
B,266689,42468,149,3447,161763,8623,184,3448,981.2,301.4
G,3184600,288132,124,3447,1879703,53583,112,3448,981.2,301.4
R,1295670,118313,5616,3447,767953,40346,5603,3448,981.2,301.4
D,NBXX,9999,9.971e-5,7.301e-5,4.653e-5,1.052e-5,9.390e-6,7.857e-6
Y,191923,981.2,301.4,297.4,76.8,13.1,5.7,0,0000
T,2014,08,30,14,38,44
B,266006,40745,144,3447,160844,8632,158,3447,981.1,301.4
G,3183443,270830,139,3447,1873297,52941,115,3447,981.1,301.4
R,1293876,110379,5741,3447,764156,39721,5587,3447,981.1,301.4
D,NBXX,9999,9.487e-5,6.767e-5,4.168e-5,1.073e-5,9.196e-6,7.425e-6
Y,191853,981.1,301.4,297.4,77.3,13.0,5.7,0,0000
T,2014,08,30,14,43,44
B,267257,43729,178,3448,161335,9144,163,3447,981.0,301.5
G,3182615,292833,132,3448,1877933,55701,126,3447,981.0,301.5
R,1293364,116203,5700,3448,764615,40791,5665,3447,981.0,301.5
D,NBXX,9999,1.032e-4,7.451e-5,4.525e-5,1.204e-5,1.006e-5,8.067e-6
Y,191747,981.0,301.5,297.4,75.5,13.0,5.7,0,0000
T,2014,08,30,14,48,44
B,267183,38466,170,3447,160674,8378,170,3447,981.0,301.5
G,3180545,252963,134,3447,1878489,50678,120,3447,981.0,301.5
R,1293722,102570,5699,3447,765036,39071,5699,3447,981.0,301.5
D,NBXX,9999,8.725e-5,6.220e-5,3.686e-5,9.712e-6,8.508e-6,6.979e-6
Y,191678,981.0,301.5,297.5,76.5,13.1,5.7,0,0000
T,2014,08,30,14,53,44
B,266060,35378,161,3447,160471,8123,164,3448,980.9,301.5
G,3179521,228251,109,3447,1871031,48319,108,3448,980.9,301.5
R,1292796,96342,5704,3447,765511,38077,5717,3448,980.9,301.5
D,NBXX,9999,7.834e-5,5.456e-5,3.306e-5,9.081e-6,7.790e-6,6.359e-6
Y,191616,980.9,301.5,297.4,72.6,13.1,5.7,0,0000
T,2014,08,30,14,58,44
B,266516,38069,160,3447,160717,8496,123,3447,980.8,301.5
G,3177000,248511,132,3447,1870125,51799,106,3447,980.8,301.5
R,1292990,102946,5733,3447,762565,38747,5762,3447,980.8,301.5
D,NBXX,9999,8.652e-5,6.093e-5,3.705e-5,1.033e-5,8.893e-6,6.720e-6
Y,191463,980.8,301.5,297.5,72.9,13.1,5.7,0,0000
T,2014,08,30,15,03,44
B,265948,37654,157,3448,161404,8653,162,3447,980.7,301.5
G,3180928,245829,129,3448,1874926,51631,106,3447,980.7,301.5
R,1291694,102401,5825,3448,765439,39056,5581,3447,980.7,301.5
D,NBXX,9999,8.538e-5,6.001e-5,3.683e-5,1.074e-5,8.827e-6,6.995e-6
Y,191645,980.7,301.5,297.5,73.4,13.1,5.7,0,0000
T,2014,08,30,15,08,44
B,265065,35786,143,3447,160690,8259,138,3447,980.7,301.5
G,3175932,234777,113,3447,1869351,49456,93,3447,980.7,301.5
R,1290696,98634,5832,3447,761100,38427,5776,3447,980.7,301.5
D,NBXX,9999,8.015e-5,5.670e-5,3.442e-5,9.751e-6,8.182e-6,6.471e-6
Y,191399,980.7,301.5,297.5,71.6,13.1,5.7,0,0000
T,2014,08,30,15,13,44
B,266637,35632,159,3447,161194,8253,142,3448,980.7,301.5
G,3173281,232553,105,3447,1873937,50123,93,3448,980.7,301.5
R,1290651,97852,5653,3447,766605,38107,5639,3448,980.7,301.5
D,NBXX,9999,7.897e-5,5.607e-5,3.417e-5,9.511e-6,8.400e-6,6.495e-6
Y,191238,980.7,301.5,297.5,71.1,13.1,5.7,0,0000
T,2014,08,30,15,18,44
B,266061,37153,153,3447,160690,8572,125,3447,980.6,301.5
G,3174400,244964,128,3447,1867124,52188,133,3447,980.6,301.5
R,1291751,102451,5685,3447,764045,39718,5819,3447,980.6,301.5
D,NBXX,9999,8.394e-5,5.989e-5,3.679e-5,1.062e-5,9.019e-6,7.325e-6
Y,191306,980.6,301.5,297.5,71.0,13.1,5.7,0,0000
T,2014,08,30,15,23,44
B,265740,39662,157,3448,160990,8900,159,3447,980.6,301.5
G,3175727,261076,129,3448,1868000,54224,103,3447,980.6,301.5
R,1292436,105986,5773,3448,763169,40230,5921,3447,980.6,301.5
D,NBXX,9999,9.163e-5,6.487e-5,3.880e-5,1.153e-5,9.660e-6,7.501e-6
Y,191331,980.6,301.5,297.5,71.5,13.1,5.7,0,0000
T,2014,08,30,15,28,44
B,265516,41519,159,3447,160514,8917,152,3447,980.6,301.5
G,3169922,272560,134,3447,1866028,55120,106,3447,980.6,301.5
R,1287998,110365,5828,3447,763304,40368,5909,3447,980.6,301.5
D,NBXX,9999,9.744e-5,6.860e-5,4.166e-5,1.162e-5,9.962e-6,7.606e-6
Y,191035,980.6,301.5,297.5,71.8,13.1,5.7,0,0000
T,2014,08,30,15,33,44
B,264811,69742,151,3447,161383,11893,144,3448,980.6,301.5
G,3173232,517312,105,3447,1869445,78874,136,3448,980.6,301.5
R,1289786,201792,5504,3447,764442,50900,5772,3448,980.6,301.5
D,NBXX,9999,1.845e-4,1.446e-4,9.811e-5,2.088e-5,1.732e-5,1.437e-5
Y,191235,980.6,301.5,297.5,72.4,13.1,5.7,0,0000
T,2014,08,30,15,38,44
B,265667,55479,153,3447,160376,10042,140,3447,980.6,301.5
G,3173546,390365,142,3447,1868556,64467,109,3447,980.6,301.5
R,1290153,151832,5823,3447,762794,45203,5915,3447,980.6,301.5
D,NBXX,9999,1.402e-4,1.051e-4,6.705e-5,1.511e-5,1.284e-5,1.054e-5
Y,191254,980.6,301.5,297.5,72.9,13.1,5.7,0,0000
T,2014,08,30,15,43,44
B,266030,38842,124,3448,161270,8438,145,3447,980.5,301.5
G,3172698,255753,148,3448,1873787,51042,119,3447,980.5,301.5
R,1291462,105230,5797,3448,763952,39760,5790,3447,980.5,301.5
D,NBXX,9999,8.915e-5,6.328e-5,3.845e-5,1.026e-5,8.673e-6,7.301e-6
Y,191147,980.5,301.5,297.5,71.3,13.1,5.7,0,0000
T,2014,08,30,15,48,44
B,265333,38423,160,3447,160094,8517,172,3447,980.4,301.5
G,3173270,250010,100,3447,1868270,51675,124,3447,980.4,301.5
R,1288951,103228,5942,3447,762272,39384,5802,3447,980.4,301.5
D,NBXX,9999,8.798e-5,6.150e-5,3.722e-5,1.035e-5,8.878e-6,6.984e-6
Y,191238,980.4,301.5,297.5,70.3,13.1,5.7,0,0000
T,2014,08,30,15,53,44
B,265984,39345,160,3447,160977,8599,178,3448,980.3,301.5
G,3171850,252863,130,3447,1871261,52291,116,3448,980.3,301.5
R,1290223,103549,5716,3447,763335,39648,5723,3448,980.3,301.5
D,NBXX,9999,9.050e-5,6.241e-5,3.758e-5,1.051e-5,9.065e-6,7.342e-6
Y,191152,980.3,301.5,297.5,69.8,13.1,5.7,0,0000
T,2014,08,30,15,58,44
B,264953,35964,163,3447,161161,7951,152,3447,980.3,301.6
G,3167043,232797,112,3447,1868450,48585,83,3447,980.3,301.6
R,1288276,97871,5851,3447,763898,38053,5863,3447,980.3,301.6
D,NBXX,9999,8.068e-5,5.629e-5,3.397e-5,8.722e-6,7.957e-6,6.194e-6
Y,190861,980.3,301.6,297.6,69.5,13.1,5.7,0,0000
T,2014,08,30,16,03,44
B,264588,36583,155,3448,161509,8355,154,3447,980.3,301.6
G,3169123,239715,127,3448,1865383,49942,102,3447,980.3,301.6
R,1288328,100057,5877,3448,763352,38671,5816,3447,980.3,301.6
D,NBXX,9999,8.276e-5,5.839e-5,3.533e-5,1.002e-5,8.362e-6,6.595e-6
Y,190931,980.3,301.6,297.6,70.2,13.1,5.7,0,0000
T,2014,08,30,16,08,44
B,265639,35979,180,3447,160370,7812,166,3447,980.3,301.6
G,3172173,233892,112,3447,1870891,47813,107,3447,980.3,301.6
R,1288975,98297,5580,3447,763291,38216,5824,3447,980.3,301.6
D,NBXX,9999,8.034e-5,5.651e-5,3.443e-5,8.125e-6,7.684e-6,6.507e-6
Y,191171,980.3,301.6,297.6,70.0,13.1,5.7,0,0000
T,2014,08,30,16,13,44
B,267086,36243,181,3447,161702,8178,133,3448,980.3,301.6
G,3170894,237074,130,3447,1870857,49525,93,3448,980.3,301.6
R,1290068,98559,5805,3447,764401,38451,5851,3448,980.3,301.6
D,NBXX,9999,8.066e-5,5.753e-5,3.437e-5,9.224e-6,8.217e-6,6.453e-6
Y,191094,980.3,301.6,297.7,70.0,13.1,5.7,0,0000
T,2014,08,30,16,18,44
B,265651,35384,149,3447,160926,7912,142,3447,980.2,301.7
G,3172378,227720,120,3447,1871399,47934,116,3447,980.2,301.7
R,1291911,96569,5855,3447,762853,38195,5947,3447,980.2,301.7
D,NBXX,9999,7.870e-5,5.458e-5,3.297e-5,8.626e-6,7.714e-6,6.176e-6
Y,191184,980.2,301.7,297.7,69.8,13.1,5.7,0,0000
T,2014,08,30,16,23,44
B,265042,35923,161,3447,161084,8291,176,3447,980.2,301.7
G,3170259,233789,143,3447,1867709,49762,96,3447,980.2,301.7
R,1290054,98789,5784,3447,764369,38866,5840,3447,980.2,301.7
D,NBXX,9999,8.044e-5,5.651e-5,3.453e-5,9.680e-6,8.293e-6,6.737e-6
Y,191055,980.2,301.7,297.7,68.2,13.1,5.7,0,0000
T,2014,08,30,16,28,44
B,264653,34700,189,3448,160731,8050,177,3447,980.2,301.7
G,3169109,226011,117,3448,1867403,49366,99,3447,980.2,301.7
R,1289989,96157,5859,3448,763829,38881,5912,3447,980.2,301.7
D,NBXX,9999,7.674e-5,5.412e-5,3.281e-5,8.878e-6,8.188e-6,6.648e-6
Y,190930,980.2,301.7,297.8,67.1,13.1,5.7,0,0000
T,2014,08,30,16,33,44
B,265322,35516,164,3447,160647,8191,184,3447,980.1,301.7
G,3169740,233371,133,3447,1869877,50229,104,3447,980.1,301.7
R,1290377,98976,6062,3447,765226,39228,5818,3447,980.1,301.7
D,NBXX,9999,7.904e-5,5.640e-5,3.445e-5,9.308e-6,8.441e-6,6.773e-6
Y,191024,980.1,301.7,297.8,67.1,13.0,5.7,0,0000
T,2014,08,30,16,38,44
B,265298,39541,170,3447,159920,9237,138,3448,980.0,301.7
G,3170911,258758,107,3447,1870704,55236,120,3448,980.0,301.7
R,1290180,106455,5872,3447,763839,40938,5921,3448,980.0,301.7
D,NBXX,9999,9.154e-5,6.428e-5,3.912e-5,1.265e-5,9.993e-6,7.882e-6
Y,191095,980.0,301.7,297.8,67.1,13.1,5.7,0,0000
T,2014,08,30,16,43,44
B,265000,37197,174,3447,161009,8679,169,3447,980.0,301.7
G,3166341,241935,141,3447,1868198,51694,111,3447,980.0,301.7
R,1290383,100848,6063,3447,760127,39736,5876,3447,980.0,301.7
D,NBXX,9999,8.435e-5,5.914e-5,3.556e-5,1.085e-5,8.909e-6,7.043e-6
Y,190818,980.0,301.7,297.8,67.1,13.1,5.7,0,0000
T,2014,08,30,16,48,44
B,265699,38789,180,3448,161208,9132,149,3447,979.9,301.8
G,3173292,253268,121,3448,1868375,55250,127,3447,979.9,301.8
R,1292615,105902,5896,3448,762691,40577,6152,3447,979.9,301.8
D,NBXX,9999,8.898e-5,6.250e-5,3.852e-5,1.223e-5,9.987e-6,7.473e-6
Y,191183,979.9,301.8,297.8,65.3,13.1,5.7,0,0000
T,2014,08,30,16,53,44
B,264876,39041,186,3447,160762,9073,156,3447,979.9,301.8
G,3165411,253210,114,3447,1865028,54926,120,3447,979.9,301.8
R,1289376,106142,6035,3447,765689,40670,5970,3447,979.9,301.8
D,NBXX,9999,9.008e-5,6.268e-5,3.884e-5,1.208e-5,9.928e-6,7.596e-6
Y,190762,979.9,301.8,297.8,65.5,13.1,5.7,0,0000
T,2014,08,30,16,58,44
B,264981,38638,167,3447,161038,9071,156,3448,979.8,301.8
G,3167432,255046,154,3447,1865553,54486,115,3448,979.8,301.8
R,1290246,105426,5959,3447,762590,40981,5987,3448,979.8,301.8
D,NBXX,9999,8.886e-5,6.319e-5,3.840e-5,1.212e-5,9.763e-6,7.812e-6
Y,190884,979.8,301.8,297.8,65.8,13.1,5.7,0,0000
T,2014,08,30,17,03,44
B,265445,36340,159,3447,160270,8444,143,3447,980.0,301.8
G,3164593,240604,109,3447,1865005,50492,122,3447,980.0,301.8
R,1291216,101542,6071,3447,764599,39355,6095,3447,980.0,301.8
D,NBXX,9999,8.168e-5,5.877e-5,3.579e-5,1.023e-5,8.551e-6,6.637e-6
Y,190713,980.0,301.8,297.8,66.6,13.1,5.7,0,0000
T,2014,08,30,17,08,44
B,264791,37505,126,3448,160737,8121,159,3447,980.0,301.8
G,3166543,250132,153,3448,1864446,49322,88,3447,980.0,301.8
R,1290911,104552,6052,3448,764103,39157,6118,3447,980.0,301.8
D,NBXX,9999,8.559e-5,6.169e-5,3.765e-5,9.372e-6,8.177e-6,6.522e-6
Y,190775,980.0,301.8,297.9,66.7,13.1,5.7,0,0000
T,2014,08,30,17,13,44
B,264954,37505,138,3447,160037,8249,141,3447,980.0,301.8
G,3165216,251734,151,3447,1866984,49783,116,3447,980.0,301.8
R,1289908,107207,5882,3447,764230,39813,6217,3447,980.0,301.8
D,NBXX,9999,8.554e-5,6.222e-5,3.938e-5,9.765e-6,8.314e-6,6.982e-6
Y,190750,980.0,301.8,297.9,66.3,13.1,5.7,0,0000
T,2014,08,30,17,18,44
B,264956,42114,155,3447,160672,9206,171,3448,980.0,301.9
G,3161882,276946,112,3447,1859441,56330,102,3448,980.0,301.9
R,1289382,112958,6174,3447,763368,41881,6103,3448,980.0,301.9
D,NBXX,9999,9.957e-5,7.019e-5,4.281e-5,1.254e-5,1.038e-5,8.128e-6
Y,190549,980.0,301.9,297.9,65.6,13.1,5.7,0,0000
T,2014,08,30,17,23,44
B,265584,39773,182,3447,161183,8710,161,3447,980.0,301.9
G,3161650,260368,111,3447,1864871,54178,97,3447,980.0,301.9
R,1288864,107103,6126,3447,762088,40553,6103,3447,980.0,301.9
D,NBXX,9999,9.203e-5,6.502e-5,3.927e-5,1.090e-5,9.725e-6,7.358e-6
Y,190535,980.0,301.9,297.9,64.6,13.1,5.7,0,0000
T,2014,08,30,17,28,44
B,264850,37009,128,3448,161289,8639,198,3447,979.9,301.9
G,3161095,243067,147,3448,1865470,52131,119,3447,979.9,301.9
R,1290587,102798,6188,3448,762420,40099,6126,3447,979.9,301.9
D,NBXX,9999,8.392e-5,5.961e-5,3.651e-5,1.082e-5,9.072e-6,7.016e-6
Y,190446,979.9,301.9,297.9,63.7,13.1,5.7,0,0000
T,2014,08,30,17,33,44
B,265540,35795,180,3447,160447,8274,128,3447,979.9,301.9
G,3168828,231966,146,3447,1865963,49786,115,3447,979.9,301.9
R,1291868,99976,6017,3447,764213,39631,6159,3447,979.9,301.9
D,NBXX,9999,7.997e-5,5.597e-5,3.482e-5,9.699e-6,8.299e-6,6.805e-6
Y,190969,979.9,301.9,297.9,63.8,13.1,5.7,0,0000
T,2014,08,30,17,38,44
B,265124,36451,173,3447,160916,8420,195,3448,979.9,301.9
G,3166738,236128,140,3447,1865814,51497,116,3448,979.9,301.9
R,1293249,100459,6037,3447,764333,39770,6284,3448,979.9,301.9
D,NBXX,9999,8.195e-5,5.732e-5,3.496e-5,9.965e-6,8.840e-6,6.765e-6
Y,190842,979.9,301.9,297.9,63.0,13.1,5.7,0,0000
T,2014,08,30,17,43,44
B,265318,36034,158,3447,160650,8399,130,3447,979.9,301.9
G,3169165,233609,139,3447,1861532,50468,140,3447,979.9,301.9
R,1290538,99476,6201,3447,763083,39597,6267,3447,979.9,301.9
D,NBXX,9999,8.087e-5,5.647e-5,3.437e-5,1.017e-5,8.503e-6,6.592e-6
Y,190989,979.9,301.9,297.9,63.5,13.1,5.7,0,0000
T,2014,08,30,17,48,44
B,265981,37905,171,3448,160522,8899,157,3447,979.9,301.9
G,3166054,245709,114,3448,1866111,52625,148,3447,979.9,301.9
R,1294176,103078,6220,3448,765444,40266,6100,3447,979.9,301.9
D,NBXX,9999,8.618e-5,6.032e-5,3.653e-5,1.150e-5,9.202e-6,7.070e-6
Y,190746,979.9,301.9,297.9,63.3,13.1,5.7,0,0000
T,2014,08,30,17,53,44
B,264480,38246,178,3447,160879,8989,155,3447,979.8,301.9
G,3164804,249130,148,3447,1861423,54174,120,3447,979.8,301.9
R,1289660,104186,6249,3447,763031,40703,6117,3447,979.8,301.9
D,NBXX,9999,8.787e-5,6.141e-5,3.737e-5,1.190e-5,9.685e-6,7.356e-6
Y,190725,979.8,301.9,297.9,63.7,13.0,5.7,0,0000
T,2014,08,30,17,58,44
B,265636,36685,163,3447,160745,8670,175,3448,979.8,301.9
G,3167167,235669,129,3447,1869158,51830,126,3448,979.8,301.9
R,1292521,100180,6103,3447,763482,40536,6206,3448,979.8,301.9
D,NBXX,9999,8.256e-5,5.716e-5,3.483e-5,1.079e-5,8.942e-6,7.252e-6
Y,190868,979.8,301.9,297.9,63.7,13.1,5.7,0,0000
T,2014,08,30,18,03,44
B,265664,37469,157,3447,160817,8469,134,3447,979.8,301.8
G,3173050,240643,141,3447,1869887,52207,163,3447,979.8,301.8
R,1295630,101090,6244,3447,764270,40783,6229,3447,979.8,301.8
D,NBXX,9999,8.508e-5,5.856e-5,3.515e-5,1.033e-5,9.016e-6,7.254e-6
Y,191224,979.8,301.8,297.8,64.3,13.1,5.7,0,0000
T,2014,08,30,18,08,44
B,264696,38810,166,3448,160219,9058,164,3447,979.8,301.8
G,3170973,254487,156,3448,1863874,54681,108,3447,979.8,301.8
R,1295181,105193,6240,3448,764710,41086,6223,3447,979.8,301.8
D,NBXX,9999,8.949e-5,6.293e-5,3.768e-5,1.210e-5,9.816e-6,7.458e-6
Y,191043,979.8,301.8,297.8,64.2,13.1,5.7,0,0000
T,2014,08,30,18,13,44
B,264648,39664,159,3447,160519,9309,168,3447,979.7,301.8
G,3167303,261056,119,3447,1863797,56447,116,3447,979.7,301.8
R,1292916,108342,6283,3447,762232,41310,6345,3447,979.7,301.8
D,NBXX,9999,9.215e-5,6.508e-5,3.960e-5,1.288e-5,1.039e-5,7.501e-6
Y,190877,979.7,301.8,297.8,64.5,13.1,5.7,0,0000
T,2014,08,30,18,18,44
B,264841,39226,163,3447,161278,9122,114,3448,979.7,301.8
G,3166278,256322,142,3447,1871000,55421,148,3448,979.7,301.8
R,1293797,106919,6237,3447,767354,41318,6207,3448,979.7,301.8
D,NBXX,9999,9.088e-5,6.361e-5,3.882e-5,1.245e-5,1.005e-5,7.619e-6
Y,190815,979.7,301.8,297.8,65.0,13.1,5.7,0,0000
T,2014,08,30,18,23,44
B,265587,37856,165,3447,160372,8839,155,3447,979.8,301.8
G,3173672,247136,127,3447,1862335,53721,132,3447,979.8,301.8
R,1295886,104551,6232,3447,763317,40621,6127,3447,979.8,301.8
D,NBXX,9999,8.620e-5,6.058e-5,3.733e-5,1.137e-5,9.500e-6,7.232e-6
Y,191262,979.8,301.8,297.8,65.8,13.1,5.7,0,0000
T,2014,08,30,18,28,44
B,265962,40038,166,3448,161147,9199,166,3447,979.8,301.8
G,3165811,260191,115,3448,1865672,56359,108,3447,979.8,301.8
R,1292975,107595,6245,3448,763284,41572,6187,3447,979.8,301.8
D,NBXX,9999,9.268e-5,6.486e-5,3.927e-5,1.240e-5,1.038e-5,7.806e-6
Y,190731,979.8,301.8,297.8,65.9,13.1,5.7,0,0000
T,2014,08,30,18,33,44
B,265178,38323,134,3447,160857,8812,181,3447,979.9,301.8
G,3165609,249568,131,3447,1866934,53772,136,3447,979.9,301.8
R,1289328,104225,6134,3447,764162,40672,6136,3447,979.9,301.8
D,NBXX,9999,8.783e-5,6.153e-5,3.748e-5,1.134e-5,9.556e-6,7.409e-6
Y,190774,979.9,301.8,297.8,66.1,13.1,5.7,0,0000
T,2014,08,30,18,38,44
B,264939,37819,149,3447,160180,8822,153,3447,979.9,301.8
G,3165373,245553,138,3447,1867843,53414,101,3447,979.9,301.8
R,1292112,102497,6125,3447,763282,40493,6237,3447,979.9,301.8
D,NBXX,9999,8.643e-5,6.030e-5,3.623e-5,1.144e-5,9.455e-6,7.199e-6
Y,190760,979.9,301.8,297.8,67.1,13.1,5.7,0,0000
T,2014,08,30,18,43,44
B,265098,37606,190,3447,161207,8687,142,3448,979.9,301.8
G,3164130,241856,151,3447,1865735,52605,126,3448,979.9,301.8
R,1292900,102097,6333,3447,763238,40550,6036,3448,979.9,301.8
D,NBXX,9999,8.560e-5,5.916e-5,3.595e-5,1.090e-5,9.191e-6,7.213e-6
Y,190685,979.9,301.8,297.8,66.3,13.1,5.7,0,0000
T,2014,08,30,18,48,44
B,264006,35486,205,3447,161563,8442,177,3447,979.9,301.8
G,3166669,228133,139,3447,1865301,49237,113,3447,979.9,301.8
R,1289821,97220,6172,3447,765399,39514,6244,3447,979.9,301.8
D,NBXX,9999,7.937e-5,5.483e-5,3.305e-5,1.008e-5,8.142e-6,6.587e-6
Y,190838,979.9,301.8,297.8,65.9,13.1,5.7,0,0000
T,2014,08,30,18,53,44
B,265003,34491,176,3448,160502,8095,134,3447,979.9,301.8
G,3164705,222833,128,3448,1865246,48466,134,3447,979.9,301.8
R,1291934,95898,6189,3448,765476,38813,6221,3447,979.9,301.8
D,NBXX,9999,7.615e-5,5.322e-5,3.215e-5,9.184e-6,7.911e-6,6.141e-6
Y,190664,979.9,301.8,297.8,66.1,13.1,5.7,0,0000
T,2014,08,30,18,58,44
B,265346,35269,169,3447,160122,8243,129,3447,980.0,301.8
G,3167070,227809,123,3447,1863233,49408,110,3447,980.0,301.8
R,1291328,96783,6123,3447,762192,39352,6244,3447,980.0,301.8
D,NBXX,9999,7.844e-5,5.472e-5,3.272e-5,9.643e-6,8.200e-6,6.491e-6
Y,190863,980.0,301.8,297.8,66.6,13.1,5.7,0,0000
T,2014,08,30,19,03,44
B,266054,36077,151,3447,160364,8331,151,3448,980.0,301.8
G,3168026,234824,146,3447,1866109,49651,104,3448,980.0,301.8
R,1293200,99242,6193,3447,764047,39450,6325,3448,980.0,301.8
D,NBXX,9999,8.062e-5,5.688e-5,3.405e-5,9.826e-6,8.260e-6,6.416e-6
Y,190920,980.0,301.8,297.8,66.7,13.1,5.7,0,0000
T,2014,08,30,19,08,44
B,264612,33706,165,3447,160615,8078,150,3447,980.0,301.8
G,3161248,218895,123,3447,1864876,47134,133,3447,980.0,301.8
R,1290674,94405,6270,3447,763037,38362,6255,3447,980.0,301.8
D,NBXX,9999,7.387e-5,5.206e-5,3.118e-5,9.142e-6,7.510e-6,5.778e-6
Y,190510,980.0,301.8,297.8,67.2,13.1,5.7,0,0000
T,2014,08,30,19,13,44
B,265240,37255,176,3448,161126,8255,163,3447,980.0,301.8
G,3167082,242164,135,3448,1868838,49877,131,3447,980.0,301.8
R,1293112,100953,6114,3448,765828,39905,6169,3447,980.0,301.8
D,NBXX,9999,8.444e-5,5.919e-5,3.527e-5,9.551e-6,8.339e-6,6.874e-6
Y,190808,980.0,301.8,297.8,67.1,13.1,5.7,0,0000
T,2014,08,30,19,18,44
B,265224,40503,174,3447,160040,9017,177,3447,980.1,301.8
G,3168175,264839,118,3447,1860743,55055,124,3447,980.1,301.8
R,1291289,109867,6228,3447,762133,41407,6331,3447,980.1,301.8
D,NBXX,9999,9.438e-5,6.624e-5,4.063e-5,1.184e-5,9.951e-6,7.617e-6
Y,190929,980.1,301.8,297.8,66.7,13.1,5.7,0,0000
T,2014,08,30,19,23,44
B,264982,45498,154,3447,160011,10413,156,3448,980.1,301.8
G,3162428,298947,161,3447,1867091,64190,124,3448,980.1,301.8
R,1292820,119844,6121,3447,763396,44307,6190,3448,980.1,301.8
D,NBXX,9999,1.099e-4,7.702e-5,4.685e-5,1.629e-5,1.281e-5,9.546e-6
Y,190582,980.1,301.8,297.8,66.4,13.1,5.7,0,0000
T,2014,08,30,19,28,44
B,265605,42653,190,3447,160603,9998,160,3447,980.1,301.8
G,3159937,280397,134,3447,1868716,60421,113,3447,980.1,301.8
R,1290577,113434,6000,3447,764437,43226,6238,3447,980.1,301.8
D,NBXX,9999,1.007e-4,7.131e-5,4.308e-5,1.481e-5,1.167e-5,8.972e-6
Y,190431,980.1,301.8,297.8,66.6,13.1,5.7,0,0000
T,2014,08,30,19,33,44
B,265691,40387,173,3448,160747,9147,172,3447,980.1,301.8
G,3162380,263017,116,3448,1865644,55713,105,3447,980.1,301.8
R,1291395,107076,6192,3448,763729,41621,6200,3447,980.1,301.8
D,NBXX,9999,9.383e-5,6.583e-5,3.902e-5,1.222e-5,1.020e-5,7.872e-6
Y,190523,980.1,301.8,297.8,66.9,13.1,5.7,0,0000
T,2014,08,30,19,38,44
B,264569,40009,174,3447,160854,9256,154,3447,980.2,301.8
G,3159091,257244,130,3447,1865097,55779,93,3447,980.2,301.8
R,1287531,106929,6186,3447,762929,41754,6305,3447,980.2,301.8
D,NBXX,9999,9.324e-5,6.411e-5,3.904e-5,1.272e-5,1.023e-5,7.927e-6
Y,190380,980.2,301.8,297.8,66.6,13.1,5.7,0,0000
T,2014,08,30,19,43,44
B,264756,36199,193,3447,160629,8559,173,3448,980.2,301.8
G,3160962,235934,116,3447,1861685,50850,139,3448,980.2,301.8
R,1291968,99579,6173,3447,763597,40070,6211,3448,980.2,301.8
D,NBXX,9999,8.131e-5,5.739e-5,3.440e-5,1.042e-5,8.667e-6,6.906e-6
Y,190493,980.2,301.8,297.7,66.7,13.1,5.7,0,0000
T,2014,08,30,19,48,44
B,263788,37893,143,3447,160105,8718,169,3447,980.2,301.8
G,3159600,248828,137,3447,1866344,52773,110,3447,980.2,301.8
R,1290078,103933,6120,3447,763577,40869,6135,3447,980.2,301.8
D,NBXX,9999,8.713e-5,6.146e-5,3.725e-5,1.120e-5,9.283e-6,7.518e-6
Y,190411,980.2,301.8,297.7,66.9,13.1,5.7,0,0000
T,2014,08,30,19,53,44
B,263861,35933,172,3448,160810,8406,162,3447,980.2,301.8
G,3165738,236222,116,3448,1863108,49999,117,3447,980.2,301.8
R,1295040,100570,6225,3448,762191,39788,6199,3447,980.2,301.8
D,NBXX,9999,8.097e-5,5.738e-5,3.486e-5,1.016e-5,8.395e-6,6.679e-6
Y,190726,980.2,301.8,297.7,67.2,13.1,5.7,0,0000
T,2014,08,30,19,58,44
B,264456,39426,150,3447,160787,8870,177,3447,980.2,301.7
G,3163675,257832,134,3447,1863652,53500,88,3447,980.2,301.7
R,1290382,108609,6035,3447,762527,40800,6336,3447,980.2,301.7
D,NBXX,9999,9.150e-5,6.417e-5,4.003e-5,1.155e-5,9.497e-6,7.389e-6
Y,190657,980.2,301.7,297.7,67.6,13.1,5.7,0,0000
T,2014,08,30,20,03,44
B,265229,36419,178,3447,161522,8388,140,3448,980.2,301.7
G,3160717,237383,150,3447,1862487,50102,134,3448,980.2,301.7
R,1291041,100890,6153,3447,764359,39835,6021,3448,980.2,301.7
D,NBXX,9999,8.195e-5,5.784e-5,3.540e-5,1.002e-5,8.425e-6,6.923e-6
Y,190478,980.2,301.7,297.7,67.7,13.1,5.7,0,0000
T,2014,08,30,20,08,44
B,265138,35711,157,3447,160973,8020,152,3447,980.2,301.8
G,3162594,230220,152,3447,1865101,48726,142,3447,980.2,301.8
R,1292567,98890,6261,3447,764001,39302,6286,3447,980.2,301.8
D,NBXX,9999,7.985e-5,5.556e-5,3.384e-5,8.938e-6,7.987e-6,6.317e-6
Y,190592,980.2,301.8,297.7,67.6,13.1,5.7,0,0000
T,2014,08,30,20,13,44
B,265622,35715,165,3448,160291,8103,150,3447,980.3,301.8
G,3160498,229632,137,3448,1863042,48701,125,3447,980.3,301.8
R,1290614,98683,6211,3448,765043,39184,6018,3447,980.3,301.8
D,NBXX,9999,7.964e-5,5.543e-5,3.402e-5,9.136e-6,8.005e-6,6.500e-6
Y,190410,980.3,301.8,297.7,67.4,13.1,5.7,0,0000
T,2014,08,30,20,18,44
B,265640,40481,150,3447,161698,8642,154,3447,980.4,301.8
G,3165647,262863,168,3447,1864025,52433,106,3447,980.4,301.8
R,1291813,106777,6241,3447,763313,40276,6372,3447,980.4,301.8
D,NBXX,9999,9.428e-5,6.567e-5,3.867e-5,1.081e-5,9.135e-6,6.877e-6
Y,190776,980.4,301.8,297.7,67.7,13.1,5.7,0,0000
T,2014,08,30,20,23,44
B,265518,37382,158,3447,160167,8373,177,3448,980.4,301.8
G,3164263,241443,149,3447,1867143,50299,110,3448,980.4,301.8
R,1291050,101238,6157,3447,763845,39781,6267,3448,980.4,301.8
D,NBXX,9999,8.473e-5,5.903e-5,3.543e-5,9.888e-6,8.478e-6,6.711e-6
Y,190693,980.4,301.8,297.7,67.1,13.1,5.7,0,0000
T,2014,08,30,20,28,44
B,264917,36227,138,3447,160691,8129,156,3447,980.5,301.7
G,3164993,233718,129,3447,1864440,49612,144,3447,980.5,301.7
R,1293295,98177,6205,3447,761286,39270,6110,3447,980.5,301.7
D,NBXX,9999,8.155e-5,5.660e-5,3.354e-5,9.332e-6,8.259e-6,6.454e-6
Y,190737,980.5,301.7,297.7,66.6,13.0,5.7,0,0000
T,2014,08,30,20,33,44
B,264501,36017,171,3448,160288,8243,159,3447,980.5,301.7
G,3162766,234730,101,3448,1863742,49421,118,3447,980.5,301.7
R,1291986,99369,6199,3448,765066,39437,6147,3447,980.5,301.7
D,NBXX,9999,8.095e-5,5.699e-5,3.430e-5,9.600e-6,8.234e-6,6.556e-6
Y,190547,980.5,301.7,297.7,66.9,13.1,5.7,0,0000
T,2014,08,30,20,38,44
B,264166,37076,184,3447,160361,8433,171,3447,980.5,301.7
G,3161940,245071,148,3447,1862156,52100,120,3447,980.5,301.7
R,1288536,103315,6076,3447,765359,40261,6142,3447,980.5,301.7
D,NBXX,9999,8.427e-5,6.022e-5,3.696e-5,1.012e-5,9.053e-6,7.190e-6
Y,190552,980.5,301.7,297.6,66.9,13.1,5.7,0,0000
T,2014,08,30,20,43,44
B,265267,38618,173,3447,160651,8546,197,3447,980.5,301.8
G,3164599,250008,131,3447,1864345,52911,114,3447,980.5,301.8
R,1291147,103476,6150,3447,763579,40486,6087,3447,980.5,301.8
D,NBXX,9999,8.848e-5,6.170e-5,3.693e-5,1.031e-5,9.300e-6,7.282e-6
Y,190713,980.5,301.8,297.7,67.9,13.1,5.7,0,0000
T,2014,08,30,20,48,44
B,265627,37597,172,3447,162160,8443,154,3448,980.6,301.7
G,3162578,244033,105,3447,1867036,50258,129,3448,980.6,301.7
R,1292272,101648,6243,3447,762531,40007,6024,3448,980.6,301.7
D,NBXX,9999,8.534e-5,5.989e-5,3.574e-5,1.011e-5,8.482e-6,6.947e-6
Y,190591,980.6,301.7,297.6,69.7,13.1,5.7,0,0000
T,2014,08,30,20,53,44
B,265416,37451,162,3447,161272,8058,197,3447,980.6,301.7
G,3159737,243771,109,3447,1862524,49977,111,3447,980.6,301.7
R,1289940,102115,6224,3447,764507,39418,6175,3447,980.6,301.7
D,NBXX,9999,8.487e-5,5.988e-5,3.603e-5,8.839e-6,8.418e-6,6.525e-6
Y,190419,980.6,301.7,297.6,70.6,13.1,5.7,0,0000
T,2014,08,30,20,58,44
B,265163,38518,130,3448,161200,8512,181,3447,980.6,301.7
G,3162589,248726,141,3448,1865899,50490,143,3447,980.6,301.7
R,1290494,103640,6133,3448,763885,40460,6231,3447,980.6,301.7
D,NBXX,9999,8.842e-5,6.134e-5,3.697e-5,1.043e-5,8.546e-6,7.190e-6
Y,190536,980.6,301.7,297.6,71.3,13.0,5.7,0,0000
T,2014,08,30,21,03,44
B,266099,38102,153,3447,160342,8321,169,3447,980.7,301.7
G,3163507,248680,135,3447,1862416,50226,136,3447,980.7,301.7
R,1290208,103218,6260,3447,762894,39776,6310,3447,980.7,301.7
D,NBXX,9999,8.670e-5,6.131e-5,3.658e-5,9.714e-6,8.459e-6,6.620e-6
Y,190647,980.7,301.7,297.6,71.9,13.1,5.7,0,0000
T,2014,08,30,21,08,44
B,265581,38878,175,3447,160699,8285,154,3448,980.7,301.8
G,3166190,254757,108,3447,1865380,50661,78,3448,980.7,301.8
R,1292971,105108,6081,3447,764635,39913,6043,3448,980.7,301.8
D,NBXX,9999,8.928e-5,6.316e-5,3.794e-5,9.619e-6,8.607e-6,6.982e-6
Y,190809,980.7,301.8,297.6,72.3,13.1,5.7,0,0000
T,2014,08,30,21,13,44
B,264829,39435,153,3447,160944,8280,168,3447,980.7,301.8
G,3167117,258676,147,3447,1870350,51324,89,3447,980.7,301.8
R,1293401,106517,6123,3447,765602,40178,6203,3447,980.7,301.8
D,NBXX,9999,9.135e-5,6.434e-5,3.864e-5,9.709e-6,8.796e-6,7.002e-6
Y,190865,980.7,301.8,297.6,72.6,13.1,5.7,0,0000
T,2014,08,30,21,18,44
B,264441,42474,181,3448,160499,8997,136,3447,980.7,301.8
G,3168722,277711,130,3448,1870237,55099,124,3447,980.7,301.8
R,1290125,111527,6085,3448,767010,42040,6067,3447,980.7,301.8
D,NBXX,9999,1.009e-4,7.023e-5,4.198e-5,1.197e-5,9.962e-6,8.317e-6
Y,190907,980.7,301.8,297.6,72.4,13.1,5.7,0,0000
T,2014,08,30,21,23,44
B,265768,42612,169,3447,160357,8707,142,3447,980.8,301.8
G,3169023,277176,135,3447,1860717,53794,147,3447,980.8,301.8
R,1293685,112513,6285,3447,763911,41454,6298,3447,980.8,301.8
D,NBXX,9999,1.007e-4,7.004e-5,4.212e-5,1.096e-5,9.539e-6,7.598e-6
Y,190981,980.8,301.8,297.6,72.4,13.1,5.7,0,0000
T,2014,08,30,21,28,44
B,264931,44227,145,3447,161226,9032,138,3448,980.8,301.8
G,3171053,291840,114,3447,1867183,56841,119,3448,980.8,301.8
R,1290673,117562,6168,3447,765070,42293,6308,3448,980.8,301.8
D,NBXX,9999,1.061e-4,7.457e-5,4.544e-5,1.213e-5,1.048e-5,8.222e-6
Y,191103,980.8,301.8,297.6,72.8,13.1,5.7,0,0000
T,2014,08,30,21,33,44
B,266489,42221,171,3447,160385,8564,131,3447,980.9,301.8
G,3165359,275480,109,3447,1863449,53453,133,3447,980.9,301.8
R,1293363,111858,6221,3447,763184,41267,6046,3447,980.9,301.8
D,NBXX,9999,9.918e-5,6.960e-5,4.196e-5,1.049e-5,9.453e-6,7.712e-6
Y,190759,980.9,301.8,297.6,72.4,13.1,5.7,0,0000
T,2014,08,30,21,38,44
B,266245,40616,190,3448,161282,8423,155,3447,980.9,301.8
G,3167238,265614,129,3448,1867198,52443,130,3447,980.9,301.8
R,1294278,108820,6241,3448,766065,41128,6078,3447,980.9,301.8
D,NBXX,9999,9.424e-5,6.647e-5,4.002e-5,9.939e-6,9.127e-6,7.584e-6
Y,190817,980.9,301.8,297.7,72.3,13.1,5.7,0,0000
T,2014,08,30,21,43,44
B,265259,40877,149,3447,160563,8479,140,3447,980.9,301.8
G,3166658,267803,110,3447,1864278,52512,119,3447,980.9,301.8
R,1291804,110155,6253,3447,766636,40980,6121,3447,980.9,301.8
D,NBXX,9999,9.569e-5,6.718e-5,4.091e-5,1.039e-5,9.158e-6,7.480e-6
Y,190838,980.9,301.8,297.7,72.3,13.1,5.7,0,0000
T,2014,08,30,21,48,44
B,265393,41180,192,3447,160062,8629,161,3448,980.9,301.8
G,3164899,269306,141,3447,1870571,52680,95,3448,980.9,301.8
R,1291450,109929,6296,3447,764762,40629,6250,3448,980.9,301.8
D,NBXX,9999,9.634e-5,6.769e-5,4.067e-5,1.060e-5,9.212e-6,7.140e-6
Y,190731,980.9,301.8,297.7,72.1,13.1,5.7,0,0000
T,2014,08,30,21,53,44
B,264294,41686,144,3447,160785,8615,177,3447,980.9,301.8
G,3162004,271455,131,3447,1867566,53646,101,3447,980.9,301.8
R,1292231,110250,6283,3447,764815,41500,6147,3447,980.9,301.8
D,NBXX,9999,9.853e-5,6.844e-5,4.091e-5,1.079e-5,9.535e-6,7.754e-6
Y,190556,980.9,301.8,297.6,72.1,13.1,5.7,0,0000
T,2014,08,30,21,58,44
B,265891,40051,164,3448,160878,8528,173,3447,980.8,301.8
G,3163525,261736,122,3448,1864149,51307,119,3447,980.8,301.8
R,1292391,107943,6189,3448,764191,40910,6196,3447,980.8,301.8
D,NBXX,9999,9.271e-5,6.539e-5,3.952e-5,1.032e-5,8.812e-6,7.427e-6
Y,190593,980.8,301.8,297.6,71.9,13.1,5.7,0,0000
T,2014,08,30,22,03,44
B,265192,40080,175,3447,161091,8527,154,3447,980.8,301.8
G,3167921,262046,133,3447,1867715,51104,136,3447,980.8,301.8
R,1291888,106793,6201,3447,767509,40984,6246,3447,980.8,301.8
D,NBXX,9999,9.314e-5,6.536e-5,3.879e-5,1.040e-5,8.711e-6,7.429e-6
Y,190914,980.8,301.8,297.6,71.8,13.1,5.7,0,0000
T,2014,08,30,22,08,44
B,265095,42143,168,3447,160250,8804,198,3448,980.8,301.8
G,3168186,276834,117,3447,1866067,54510,128,3448,980.8,301.8
R,1295018,111385,6096,3447,763386,41852,6231,3448,980.8,301.8
D,NBXX,9999,9.940e-5,6.997e-5,4.155e-5,1.112e-5,9.775e-6,8.000e-6
Y,190930,980.8,301.8,297.6,71.9,13.1,5.7,0,0000
T,2014,08,30,22,13,44
B,264917,45042,170,3447,160648,9194,157,3447,980.8,301.8
G,3163894,294286,141,3447,1869669,57065,109,3447,980.8,301.8
R,1292070,116670,6153,3447,765056,42644,6332,3447,980.8,301.8
D,NBXX,9999,1.085e-4,7.553e-5,4.482e-5,1.248e-5,1.059e-5,8.419e-6
Y,190670,980.8,301.8,297.6,72.3,13.1,5.7,0,0000
T,2014,08,30,22,18,44
B,265200,43094,154,3448,161072,8970,167,3447,980.9,301.8
G,3168946,280151,128,3448,1865912,54334,139,3447,980.9,301.8
R,1292566,113240,6304,3448,762972,41765,6254,3447,980.9,301.8
D,NBXX,9999,1.024e-4,7.095e-5,4.264e-5,1.180e-5,9.705e-6,7.827e-6
Y,190920,980.9,301.8,297.6,72.8,13.1,5.7,0,0000
T,2014,08,30,22,23,44
B,264944,43746,173,3447,160382,8785,158,3447,980.9,301.8
G,3160765,284768,143,3447,1864157,54797,110,3447,980.9,301.8
R,1293826,114052,6100,3447,764958,41847,6277,3447,980.9,301.8
D,NBXX,9999,1.045e-4,7.262e-5,4.320e-5,1.121e-5,9.893e-6,7.983e-6
Y,190481,980.9,301.8,297.6,72.4,13.1,5.7,0,0000
T,2014,08,30,22,28,44
B,265178,40565,145,3447,160889,8270,148,3448,980.9,301.7
G,3166549,263086,112,3447,1867224,51853,114,3448,980.9,301.7
R,1294160,107412,6174,3447,764050,40627,6124,3448,980.9,301.7
D,NBXX,9999,9.476e-5,6.571e-5,3.918e-5,9.738e-6,8.949e-6,7.282e-6
Y,190831,980.9,301.7,297.6,72.3,13.1,5.7,0,0000
T,2014,08,30,22,33,44
B,265059,41217,155,3447,160543,8504,185,3447,980.9,301.7
G,3164310,265537,133,3447,1863336,52450,97,3447,980.9,301.7
R,1292501,107964,6196,3447,763868,40814,6057,3447,980.9,301.7
D,NBXX,9999,9.666e-5,6.653e-5,3.962e-5,1.030e-5,9.150e-6,7.455e-6
Y,190696,980.9,301.7,297.6,72.1,13.1,5.7,0,0000
T,2014,08,30,22,38,44
B,265697,39772,170,3448,160817,8335,195,3447,981.0,301.8
G,3163573,260417,143,3448,1864272,51462,127,3447,981.0,301.8
R,1293783,106355,6160,3448,762365,40431,6203,3447,981.0,301.8
D,NBXX,9999,9.184e-5,6.494e-5,3.850e-5,9.649e-6,8.836e-6,7.132e-6
Y,190595,981.0,301.8,297.6,71.8,13.1,5.7,0,0000
T,2014,08,30,22,43,44
B,265652,40682,157,3447,160449,8466,158,3447,981.1,301.7
G,3166436,265902,141,3447,1863182,52012,119,3447,981.1,301.7
R,1293970,107584,6286,3447,763357,40607,6147,3447,981.1,301.7
D,NBXX,9999,9.482e-5,6.658e-5,3.919e-5,1.022e-5,8.992e-6,7.182e-6
Y,190824,981.1,301.7,297.6,72.1,13.1,5.7,0,0000
T,2014,08,30,22,48,44
B,265847,41760,189,3447,160796,8733,157,3448,981.2,301.7
G,3162621,269730,98,3447,1864880,53815,115,3448,981.2,301.7
R,1292450,109162,6142,3447,763542,41257,6190,3448,981.2,301.7
D,NBXX,9999,9.793e-5,6.789e-5,4.030e-5,1.090e-5,9.586e-6,7.665e-6
Y,190593,981.2,301.7,297.6,71.9,13.1,5.7,0,0000
T,2014,08,30,22,53,44
B,265087,42275,178,3447,161137,8763,169,3447,981.1,301.8
G,3164923,274094,132,3447,1868718,53698,124,3447,981.1,301.8
R,1293185,110956,6206,3447,769058,41505,6187,3447,981.1,301.8
D,NBXX,9999,9.987e-5,6.918e-5,4.133e-5,1.107e-5,9.527e-6,7.771e-6
Y,190733,981.1,301.8,297.6,71.9,13.1,5.7,0,0000
T,2014,08,30,22,58,44
B,265088,43956,215,3448,160088,8996,139,3447,981.1,301.8
G,3166950,287341,157,3448,1862406,55781,145,3447,981.1,301.8
R,1293424,113896,6166,3448,763252,42394,6034,3447,981.1,301.8
D,NBXX,9999,1.050e-4,7.323e-5,4.325e-5,1.177e-5,1.015e-5,8.456e-6
Y,190800,981.1,301.8,297.6,71.6,13.1,5.7,0,0000
T,2014,08,30,23,03,44
B,264993,43436,155,3447,160950,8872,155,3447,981.1,301.7
G,3158741,281525,138,3447,1866245,55477,116,3447,981.1,301.7
R,1292950,113004,6103,3447,764103,41774,6167,3447,981.1,301.7
D,NBXX,9999,1.036e-4,7.167e-5,4.268e-5,1.155e-5,1.011e-5,8.026e-6
Y,190359,981.1,301.7,297.6,71.9,13.0,5.7,0,0000
T,2014,08,30,23,08,44
B,265050,43079,169,3447,160711,9107,139,3447,981.1,301.7
G,3164192,279260,132,3447,1866953,54880,115,3447,981.1,301.7
R,1293575,112349,6306,3447,765318,41552,6190,3447,981.1,301.7
D,NBXX,9999,1.024e-4,7.081e-5,4.209e-5,1.227e-5,9.903e-6,7.721e-6
Y,190688,981.1,301.7,297.6,72.1,13.0,5.7,0,0000
T,2014,08,30,23,13,44
B,265968,43934,179,3447,161047,8981,176,3448,981.4,301.7
G,3165370,287904,122,3447,1868941,55459,117,3448,981.4,301.7
R,1291010,116265,6195,3447,764844,41873,6305,3448,981.4,301.7
D,NBXX,9999,1.044e-4,7.348e-5,4.461e-5,1.162e-5,1.007e-5,7.942e-6
Y,190760,981.4,301.7,297.6,73.4,13.1,5.7,0,0000
T,2014,08,30,23,18,44
B,266647,41437,176,3447,160639,8446,170,3447,981.5,301.7
G,3163944,268289,140,3447,1864766,52039,107,3447,981.5,301.7
R,1293368,109194,6336,3447,764694,40893,6221,3447,981.5,301.7
D,NBXX,9999,9.653e-5,6.739e-5,4.012e-5,9.947e-6,9.018e-6,7.276e-6
Y,190673,981.5,301.7,297.5,73.7,13.1,5.7,0,0000
T,2014,08,30,23,23,44
B,264892,43076,202,3448,160612,8992,173,3447,981.4,301.7
G,3166005,281388,146,3448,1866731,54702,138,3447,981.4,301.7
R,1294471,114174,6279,3448,764971,41558,6176,3447,981.4,301.7
D,NBXX,9999,1.023e-4,7.141e-5,4.319e-5,1.170e-5,9.829e-6,7.749e-6
Y,190743,981.4,301.7,297.5,73.1,13.1,5.7,0,0000
T,2014,08,30,23,28,44
B,265790,39346,163,3447,161100,8581,151,3447,981.4,301.7
G,3161886,255741,128,3447,1867081,52120,127,3447,981.4,301.7
R,1292249,105443,6063,3447,764911,40410,6171,3447,981.4,301.7
D,NBXX,9999,9.067e-5,6.353e-5,3.810e-5,1.056e-5,9.051e-6,7.224e-6
Y,190549,981.4,301.7,297.5,73.2,13.1,5.7,0,0000
T,2014,08,30,23,33,44
B,265971,36648,155,3447,160926,8215,134,3448,981.4,301.7
G,3164537,241325,134,3447,1867108,49880,111,3448,981.4,301.7
R,1293979,101682,6129,3447,764694,39587,6023,3448,981.4,301.7
D,NBXX,9999,8.242e-5,5.897e-5,3.577e-5,9.511e-6,8.337e-6,6.750e-6
Y,190709,981.4,301.7,297.5,73.9,13.1,5.7,0,0000
T,2014,08,30,23,38,44
B,265119,36813,201,3447,161077,8264,143,3447,981.4,301.6
G,3167950,241330,134,3447,1867926,48831,119,3447,981.4,301.6
R,1292815,101647,6334,3447,764725,39796,6069,3447,981.4,301.6
D,NBXX,9999,8.309e-5,5.888e-5,3.562e-5,9.551e-6,7.995e-6,6.720e-6
Y,190916,981.4,301.6,297.5,75.0,13.1,5.7,0,0000
T,2014,08,30,23,43,44
B,265684,36555,166,3448,160462,7934,187,3447,981.3,301.6
G,3164978,237295,156,3448,1863597,48121,134,3447,981.3,301.6
R,1295913,100172,6246,3448,763557,39129,6202,3447,981.3,301.6
D,NBXX,9999,8.203e-5,5.768e-5,3.456e-5,8.464e-6,7.779e-6,6.248e-6
Y,190680,981.3,301.6,297.5,75.2,13.1,5.7,0,0000
T,2014,08,30,23,48,44
B,266325,36361,154,3447,160823,8020,153,3447,981.3,301.6
G,3165297,233041,95,3447,1866834,47285,95,3447,981.3,301.6
R,1290719,98673,6282,3447,764915,38766,6150,3447,981.3,301.6
D,NBXX,9999,8.133e-5,5.638e-5,3.386e-5,8.827e-6,7.549e-6,6.092e-6
Y,190755,981.3,301.6,297.5,75.3,13.1,5.7,0,0000
T,2014,08,30,23,53,44
B,265540,38342,199,3447,161111,8484,115,3448,981.3,301.6
G,3166697,247758,147,3447,1870181,50744,103,3448,981.3,301.6
R,1294254,103210,6235,3447,764477,39670,6111,3448,981.3,301.6
D,NBXX,9999,8.771e-5,6.092e-5,3.656e-5,1.028e-5,8.594e-6,6.660e-6
Y,190840,981.3,301.6,297.4,75.2,13.1,5.7,0,0000
T,2014,08,30,23,58,44
B,265979,38798,193,3447,161820,8678,162,3447,981.2,301.6
G,3167039,254285,100,3447,1870378,51515,103,3447,981.2,301.6
R,1293195,105383,6111,3447,765592,39985,6004,3447,981.2,301.6
D,NBXX,9999,8.877e-5,6.296e-5,3.810e-5,1.070e-5,8.854e-6,7.036e-6
Y,190861,981.2,301.6,297.4,74.9,13.1,5.7,0,0000
