T,2014,09,07,00,03,05
B,261721,17149,171,3448,159114,5860,158,3447,978.2,301.5
G,3119377,103166,143,3448,1835286,31545,115,3447,978.2,301.5
R,1275743,59756,6196,3448,752532,32121,6136,3447,978.2,301.5
D,NBXX,9999,2.349e-5,1.638e-5,1.038e-5,2.474e-6,2.789e-6,2.227e-6
Y,187923,978.2,301.5,297.3,68.4,13.1,5.7,0,0000
T,2014,09,07,00,08,05
B,261848,17528,151,3447,158308,5963,196,3447,978.1,301.5
G,3119025,103571,121,3447,1836604,31774,123,3447,978.1,301.5
R,1276085,59739,6122,3447,752990,32119,6105,3447,978.1,301.5
D,NBXX,9999,2.457e-5,1.652e-5,1.044e-5,2.716e-6,2.865e-6,2.294e-6
Y,187956,978.1,301.5,297.2,68.2,13.1,5.7,0,0000
T,2014,09,07,00,13,05
B,262392,17443,189,3447,159082,5899,182,3448,978.2,301.4
G,3118639,106066,144,3447,1841417,32054,123,3448,978.2,301.4
R,1276479,60489,6061,3447,754582,32201,6119,3448,978.2,301.4
D,NBXX,9999,2.412e-5,1.730e-5,1.093e-5,2.390e-6,2.943e-6,2.371e-6
Y,187933,978.2,301.4,297.2,68.4,13.1,5.7,0,0000
T,2014,09,07,00,18,05
B,263512,17791,157,3447,159523,5785,179,3447,978.2,301.4
G,3118910,105138,139,3447,1840099,31609,122,3447,978.2,301.4
R,1275474,60083,6142,3447,753610,32035,6059,3447,978.2,301.4
D,NBXX,9999,2.509e-5,1.701e-5,1.068e-5,2.096e-6,2.806e-6,2.266e-6
Y,187949,978.2,301.4,297.1,68.5,13.1,5.7,0,0000
T,2014,09,07,00,23,05
B,262530,18111,157,3448,159146,6022,156,3447,978.1,301.4
G,3121023,109790,100,3448,1838434,32192,121,3447,978.1,301.4
R,1273060,61402,6090,3448,753045,32124,6051,3447,978.1,301.4
D,NBXX,9999,2.636e-5,1.847e-5,1.160e-5,2.981e-6,3.002e-6,2.390e-6
Y,188022,978.1,301.4,297.1,69.2,13.1,5.7,0,0000
T,2014,09,07,00,28,05
B,261935,17740,184,3447,159131,6110,155,3447,978.0,301.4
G,3120234,108478,123,3447,1835815,32236,120,3447,978.0,301.4
R,1274491,60673,6058,3447,753957,31738,5971,3447,978.0,301.4
D,NBXX,9999,2.524e-5,1.806e-5,1.119e-5,3.196e-6,3.007e-6,2.214e-6
Y,188029,978.0,301.4,297.1,68.7,13.1,5.7,0,0000
T,2014,09,07,00,33,05
B,261563,17980,169,3447,159028,5886,124,3448,978.0,301.4
G,3120842,109181,149,3447,1840985,32760,153,3448,978.0,301.4
R,1275932,60916,6157,3447,752033,31945,6029,3448,978.0,301.4
D,NBXX,9999,2.623e-5,1.825e-5,1.120e-5,2.685e-6,3.146e-6,2.212e-6
Y,188066,978.0,301.4,297.1,68.5,13.1,5.7,0,0000
T,2014,09,07,00,38,05
B,262130,18474,174,3447,159032,6037,135,3447,977.9,301.3
G,3126906,112189,135,3447,1841703,32684,125,3447,977.9,301.3
R,1274208,61577,5909,3447,752903,31952,6061,3447,977.9,301.3
D,NBXX,9999,2.759e-5,1.915e-5,1.181e-5,3.064e-6,3.121e-6,2.392e-6
Y,188433,977.9,301.3,297.1,69.2,13.1,5.7,0,0000
T,2014,09,07,00,43,05
B,261797,18130,156,3448,158632,6103,137,3447,977.9,301.3
G,3123705,112839,125,3448,1840830,32831,107,3447,977.9,301.3
R,1273405,62180,6149,3448,753276,32451,6022,3447,977.9,301.3
D,NBXX,9999,2.665e-5,1.940e-5,1.205e-5,3.355e-6,3.191e-6,2.569e-6
Y,188185,977.9,301.3,297.0,69.2,13.1,5.7,0,0000
T,2014,09,07,00,48,05
B,262204,18314,161,3447,158667,6114,141,3447,977.9,301.3
G,3122689,111470,129,3447,1839260,32375,94,3447,977.9,301.3
R,1273158,61750,6080,3447,753150,31801,6004,3447,977.9,301.3
D,NBXX,9999,2.710e-5,1.898e-5,1.186e-5,3.323e-6,3.051e-6,2.225e-6
Y,188178,977.9,301.3,297.0,69.0,13.1,5.7,0,0000
T,2014,09,07,00,53,05
B,262485,18780,146,3447,158619,6088,161,3448,977.9,301.3
G,3123774,112701,115,3447,1842286,32868,115,3448,977.9,301.3
R,1278187,61390,5933,3447,753395,31797,5960,3448,977.9,301.3
D,NBXX,9999,2.847e-5,1.936e-5,1.165e-5,3.200e-6,3.197e-6,2.312e-6
Y,188244,977.9,301.3,297.0,68.9,13.1,5.7,0,0000
T,2014,09,07,00,58,05
B,261223,18183,168,3447,158638,6183,169,3447,977.8,301.3
G,3124557,112384,143,3447,1839041,32917,128,3447,977.8,301.3
R,1274857,61552,5776,3447,753188,31808,5908,3447,977.8,301.3
D,NBXX,9999,2.678e-5,1.924e-5,1.198e-5,3.479e-6,3.198e-6,2.504e-6
Y,188291,977.8,301.3,297.1,69.0,13.1,5.7,0,0000
T,2014,09,07,01,03,05
B,263060,18879,137,3448,158271,6067,181,3447,977.8,301.3
G,3126844,114719,102,3448,1836487,33051,135,3447,977.8,301.3
R,1275001,62325,5902,3448,753105,32391,5937,3447,977.8,301.3
D,NBXX,9999,2.861e-5,1.996e-5,1.235e-5,3.067e-6,3.248e-6,2.757e-6
Y,188374,977.8,301.3,297.1,69.0,13.1,5.7,0,0000
T,2014,09,07,01,08,05
B,262111,19158,185,3447,158306,6228,176,3447,977.8,301.3
G,3125293,116836,140,3447,1835634,33402,111,3447,977.8,301.3
R,1275686,63063,6073,3447,751791,32208,5840,3447,977.8,301.3
D,NBXX,9999,2.953e-5,2.064e-5,1.274e-5,3.471e-6,3.356e-6,2.579e-6
Y,188335,977.8,301.3,297.1,69.2,13.1,5.7,0,0000
T,2014,09,07,01,13,05
B,254582,18386,153,3357,154512,6144,139,3356,977.8,301.4
G,3044848,113353,128,3357,1791494,32955,135,3356,977.8,301.4
R,1240935,61692,5694,3357,734749,31093,5719,3356,977.8,301.4
D,NBXX,9999,2.904e-5,2.048e-5,1.309e-5,3.998e-6,3.486e-6,2.563e-6
Y,188407,977.8,301.4,297.1,69.2,13.1,5.7,0,0008
T,2014,09,07,01,18,05
B,262311,18778,125,3447,158970,6185,147,3448,977.8,301.4
G,3125574,113934,112,3447,1838537,32955,104,3448,977.8,301.4
R,1274872,62043,5935,3447,753927,31665,5719,3448,977.8,301.4
D,NBXX,9999,2.863e-5,1.973e-5,1.231e-5,3.639e-6,3.224e-6,2.432e-6
Y,188352,977.8,301.4,297.2,69.0,13.1,5.7,0,0000
T,2014,09,07,01,23,05
B,262631,18986,160,3447,158258,6418,140,3447,977.9,301.3
G,3120866,114490,111,3447,1836411,33017,82,3447,977.9,301.3
R,1275337,61996,5919,3447,753520,32031,5840,3447,977.9,301.3
D,NBXX,9999,2.910e-5,1.997e-5,1.219e-5,4.244e-6,3.271e-6,2.584e-6
Y,188068,977.9,301.3,297.1,69.3,13.1,5.7,0,0000
T,2014,09,07,01,28,05
B,262957,19052,156,3448,158910,6022,147,3447,977.8,301.3
G,3125260,115572,136,3448,1840407,33234,112,3447,977.8,301.3
R,1273529,62853,5793,3448,753179,31974,5882,3447,977.8,301.3
D,NBXX,9999,2.922e-5,2.024e-5,1.283e-5,2.989e-6,3.307e-6,2.630e-6
Y,188279,977.8,301.3,297.1,69.5,13.1,5.7,0,0000
T,2014,09,07,01,33,05
B,262657,18813,143,3447,158806,6043,163,3447,977.8,301.3
G,3125541,116477,141,3447,1833971,33629,134,3447,977.8,301.3
R,1273016,62743,5750,3447,750526,32272,5935,3447,977.8,301.3
D,NBXX,9999,2.854e-5,2.052e-5,1.277e-5,3.058e-6,3.418e-6,2.808e-6
Y,188350,977.8,301.3,297.0,69.7,13.1,5.7,0,0000
T,2014,09,07,01,38,05
B,262906,18835,151,3447,158227,5977,136,3448,977.8,301.3
G,3125445,116268,110,3447,1839496,32914,121,3448,977.8,301.3
R,1274330,62864,5844,3447,753037,32239,6000,3448,977.8,301.3
D,NBXX,9999,2.862e-5,2.047e-5,1.270e-5,2.900e-6,3.206e-6,2.656e-6
Y,188345,977.8,301.3,297.0,69.8,13.1,5.7,0,0000
T,2014,09,07,01,43,05
B,262683,18739,144,3447,158873,5972,150,3447,977.7,301.3
G,3124687,114473,132,3447,1836221,33083,112,3447,977.7,301.3
R,1275999,62271,5951,3447,752735,32112,5888,3447,977.7,301.3
D,NBXX,9999,2.835e-5,1.990e-5,1.229e-5,2.879e-6,3.260e-6,2.570e-6
Y,188299,977.7,301.3,297.0,70.0,13.1,5.7,0,0000
T,2014,09,07,01,48,05
B,261615,18448,171,3448,158285,6142,123,3447,977.7,301.3
G,3129256,112657,134,3448,1836102,32734,120,3447,977.7,301.3
R,1274806,61401,5858,3448,751211,31623,5847,3447,977.7,301.3
D,NBXX,9999,2.767e-5,1.927e-5,1.187e-5,3.485e-6,3.134e-6,2.378e-6
Y,188520,977.7,301.3,297.1,69.8,13.1,5.7,0,0000
T,2014,09,07,01,53,05
B,262310,18838,175,3447,158183,6257,155,3447,977.7,301.3
G,3125330,115457,103,3447,1834482,33417,102,3447,977.7,301.3
R,1274100,62228,5736,3447,749731,32002,5806,3447,977.7,301.3
D,NBXX,9999,2.861e-5,2.022e-5,1.252e-5,3.659e-6,3.378e-6,2.734e-6
Y,188338,977.7,301.3,297.2,69.8,13.1,5.7,0,0000
T,2014,09,07,01,58,05
B,262773,18614,132,3447,157919,6016,132,3448,977.7,301.4
G,3128704,113683,105,3447,1839637,32968,120,3448,977.7,301.4
R,1273162,61665,5848,3447,753243,31781,5770,3448,977.7,301.4
D,NBXX,9999,2.805e-5,1.961e-5,1.214e-5,3.112e-6,3.214e-6,2.545e-6
Y,188542,977.7,301.4,297.2,69.7,13.1,5.7,0,0000
T,2014,09,07,02,03,05
B,263070,18694,159,3447,158035,6041,136,3447,977.7,301.4
G,3127447,112803,102,3447,1837729,32636,128,3447,977.7,301.4
R,1276591,61313,5633,3447,753302,31734,5874,3447,977.7,301.4
D,NBXX,9999,2.812e-5,1.935e-5,1.192e-5,3.063e-6,3.115e-6,2.570e-6
Y,188466,977.7,301.4,297.2,69.7,13.1,5.7,0,0000
T,2014,09,07,02,08,05
B,263030,18235,175,3448,158714,5979,173,3447,977.7,301.4
G,3129078,113441,128,3448,1839663,32616,104,3447,977.7,301.4
R,1275345,61498,5843,3448,751310,31773,5815,3447,977.7,301.4
D,NBXX,9999,2.652e-5,1.953e-5,1.195e-5,2.689e-6,3.105e-6,2.501e-6
Y,188509,977.7,301.4,297.2,69.7,13.1,5.7,0,0000
T,2014,09,07,02,13,05
B,263360,18565,129,3447,158696,6008,149,3447,977.7,301.4
G,3128008,114243,135,3447,1839392,32863,119,3447,977.7,301.4
R,1276910,62034,5665,3447,754122,32016,5810,3447,977.7,301.4
D,NBXX,9999,2.772e-5,1.979e-5,1.238e-5,3.003e-6,3.176e-6,2.765e-6
Y,188500,977.7,301.4,297.2,69.7,13.1,5.7,0,0000
T,2014,09,07,02,18,05
B,261494,18232,142,3447,157842,6221,158,3448,977.7,301.4
G,3128553,112650,103,3447,1840619,33187,80,3448,977.7,301.4
R,1274955,61489,5709,3447,753425,31847,5661,3448,977.7,301.4
D,NBXX,9999,2.701e-5,1.931e-5,1.217e-5,3.707e-6,3.299e-6,2.749e-6
Y,188533,977.7,301.4,297.3,69.7,13.1,5.7,0,0000
T,2014,09,07,02,23,05
B,261936,18156,137,3447,158441,6047,115,3447,977.6,301.4
G,3124529,112725,111,3447,1840233,33087,104,3447,977.6,301.4
R,1272857,61533,5871,3447,752112,31934,5860,3447,977.6,301.4
D,NBXX,9999,2.685e-5,1.936e-5,1.198e-5,3.313e-6,3.272e-6,2.566e-6
Y,188289,977.6,301.4,297.2,69.8,13.1,5.7,0,0000
T,2014,09,07,02,28,05
B,262295,18716,145,3448,158052,5946,162,3447,977.6,301.4
G,3128137,114170,110,3448,1837597,33169,97,3447,977.6,301.4
R,1275593,61687,5902,3448,752198,31847,5849,3447,977.6,301.4
D,NBXX,9999,2.831e-5,1.978e-5,1.200e-5,2.783e-6,3.292e-6,2.477e-6
Y,188453,977.6,301.4,297.2,69.8,13.1,5.7,0,0000
T,2014,09,07,02,33,05
B,262754,18557,147,3447,159283,6176,151,3447,977.6,301.4
G,3123113,113011,112,3447,1837982,32871,117,3447,977.6,301.4
R,1274999,62224,5657,3447,752228,31531,5802,3447,977.6,301.4
D,NBXX,9999,2.775e-5,1.947e-5,1.256e-5,3.492e-6,3.204e-6,2.493e-6
Y,188204,977.6,301.4,297.2,70.0,13.1,5.7,0,0000
T,2014,09,07,02,38,05
B,263278,18573,167,3447,159209,6046,145,3448,977.5,301.4
G,3130243,113423,109,3447,1837104,33003,116,3448,977.5,301.4
R,1276090,61816,5816,3447,751305,31868,5567,3448,977.5,301.4
D,NBXX,9999,2.764e-5,1.951e-5,1.233e-5,2.999e-6,3.220e-6,2.743e-6
Y,188635,977.5,301.4,297.2,70.0,13.1,5.7,0,0000
T,2014,09,07,02,43,05
B,262414,18992,131,3447,158813,5912,122,3447,977.5,301.3
G,3123221,113368,130,3447,1834521,32755,102,3447,977.5,301.3
R,1274104,61339,5746,3447,751861,31947,5815,3447,977.5,301.3
D,NBXX,9999,2.933e-5,1.958e-5,1.195e-5,2.858e-6,3.166e-6,2.686e-6
Y,188210,977.5,301.3,297.1,70.2,13.1,5.7,0,0000
T,2014,09,07,02,48,05
B,262049,18566,143,3448,159094,6019,163,3447,977.6,301.4
G,3124469,113031,118,3448,1840928,33309,114,3447,977.6,301.4
R,1273619,61525,5753,3448,753157,31425,5797,3447,977.6,301.4
D,NBXX,9999,2.790e-5,1.945e-5,1.209e-5,3.030e-6,3.340e-6,2.378e-6
Y,188231,977.6,301.4,297.2,70.2,13.1,5.7,0,0000
T,2014,09,07,02,53,05
B,262161,18565,135,3447,158212,6219,140,3447,977.6,301.4
G,3125194,114314,166,3447,1839241,33291,112,3447,977.6,301.4
R,1275151,62860,5703,3447,753056,31911,5916,3447,977.6,301.4
D,NBXX,9999,2.799e-5,1.983e-5,1.283e-5,3.749e-6,3.312e-6,2.612e-6
Y,188329,977.6,301.4,297.2,70.0,13.1,5.7,0,0000
T,2014,09,07,02,58,05
B,262356,19293,184,3447,158964,6274,160,3448,977.5,301.4
G,3131448,118420,109,3447,1844024,33596,121,3448,977.5,301.4
R,1275788,63985,6024,3447,755718,32472,5861,3448,977.5,301.4
D,NBXX,9999,2.996e-5,2.107e-5,1.333e-5,3.653e-6,3.401e-6,2.758e-6
Y,188708,977.5,301.4,297.2,70.6,13.1,5.7,0,0000
T,2014,09,07,03,03,05
B,262260,18645,169,3447,158346,6224,137,3447,977.5,301.4
G,3126701,117105,112,3447,1835212,33483,93,3447,977.5,301.4
R,1277396,62725,5679,3447,751728,31838,5644,3447,977.5,301.4
D,NBXX,9999,2.810e-5,2.073e-5,1.291e-5,3.646e-6,3.394e-6,2.760e-6
Y,188421,977.5,301.4,297.2,70.3,13.1,5.7,0,0000
T,2014,09,07,03,08,05
B,263219,18639,113,3448,158799,6250,165,3447,977.5,301.4
G,3124173,114455,110,3448,1841048,33324,99,3447,977.5,301.4
R,1275327,61476,5716,3448,750263,31972,5754,3447,977.5,301.4
D,NBXX,9999,2.798e-5,1.992e-5,1.207e-5,3.766e-6,3.354e-6,2.761e-6
Y,188213,977.5,301.4,297.2,70.0,13.1,5.7,0,0000
T,2014,09,07,03,13,05
B,261469,19747,161,3447,158167,6089,173,3447,977.5,301.4
G,3123117,120034,153,3447,1835967,33908,100,3447,977.5,301.4
R,1273382,64165,5878,3447,751975,32141,5829,3447,977.5,301.4
D,NBXX,9999,3.161e-5,2.168e-5,1.363e-5,3.180e-6,3.523e-6,2.707e-6
Y,188204,977.5,301.4,297.2,70.2,13.1,5.7,0,0000
T,2014,09,07,03,18,05
B,261869,19938,128,3447,158072,6389,146,3447,977.6,301.4
G,3125882,121263,103,3447,1834238,34575,110,3447,977.6,301.4
R,1273489,63920,5899,3447,749676,32113,5867,3447,977.6,301.4
D,NBXX,9999,3.232e-5,2.205e-5,1.343e-5,4.302e-6,3.739e-6,2.646e-6
Y,188371,977.6,301.4,297.2,70.0,13.1,5.7,0,0000
T,2014,09,07,03,23,05
B,263036,20372,164,3447,158700,6346,154,3448,977.6,301.3
G,3129641,124108,115,3447,1838232,34702,140,3448,977.6,301.3
R,1274187,64871,5718,3447,752857,32763,5756,3448,977.6,301.3
D,NBXX,9999,3.324e-5,2.288e-5,1.421e-5,3.922e-6,3.747e-6,3.251e-6
Y,188598,977.6,301.3,297.1,70.2,13.0,5.7,0,0000
T,2014,09,07,03,28,05
B,263810,20115,162,3447,158090,6355,174,3447,977.6,301.3
G,3126699,124446,104,3447,1842984,34808,98,3447,977.6,301.3
R,1274954,65397,5768,3447,753893,32708,5552,3447,977.6,301.3
D,NBXX,9999,3.220e-5,2.304e-5,1.463e-5,3.836e-6,3.813e-6,3.325e-6
Y,188420,977.6,301.3,297.1,70.3,13.1,5.7,0,0000
T,2014,09,07,03,33,05
B,262021,20399,172,3448,158812,6361,147,3447,977.6,301.3
G,3129021,125719,111,3448,1841665,34495,127,3447,977.6,301.3
R,1276742,65937,5610,3448,752563,32621,5769,3447,977.6,301.3
D,NBXX,9999,3.356e-5,2.340e-5,1.488e-5,4.047e-6,3.696e-6,3.216e-6
Y,188506,977.6,301.3,297.1,70.3,13.1,5.7,0,0000
T,2014,09,07,03,38,05
B,262182,20529,161,3447,159038,6220,156,3447,977.6,301.3
G,3127809,125934,136,3447,1840986,34995,97,3447,977.6,301.3
R,1275588,64763,5753,3447,753312,32409,5637,3447,977.6,301.3
D,NBXX,9999,3.393e-5,2.349e-5,1.417e-5,3.600e-6,3.857e-6,3.083e-6
Y,188488,977.6,301.3,297.0,70.3,13.1,5.7,0,0000
T,2014,09,07,03,43,05
B,263299,20577,143,3447,158812,6283,141,3448,977.5,301.2
G,3126233,125641,115,3447,1839290,34917,100,3448,977.5,301.2
R,1275539,65208,5634,3447,752681,32298,5787,3448,977.5,301.2
D,NBXX,9999,3.393e-5,2.340e-5,1.443e-5,3.830e-6,3.828e-6,2.987e-6
Y,188392,977.5,301.2,297.0,70.3,13.1,5.7,0,0000
T,2014,09,07,03,48,05
B,262101,20273,155,3447,158004,6361,152,3447,977.4,301.2
G,3126641,127338,119,3447,1835606,34909,105,3447,977.4,301.2
R,1273950,65554,5570,3447,755077,32685,5776,3447,977.4,301.2
D,NBXX,9999,3.319e-5,2.392e-5,1.474e-5,4.079e-6,3.824e-6,3.302e-6
Y,188417,977.4,301.2,296.9,70.3,13.1,5.7,0,0000
T,2014,09,07,03,53,05
B,262397,20408,167,3448,158695,6378,137,3447,977.3,301.2
G,3124927,125414,127,3448,1837078,35185,113,3447,977.3,301.2
R,1276172,65868,5776,3448,750493,32127,5718,3447,977.3,301.2
D,NBXX,9999,3.355e-5,2.333e-5,1.477e-5,4.127e-6,3.915e-6,2.832e-6
Y,188258,977.3,301.2,297.0,70.5,13.1,5.7,0,0000
T,2014,09,07,03,58,05
B,262677,20260,158,3447,158555,6162,149,3447,977.3,301.2
G,3128067,123285,117,3447,1839217,34357,135,3447,977.3,301.2
R,1274818,64824,5741,3447,753273,31668,5694,3447,977.3,301.2
D,NBXX,9999,3.302e-5,2.262e-5,1.420e-5,3.422e-6,3.635e-6,2.597e-6
Y,188503,977.3,301.2,297.0,70.3,13.1,5.7,0,0000
T,2014,09,07,04,03,05
B,262578,20054,151,3447,158697,6421,117,3448,977.3,301.3
G,3126078,125361,126,3447,1840780,34449,90,3448,977.3,301.3
R,1277227,64602,5726,3447,752790,32414,5781,3448,977.3,301.3
D,NBXX,9999,3.254e-5,2.334e-5,1.395e-5,4.366e-6,3.694e-6,2.982e-6
Y,188383,977.3,301.3,297.1,70.2,13.1,5.7,0,0000
T,2014,09,07,04,08,05
B,262401,20248,152,3447,158402,6292,145,3447,977.3,301.3
G,3127662,124146,110,3447,1836720,34458,116,3447,977.3,301.3
R,1276332,64649,5685,3447,751793,32187,5686,3447,977.3,301.3
D,NBXX,9999,3.308e-5,2.293e-5,1.409e-5,3.880e-6,3.691e-6,2.952e-6
Y,188479,977.3,301.3,297.1,70.3,13.1,5.7,0,0000
T,2014,09,07,04,13,05
B,262578,19809,118,3448,158963,6344,157,3447,977.3,301.2
G,3131274,125280,102,3448,1844525,34178,138,3447,977.3,301.2
R,1276133,64945,5622,3448,752509,32131,5625,3447,977.3,301.2
D,NBXX,9999,3.175e-5,2.321e-5,1.437e-5,4.113e-6,3.575e-6,3.013e-6
Y,188642,977.3,301.2,297.0,70.6,13.1,5.7,0,0000
T,2014,09,07,04,18,05
B,263028,19866,144,3447,158978,6370,161,3447,977.3,301.2
G,3129327,124724,122,3447,1842369,33838,131,3447,977.3,301.2
R,1272701,64369,5747,3447,753365,32382,5593,3447,977.3,301.2
D,NBXX,9999,3.172e-5,2.305e-5,1.403e-5,4.049e-6,3.466e-6,3.129e-6
Y,188579,977.3,301.2,297.0,70.6,13.1,5.7,0,0000
T,2014,09,07,04,23,05
B,263327,20028,120,3447,159600,6362,121,3448,977.3,301.2
G,3128294,122545,94,3447,1839768,34284,131,3448,977.3,301.2
R,1276014,64072,5719,3447,752729,32225,5596,3448,977.3,301.2
D,NBXX,9999,3.238e-5,2.239e-5,1.379e-5,4.227e-6,3.618e-6,3.014e-6
Y,188517,977.3,301.2,297.0,70.3,13.1,5.7,0,0000
T,2014,09,07,04,28,05
B,261820,20137,183,3447,159068,6428,144,3447,977.3,301.1
G,3125890,125047,121,3447,1841988,34653,111,3447,977.3,301.1
R,1270761,64175,5607,3447,753983,31853,5539,3447,977.3,301.1
D,NBXX,9999,3.274e-5,2.321e-5,1.410e-5,4.222e-6,3.743e-6,2.958e-6
Y,188372,977.3,301.1,296.9,70.2,13.1,5.7,0,0000
T,2014,09,07,04,33,05
B,262416,20373,190,3448,159122,6232,160,3447,977.3,301.1
G,3125384,126320,106,3448,1837095,34761,77,3447,977.3,301.1
R,1276824,64804,5677,3448,752303,32035,5616,3447,977.3,301.1
D,NBXX,9999,3.325e-5,2.363e-5,1.423e-5,3.494e-6,3.800e-6,2.914e-6
Y,188286,977.3,301.1,296.8,70.3,13.1,5.7,0,0000
T,2014,09,07,04,38,05
B,262500,20707,135,3447,159138,6305,146,3447,977.3,301.1
G,3127269,126885,111,3447,1842171,34821,95,3447,977.3,301.1
R,1273797,65559,5564,3447,751813,32303,5674,3447,977.3,301.1
D,NBXX,9999,3.451e-5,2.378e-5,1.482e-5,3.957e-6,3.801e-6,3.144e-6
Y,188455,977.3,301.1,296.8,70.3,13.1,5.7,0,0000
T,2014,09,07,04,43,05
B,263193,20458,135,3447,158259,6393,131,3448,977.3,301.0
G,3128704,126899,122,3447,1839068,34837,121,3448,977.3,301.0
R,1273101,65163,5535,3447,752768,32247,5734,3448,977.3,301.0
D,NBXX,9999,3.362e-5,2.375e-5,1.457e-5,4.228e-6,3.784e-6,3.088e-6
Y,188542,977.3,301.0,296.8,70.5,13.1,5.7,0,0000
T,2014,09,07,04,48,05
B,263229,20241,148,3447,159004,6393,161,3447,977.3,301.0
G,3122576,125490,128,3447,1837852,34722,122,3447,977.3,301.0
R,1272636,64672,5579,3447,751568,32209,5477,3447,977.3,301.0
D,NBXX,9999,3.279e-5,2.338e-5,1.443e-5,4.077e-6,3.770e-6,3.228e-6
Y,188171,977.3,301.0,296.8,70.6,13.1,5.7,0,0000
T,2014,09,07,04,53,05
B,263282,20134,144,3448,159053,6123,158,3447,977.3,301.0
G,3128340,124271,123,3448,1841989,34693,101,3447,977.3,301.0
R,1273944,64684,5476,3448,753082,32015,5576,3447,977.3,301.0
D,NBXX,9999,3.247e-5,2.293e-5,1.440e-5,3.269e-6,3.753e-6,3.102e-6
Y,188465,977.3,301.0,296.8,70.5,13.1,5.7,0,0000
T,2014,09,07,04,58,05
B,262219,20119,147,3447,158268,6276,117,3447,977.3,301.0
G,3128113,125017,148,3447,1836701,34792,108,3447,977.3,301.0
R,1272512,64623,5564,3447,751613,32230,5615,3447,977.3,301.0
D,NBXX,9999,3.281e-5,2.316e-5,1.431e-5,3.948e-6,3.770e-6,3.153e-6
Y,188506,977.3,301.0,296.8,70.2,13.1,5.7,0,0000
T,2014,09,07,05,03,05
B,262434,20596,172,3447,159065,6323,143,3448,977.3,301.0
G,3126025,126836,112,3447,1845459,34674,88,3448,977.3,301.0
R,1271672,65859,5614,3447,751809,31899,5191,3448,977.3,301.0
D,NBXX,9999,3.406e-5,2.378e-5,1.537e-5,3.890e-6,3.758e-6,3.221e-6
Y,188380,977.3,301.0,296.7,70.5,13.1,5.7,0,0000
T,2014,09,07,05,08,05
B,261832,20162,154,3447,158663,6145,145,3447,977.3,301.0
G,3124599,126409,93,3447,1842745,34903,119,3447,977.3,301.0
R,1273994,64680,5489,3447,752338,31985,5605,3447,977.3,301.0
D,NBXX,9999,3.291e-5,2.366e-5,1.437e-5,3.442e-6,3.834e-6,3.048e-6
Y,188293,977.3,301.0,296.7,70.5,13.0,5.7,0,0000
T,2014,09,07,05,13,05
B,263164,20055,172,3448,159328,6308,121,3447,977.3,301.0
G,3125806,125975,131,3448,1838874,34926,98,3447,977.3,301.0
R,1273925,64938,5465,3448,751258,32099,5679,3447,977.3,301.0
D,NBXX,9999,3.229e-5,2.350e-5,1.450e-5,3.882e-6,3.834e-6,3.088e-6
Y,188312,977.3,301.0,296.7,70.5,13.1,5.7,0,0000
T,2014,09,07,05,18,05
B,262287,20625,166,3447,158987,6407,159,3447,977.3,301.0
G,3126688,126975,105,3447,1841446,34886,84,3447,977.3,301.0
R,1273567,64798,5424,3447,753495,32186,5587,3447,977.3,301.0
D,NBXX,9999,3.415e-5,2.382e-5,1.452e-5,4.130e-6,3.830e-6,3.237e-6
Y,188420,977.3,301.0,296.8,70.3,13.1,5.7,0,0000
T,2014,09,07,05,23,05
B,262019,20389,182,3447,159093,6283,120,3448,977.3,301.0
G,3126229,127742,106,3447,1840941,35298,122,3448,977.3,301.0
R,1273999,65615,5385,3447,753692,31582,5558,3448,977.3,301.0
D,NBXX,9999,3.356e-5,2.405e-5,1.506e-5,3.842e-6,3.944e-6,2.902e-6
Y,188392,977.3,301.0,296.8,70.2,13.1,5.7,0,0000
T,2014,09,07,05,28,05
B,262700,20639,122,3447,158282,6314,119,3447,977.4,301.1
G,3125272,127511,127,3447,1841062,34621,134,3447,977.4,301.1
R,1274361,65173,5417,3447,752426,31358,5445,3447,977.4,301.1
D,NBXX,9999,3.439e-5,2.398e-5,1.484e-5,4.114e-6,3.724e-6,2.822e-6
Y,188334,977.4,301.1,296.9,70.2,13.1,5.7,0,0000
T,2014,09,07,05,33,05
B,263501,20655,115,3447,159742,6400,135,3447,977.5,301.1
G,3131243,128795,122,3447,1842378,35259,92,3447,977.5,301.1
R,1273271,65426,5637,3447,752170,31944,5415,3447,977.5,301.1
D,NBXX,9999,3.422e-5,2.433e-5,1.488e-5,4.291e-6,3.922e-6,3.060e-6
Y,188695,977.5,301.1,296.9,70.0,13.1,5.7,0,0000
T,2014,09,07,05,38,05
B,261843,20845,154,3448,159249,6429,138,3447,977.5,301.1
G,3130376,130210,118,3448,1842604,34977,103,3447,977.5,301.1
R,1274393,66735,5451,3448,752710,32288,5384,3447,977.5,301.1
D,NBXX,9999,3.506e-5,2.478e-5,1.582e-5,4.355e-6,3.837e-6,3.425e-6
Y,188588,977.5,301.1,297.0,69.8,13.1,5.7,0,0000
T,2014,09,07,05,43,05
B,263131,20858,148,3447,158029,6271,120,3447,977.5,301.2
G,3125433,130246,137,3447,1842025,35085,98,3447,977.5,301.2
R,1271729,66135,5472,3447,751462,32243,5566,3447,977.5,301.2
D,NBXX,9999,3.490e-5,2.485e-5,1.538e-5,3.868e-6,3.880e-6,3.271e-6
Y,188344,977.5,301.2,297.0,69.7,13.1,5.7,0,0000
T,2014,09,07,05,48,05
B,262837,20704,148,3447,158629,6218,132,3448,977.6,301.3
G,3128993,129251,126,3447,1842245,34877,99,3448,977.6,301.3
R,1276073,65249,5443,3447,752765,31870,5449,3448,977.6,301.3
D,NBXX,9999,3.445e-5,2.452e-5,1.482e-5,3.676e-6,3.815e-6,3.098e-6
Y,188559,977.6,301.3,297.1,69.5,13.1,5.7,0,0000
T,2014,09,07,05,53,05
B,263286,20567,136,3447,158738,6226,152,3447,977.7,301.3
G,3132141,128137,97,3447,1840939,35174,117,3447,977.7,301.3
R,1273295,65778,5598,3447,751233,31863,5444,3447,977.7,301.3
D,NBXX,9999,3.389e-5,2.414e-5,1.511e-5,3.646e-6,3.905e-6,3.016e-6
Y,188750,977.7,301.3,297.1,69.5,13.1,5.7,0,0000
T,2014,09,07,05,58,05
B,262981,20581,139,3448,159156,6234,160,3447,977.7,301.3
G,3132252,127369,126,3448,1841197,34837,99,3447,977.7,301.3
R,1273859,65345,5568,3448,750274,32084,5498,3447,977.7,301.3
D,NBXX,9999,3.397e-5,2.389e-5,1.481e-5,3.658e-6,3.798e-6,3.136e-6
Y,188701,977.7,301.3,297.1,69.3,13.1,5.7,0,0000
T,2014,09,07,06,03,05
B,261566,20567,139,3447,159597,6243,126,3447,977.7,301.3
G,3129871,127604,122,3447,1841518,34342,87,3447,977.7,301.3
R,1275991,65484,5599,3447,751476,31984,5672,3447,977.7,301.3
D,NBXX,9999,3.438e-5,2.400e-5,1.469e-5,3.902e-6,3.653e-6,2.901e-6
Y,188612,977.7,301.3,297.1,69.3,13.0,5.7,0,0000
T,2014,09,07,06,08,05
B,263389,20837,161,3447,159557,6435,147,3448,977.7,301.3
G,3126444,126814,133,3447,1843245,34935,89,3448,977.7,301.3
R,1273499,65760,5549,3447,751518,32153,5584,3448,977.7,301.3
D,NBXX,9999,3.463e-5,2.379e-5,1.503e-5,4.208e-6,3.844e-6,3.124e-6
Y,188405,977.7,301.3,297.1,69.3,13.0,5.7,0,0000
T,2014,09,07,06,13,05
B,263298,19755,143,3447,158778,6402,136,3447,977.8,301.4
G,3132296,123690,94,3447,1840636,34227,107,3447,977.8,301.4
R,1272887,64373,5710,3447,751937,32050,5640,3447,977.8,301.4
D,NBXX,9999,3.141e-5,2.274e-5,1.402e-5,4.222e-6,3.611e-6,2.914e-6
Y,188759,977.8,301.4,297.2,69.2,13.1,5.7,0,0000
T,2014,09,07,06,18,05
B,262681,19734,132,3448,159321,6097,119,3447,977.8,301.4
G,3127700,121779,133,3448,1844686,34399,140,3447,977.8,301.4
R,1276460,64017,5729,3448,753301,32059,5811,3447,977.8,301.4
D,NBXX,9999,3.158e-5,2.216e-5,1.358e-5,3.427e-6,3.658e-6,2.754e-6
Y,188426,977.8,301.4,297.2,68.5,13.1,5.7,0,0000
T,2014,09,07,06,23,05
B,263024,20088,141,3447,158953,6136,139,3447,977.9,301.4
G,3124568,123617,138,3447,1835295,34373,105,3447,977.9,301.4
R,1274354,63926,5687,3447,751818,31906,5597,3447,977.9,301.4
D,NBXX,9999,3.250e-5,2.279e-5,1.376e-5,3.414e-6,3.668e-6,2.858e-6
Y,188292,977.9,301.4,297.2,68.4,13.1,5.7,0,0000
T,2014,09,07,06,28,05
B,261702,20192,155,3447,158816,6238,126,3448,977.9,301.4
G,3127650,124616,120,3447,1838616,34277,118,3448,977.9,301.4
R,1273220,64322,5769,3447,752806,32157,5499,3448,977.9,301.4
D,NBXX,9999,3.313e-5,2.307e-5,1.404e-5,3.813e-6,3.626e-6,3.032e-6
Y,188478,977.9,301.4,297.2,68.5,13.1,5.7,0,0000
T,2014,09,07,06,33,05
B,263992,20177,148,3447,158317,6253,152,3447,977.9,301.4
G,3125861,124110,120,3447,1840245,34763,133,3447,977.9,301.4
R,1271647,65380,5685,3447,752874,32295,5784,3447,977.9,301.4
D,NBXX,9999,3.248e-5,2.293e-5,1.460e-5,3.638e-6,3.783e-6,2.992e-6
Y,188370,977.9,301.4,297.2,68.5,13.1,5.7,0,0000
T,2014,09,07,06,38,05
B,263183,20415,135,3448,158657,6163,173,3447,977.9,301.5
G,3131381,126565,128,3448,1839330,34402,133,3447,977.9,301.5
R,1277471,65391,5794,3448,750449,32030,5835,3447,977.9,301.5
D,NBXX,9999,3.337e-5,2.363e-5,1.434e-5,3.392e-6,3.651e-6,2.662e-6
Y,188649,977.9,301.5,297.3,68.7,13.1,5.7,0,0000
T,2014,09,07,06,43,05
B,262139,20331,160,3447,158760,6436,150,3447,977.9,301.5
G,3126425,126013,114,3447,1840346,34614,88,3447,977.9,301.5
R,1276007,66040,5773,3447,752616,32241,5737,3447,977.9,301.5
D,NBXX,9999,3.335e-5,2.354e-5,1.487e-5,4.299e-6,3.753e-6,2.888e-6
Y,188404,977.9,301.5,297.3,68.7,13.1,5.7,0,0000
T,2014,09,07,06,48,05
B,262548,20336,164,3447,158802,6289,179,3448,978.0,301.6
G,3130157,127176,113,3447,1839567,34491,120,3448,978.0,301.6
R,1275408,66081,5823,3447,751399,32426,5732,3448,978.0,301.6
D,NBXX,9999,3.318e-5,2.385e-5,1.488e-5,3.703e-6,3.687e-6,2.971e-6
Y,188630,978.0,301.6,297.4,68.5,13.1,5.7,0,0000
T,2014,09,07,06,53,05
B,262041,20398,151,3447,158765,6275,141,3447,978.0,301.6
G,3133281,127052,129,3447,1837845,34665,94,3447,978.0,301.6
R,1274935,65986,5886,3447,751289,32585,5776,3447,978.0,301.6
D,NBXX,9999,3.367e-5,2.378e-5,1.475e-5,3.884e-6,3.738e-6,3.002e-6
Y,188819,978.0,301.6,297.4,68.4,13.1,5.7,0,0000
T,2014,09,07,06,58,05
B,263354,20794,156,3448,158105,6331,182,3447,978.0,301.6
G,3128319,127798,119,3448,1837716,35361,105,3447,978.0,301.6
R,1276802,66029,5806,3448,754243,32824,5808,3447,978.0,301.6
D,NBXX,9999,3.442e-5,2.407e-5,1.476e-5,3.806e-6,3.977e-6,3.172e-6
Y,188464,978.0,301.6,297.4,68.2,13.1,5.7,0,0000
T,2014,09,07,07,03,05
B,262782,21144,163,3447,159639,6211,199,3447,978.0,301.7
G,3126836,128257,129,3447,1839828,35046,132,3447,978.0,301.7
R,1274021,66551,5834,3447,750514,32643,5975,3447,978.0,301.7
D,NBXX,9999,3.556e-5,2.422e-5,1.502e-5,3.383e-6,3.866e-6,2.940e-6
Y,188429,978.0,301.7,297.5,68.4,13.1,5.7,0,0000
T,2014,09,07,07,08,05
B,262596,20793,167,3447,159972,6281,142,3448,978.0,301.7
G,3128669,128077,130,3447,1840122,35276,123,3448,978.0,301.7
R,1274544,65976,5988,3447,753181,32693,5981,3448,978.0,301.7
D,NBXX,9999,3.471e-5,2.415e-5,1.454e-5,3.797e-6,3.932e-6,2.846e-6
Y,188540,978.0,301.7,297.5,68.2,13.1,5.7,0,0000
T,2014,09,07,07,13,05
B,263180,20772,158,3447,159357,6316,186,3447,978.0,301.7
G,3130553,127761,98,3447,1843156,34758,122,3447,978.0,301.7
R,1276143,66233,6028,3447,754001,32948,5886,3447,978.0,301.7
D,NBXX,9999,3.438e-5,2.403e-5,1.469e-5,3.745e-6,3.778e-6,3.034e-6
Y,188654,978.0,301.7,297.5,68.2,13.1,5.7,0,0000
T,2014,09,07,07,18,06
B,262465,20543,183,3448,158249,6223,152,3447,978.0,301.7
G,3128289,128134,108,3448,1834878,34957,90,3447,978.0,301.7
R,1276002,66870,5985,3448,752016,33138,5893,3447,978.0,301.7
D,NBXX,9999,3.387e-5,2.419e-5,1.512e-5,3.544e-6,3.859e-6,3.185e-6
Y,188462,978.0,301.7,297.5,68.2,13.1,5.7,0,0000
T,2014,09,07,07,23,05
B,262912,20742,168,3447,159597,6314,148,3447,978.0,301.7
G,3126778,127673,92,3447,1838180,34820,105,3447,978.0,301.7
R,1276798,66285,6029,3447,752361,33130,5850,3447,978.0,301.7
D,NBXX,9999,3.445e-5,2.406e-5,1.474e-5,3.858e-6,3.819e-6,3.167e-6
Y,188425,978.0,301.7,297.5,68.2,13.1,5.7,0,0000
T,2014,09,07,07,28,06
B,263909,20845,162,3447,159335,6344,134,3448,978.1,301.7
G,3128615,129746,130,3447,1843331,35113,113,3448,978.1,301.7
R,1275019,67385,5964,3447,753786,33145,6000,3448,978.1,301.7
D,NBXX,9999,3.460e-5,2.468e-5,1.541e-5,3.947e-6,3.885e-6,3.127e-6
Y,188536,978.1,301.7,297.5,68.2,13.1,5.7,0,0000
T,2014,09,07,07,33,05
B,262765,21058,158,3447,159155,6339,159,3447,978.0,301.7
G,3125904,130882,120,3447,1840044,35438,106,3447,978.0,301.7
R,1276400,67431,6125,3447,753264,33452,5920,3447,978.0,301.7
D,NBXX,9999,3.546e-5,2.508e-5,1.534e-5,3.942e-6,4.006e-6,3.251e-6
Y,188372,978.0,301.7,297.5,68.4,13.1,5.7,0,0000
T,2014,09,07,07,38,06
B,262939,20937,185,3448,159529,6281,116,3447,978.0,301.7
G,3127011,130052,132,3448,1836772,35352,115,3447,978.0,301.7
R,1278139,67691,5944,3448,753404,33534,6079,3447,978.0,301.7
D,NBXX,9999,3.510e-5,2.479e-5,1.547e-5,3.813e-6,3.971e-6,3.306e-6
Y,188384,978.0,301.7,297.4,68.2,13.1,5.7,0,0000
T,2014,09,07,07,43,05
B,263894,21342,179,3447,159226,6382,151,3447,978.0,301.6
G,3127253,132558,110,3447,1843193,35282,105,3447,978.0,301.6
R,1276929,68601,5939,3447,753492,33458,6008,3447,978.0,301.6
D,NBXX,9999,3.601e-5,2.559e-5,1.612e-5,3.949e-6,3.956e-6,3.320e-6
Y,188454,978.0,301.6,297.4,68.5,13.1,5.7,0,0000
T,2014,09,07,07,48,05
B,263797,21248,162,3447,159582,6450,138,3447,978.0,301.6
G,3126158,131922,159,3447,1837986,35333,116,3447,978.0,301.6
R,1275949,67876,5983,3447,754817,33333,6044,3447,978.0,301.6
D,NBXX,9999,3.585e-5,2.539e-5,1.564e-5,4.273e-6,3.954e-6,3.194e-6
Y,188388,978.0,301.6,297.4,68.7,13.1,5.7,0,0000
T,2014,09,07,07,53,06
B,263351,21807,180,3447,158926,6398,139,3448,978.1,301.6
G,3126746,134039,114,3447,1837886,35802,126,3448,978.1,301.6
R,1275742,68833,6036,3447,753673,33617,6015,3448,978.1,301.6
D,NBXX,9999,3.762e-5,2.606e-5,1.622e-5,4.070e-6,4.110e-6,3.350e-6
Y,188423,978.1,301.6,297.4,68.7,13.1,5.7,0,0000
T,2014,09,07,07,58,05
B,263623,21304,148,3447,158773,6411,132,3447,978.2,301.6
G,3125312,132454,126,3447,1838919,35687,134,3447,978.2,301.6
R,1276454,67943,5912,3447,753440,33542,5958,3447,978.2,301.6
D,NBXX,9999,3.614e-5,2.557e-5,1.578e-5,4.237e-6,4.075e-6,3.432e-6
Y,188337,978.2,301.6,297.4,68.9,13.1,5.7,0,0000
T,2014,09,07,08,03,06
B,264408,21163,204,3448,159607,6309,156,3447,978.2,301.7
G,3128938,134063,117,3448,1841575,35896,96,3447,978.2,301.7
R,1275793,68736,5964,3448,754424,33484,5985,3447,978.2,301.7
D,NBXX,9999,3.523e-5,2.605e-5,1.623e-5,3.587e-6,4.148e-6,3.350e-6
Y,188501,978.2,301.7,297.5,68.9,13.1,5.7,0,0000
T,2014,09,07,08,08,05
B,264085,21884,174,3447,159397,6478,136,3447,978.2,301.7
G,3124768,133998,117,3447,1842933,35603,172,3447,978.2,301.7
R,1275905,67976,5830,3447,753519,32870,6020,3447,978.2,301.7
D,NBXX,9999,3.771e-5,2.606e-5,1.583e-5,4.303e-6,4.039e-6,3.034e-6
Y,188304,978.2,301.7,297.5,68.7,13.1,5.7,0,0000
T,2014,09,07,08,13,06
B,262926,21914,163,3447,159303,6467,126,3448,978.3,301.7
G,3123406,136001,101,3447,1841442,36198,109,3448,978.3,301.7
R,1274815,69500,6004,3447,754727,33700,5947,3448,978.3,301.7
D,NBXX,9999,3.814e-5,2.674e-5,1.674e-5,4.408e-6,4.258e-6,3.483e-6
Y,188221,978.3,301.7,297.5,68.9,13.1,5.7,0,0000
T,2014,09,07,08,18,05
B,263248,22368,131,3447,158437,6408,174,3447,978.3,301.7
G,3127416,137914,149,3447,1839128,36303,111,3447,978.3,301.7
R,1277851,69594,5917,3447,753039,33716,5992,3447,978.3,301.7
D,NBXX,9999,3.941e-5,2.727e-5,1.674e-5,4.151e-6,4.261e-6,3.499e-6
Y,188464,978.3,301.7,297.6,69.0,13.1,5.7,0,0000
T,2014,09,07,08,23,06
B,262808,22326,164,3448,158774,6447,154,3447,978.4,301.8
G,3129085,137700,110,3448,1837358,36275,148,3447,978.4,301.8
R,1277378,69992,5903,3448,753336,33432,6021,3447,978.4,301.8
D,NBXX,9999,3.934e-5,2.715e-5,1.699e-5,4.262e-6,4.237e-6,3.321e-6
Y,188510,978.4,301.8,297.6,69.0,13.1,5.7,0,0000
T,2014,09,07,08,28,05
B,263367,23100,168,3447,159379,6561,144,3447,978.4,301.8
G,3126460,142112,129,3447,1837396,36744,101,3447,978.4,301.8
R,1277753,71528,5926,3447,750186,33661,5982,3447,978.4,301.8
D,NBXX,9999,4.161e-5,2.859e-5,1.794e-5,4.590e-6,4.402e-6,3.466e-6
Y,188406,978.4,301.8,297.6,69.3,13.1,5.7,0,0000
T,2014,09,07,08,33,06
B,262544,23037,182,3447,159378,6658,174,3448,978.4,301.8
G,3127722,144309,145,3447,1837096,36753,98,3448,978.4,301.8
R,1279235,71798,6112,3447,752395,34313,5869,3448,978.4,301.8
D,NBXX,9999,4.148e-5,2.926e-5,1.802e-5,4.787e-6,4.392e-6,3.799e-6
Y,188482,978.4,301.8,297.7,69.5,13.1,5.7,0,0000
T,2014,09,07,08,38,06
B,263963,23004,184,3447,159830,6511,136,3447,978.5,301.9
G,3128158,145614,140,3447,1841064,37319,123,3447,978.5,301.9
R,1276208,72592,6165,3447,754931,34089,6159,3447,978.5,301.9
D,NBXX,9999,4.116e-5,2.966e-5,1.835e-5,4.378e-6,4.565e-6,3.447e-6
Y,188509,978.5,301.9,297.7,69.7,13.1,5.7,0,0000
T,2014,09,07,08,43,06
B,262207,24500,167,3448,159079,6746,144,3447,978.5,301.9
G,3129373,154848,126,3448,1844490,38849,95,3447,978.5,301.9
R,1277886,75077,5945,3448,755512,34768,5958,3447,978.5,301.9
D,NBXX,9999,4.630e-5,3.257e-5,2.014e-5,5.272e-6,5.062e-6,4.161e-6
Y,188527,978.5,301.9,297.8,69.8,13.1,5.7,0,0000
T,2014,09,07,08,48,06
B,263463,26144,184,3447,159432,7050,173,3447,978.6,302.0
G,3125168,162290,112,3447,1848314,39407,124,3447,978.6,302.0
R,1277064,77274,6181,3447,756385,35161,6081,3447,978.6,302.0
D,NBXX,9999,5.086e-5,3.501e-5,2.128e-5,5.947e-6,5.259e-6,4.149e-6
Y,188328,978.6,302.0,297.9,70.0,13.1,5.7,0,0000
T,2014,09,07,08,53,06
B,264666,26534,184,3447,160429,7144,161,3448,978.5,302.1
G,3131084,166850,136,3447,1840037,40049,139,3448,978.5,302.1
R,1278762,78521,6223,3447,751207,35861,6043,3448,978.5,302.1
D,NBXX,9999,5.174e-5,3.633e-5,2.200e-5,6.179e-6,5.420e-6,4.558e-6
Y,188686,978.5,302.1,297.9,70.2,13.1,5.7,0,0000
T,2014,09,07,08,58,06
B,264962,26387,172,3447,160807,7091,177,3447,978.6,302.1
G,3130244,167104,142,3447,1842123,40427,115,3447,978.6,302.1
R,1278909,79025,6241,3447,753848,35156,6233,3447,978.6,302.1
D,NBXX,9999,5.119e-5,3.643e-5,2.216e-5,5.985e-6,5.553e-6,3.975e-6
Y,188635,978.6,302.1,298.0,70.2,13.1,5.7,0,0000
T,2014,09,07,09,03,06
B,264204,26555,147,3448,159328,6929,161,3447,978.6,302.2
G,3129727,165189,107,3448,1846614,39467,117,3447,978.6,302.2
R,1281126,78574,6231,3448,757554,35853,6155,3447,978.6,302.2
D,NBXX,9999,5.211e-5,3.585e-5,2.187e-5,5.711e-6,5.268e-6,4.452e-6
Y,188549,978.6,302.2,298.1,70.2,13.1,5.7,0,0000
T,2014,09,07,09,08,06
B,264627,26057,161,3447,159374,6799,154,3447,978.6,302.3
G,3130667,164494,129,3447,1842582,39195,100,3447,978.6,302.3
R,1279109,77627,6210,3447,755826,35352,6150,3447,978.6,302.3
D,NBXX,9999,5.042e-5,3.561e-5,2.136e-5,5.248e-6,5.173e-6,4.176e-6
Y,188660,978.6,302.3,298.2,70.0,13.1,5.7,0,0000
T,2014,09,07,09,13,06
B,264371,25692,179,3447,159742,7044,178,3448,978.6,302.4
G,3132357,160953,111,3447,1841440,39006,128,3448,978.6,302.4
R,1282852,76794,6362,3447,754637,35295,6436,3448,978.6,302.4
D,NBXX,9999,4.923e-5,3.447e-5,2.042e-5,5.866e-6,5.100e-6,3.783e-6
Y,188763,978.6,302.4,298.3,69.8,13.1,5.7,0,0000
T,2014,09,07,09,18,06
B,263806,25617,155,3447,160233,6859,179,3447,978.6,302.5
G,3128004,159834,132,3447,1851187,38375,115,3447,978.6,302.5
R,1279347,76456,6332,3447,758151,35428,6156,3447,978.6,302.5
D,NBXX,9999,4.927e-5,3.418e-5,2.054e-5,5.440e-6,4.918e-6,4.129e-6
Y,188499,978.6,302.5,298.4,69.7,13.0,5.7,0,0000
T,2014,09,07,09,23,06
B,264395,25705,158,3448,160021,6911,202,3447,978.6,302.6
G,3132062,159357,155,3448,1841274,38357,116,3447,978.6,302.6
R,1283006,76814,6420,3448,756368,35249,6360,3447,978.6,302.6
D,NBXX,9999,4.928e-5,3.396e-5,2.044e-5,5.469e-6,4.891e-6,3.776e-6
Y,188690,978.6,302.6,298.5,69.3,13.1,5.7,0,0000
T,2014,09,07,09,28,06
B,264196,25239,177,3447,159758,6919,154,3447,978.7,302.7
G,3133038,158026,151,3447,1836076,38228,111,3447,978.7,302.7
R,1281803,75855,6541,3447,756847,35611,6540,3447,978.7,302.7
D,NBXX,9999,4.800e-5,3.352e-5,1.967e-5,5.607e-6,4.847e-6,3.791e-6
Y,188804,978.7,302.7,298.6,69.0,13.1,5.7,0,0000
T,2014,09,07,09,33,06
B,264371,25199,172,3447,158658,6835,181,3448,978.7,302.7
G,3130248,157112,138,3447,1840143,38242,112,3448,978.7,302.7
R,1283121,76666,6488,3447,756459,35735,6512,3448,978.7,302.7
D,NBXX,9999,4.775e-5,3.329e-5,2.019e-5,5.250e-6,4.863e-6,3.908e-6
Y,188635,978.7,302.7,298.6,68.9,13.1,5.7,0,0000
T,2014,09,07,09,38,06
B,264140,25303,166,3447,159081,6624,169,3447,978.7,302.8
G,3128162,157640,166,3447,1836639,38264,128,3447,978.7,302.8
R,1282852,77202,6540,3447,754732,35994,6570,3447,978.7,302.8
D,NBXX,9999,4.820e-5,3.350e-5,2.045e-5,4.687e-6,4.878e-6,3.997e-6
Y,188509,978.7,302.8,298.7,68.7,13.1,5.7,0,0000
T,2014,09,07,09,43,06
B,248334,23875,121,3231,149418,6257,158,3233,978.8,302.9
G,2937554,148963,158,3231,1728243,35827,119,3233,978.8,302.9
R,1203618,71946,6139,3231,710887,33821,6328,3233,978.8,302.9
D,NBXX,9999,4.864e-5,3.381e-5,2.001e-5,4.922e-6,4.835e-6,3.891e-6
Y,188858,978.8,302.9,298.8,68.5,13.1,5.7,0,0008
T,2014,09,07,09,48,06
B,264552,25837,188,3447,159891,6756,179,3447,978.8,303.0
G,3125976,160467,122,3447,1839067,38745,121,3447,978.8,303.0
R,1283482,77195,6814,3447,756553,36758,6791,3447,978.8,303.0
D,NBXX,9999,4.964e-5,3.444e-5,2.011e-5,4.963e-6,5.057e-6,4.121e-6
Y,188377,978.8,303.0,298.8,68.4,13.1,5.7,0,0000
T,2014,09,07,09,58,06
B,265013,26883,182,3447,161213,6897,183,3447,978.8,303.0
G,3124270,164017,156,3447,1844974,39054,110,3447,978.8,303.0
R,1282540,78774,7009,3447,758047,36786,6817,3447,978.8,303.0
D,NBXX,9999,5.272e-5,3.558e-5,2.095e-5,5.370e-6,5.153e-6,3.989e-6
Y,188274,978.8,303.0,298.9,67.9,13.1,5.7,0,0000
T,2014,09,07,10,03,06
B,260416,26910,183,3402,156742,7082,167,3402,978.8,303.0
G,3088568,167486,137,3402,1803740,39344,116,3402,978.8,303.0
R,1270598,79879,6881,3402,744482,36803,6882,3402,978.8,303.0
D,NBXX,9999,5.430e-5,3.729e-5,2.205e-5,6.354e-6,5.392e-6,4.165e-6
Y,188585,978.8,303.0,298.9,67.9,13.1,5.7,0,0008
T,2014,09,07,10,08,06
B,259310,26547,182,3375,155383,6692,160,3374,978.8,303.0
G,3063463,163635,159,3375,1793534,38806,138,3374,978.8,303.0
R,1259633,78889,6888,3375,738853,36754,7054,3374,978.8,303.0
D,NBXX,9999,5.354e-5,3.648e-5,2.165e-5,5.253e-6,5.308e-6,4.122e-6
Y,188549,978.8,303.0,298.9,67.9,13.1,5.7,0,0008
T,2014,09,07,10,13,06
B,255916,26032,164,3333,154072,6919,191,3334,978.8,303.0
G,3016825,163274,152,3333,1775040,38647,115,3334,978.8,303.0
R,1242151,78237,6939,3333,729604,36635,6991,3334,978.8,303.0
D,NBXX,9999,5.294e-5,3.718e-5,2.180e-5,6.177e-6,5.452e-6,4.227e-6
Y,188016,978.8,303.0,298.9,68.0,13.1,5.7,0,0008
T,2014,09,07,10,18,06
B,261176,26556,173,3416,157916,6986,152,3416,978.8,303.0
G,3093992,164616,154,3416,1823579,39360,158,3416,978.8,303.0
R,1271952,79508,7062,3416,751973,37429,6857,3416,978.8,303.0
D,NBXX,9999,5.304e-5,3.626e-5,2.167e-5,6.084e-6,5.354e-6,4.429e-6
Y,188140,978.8,303.0,298.9,68.4,13.1,5.7,0,0008
T,2014,09,07,10,23,06
B,263919,26761,171,3447,159991,7113,165,3447,978.8,303.0
G,3124648,167996,138,3447,1841234,39561,175,3447,978.8,303.0
R,1284685,80994,7276,3447,760477,38257,7117,3447,978.8,303.0
D,NBXX,9999,5.279e-5,3.682e-5,2.186e-5,6.222e-6,5.295e-6,4.469e-6
Y,188296,978.8,303.0,299.0,68.4,13.1,5.7,0,0000
T,2014,09,07,10,28,06
B,263871,27072,197,3448,159609,7272,179,3447,978.8,303.0
G,3124913,169068,137,3448,1841442,40112,167,3447,978.8,303.0
R,1284984,81173,7373,3448,760467,38176,7044,3447,978.8,303.0
D,NBXX,9999,5.362e-5,3.716e-5,2.194e-5,6.580e-6,5.475e-6,4.404e-6
Y,188258,978.8,303.0,299.0,68.4,13.1,5.7,0,0000
T,2014,09,07,10,33,06
B,265012,27105,210,3447,160355,7253,190,3447,978.8,303.1
G,3122477,169202,164,3447,1838854,39663,139,3447,978.8,303.1
R,1284671,81899,7220,3447,759686,38078,7017,3447,978.8,303.1
D,NBXX,9999,5.328e-5,3.724e-5,2.253e-5,6.339e-6,5.339e-6,4.471e-6
Y,188165,978.8,303.1,299.0,68.7,13.1,5.7,0,0000
T,2014,09,07,10,38,06
B,263256,26386,174,3447,160204,6933,198,3448,978.9,303.1
G,3119310,164858,130,3447,1843649,39991,156,3448,978.9,303.1
R,1283838,79760,7404,3447,761143,37864,7301,3448,978.9,303.1
D,NBXX,9999,5.170e-5,3.593e-5,2.090e-5,5.583e-6,5.458e-6,4.006e-6
Y,187974,978.9,303.1,299.0,68.5,13.0,5.7,0,0000
T,2014,09,07,10,43,06
B,263690,26557,198,3447,160127,7130,176,3447,978.9,303.1
G,3124635,165402,130,3447,1843933,39594,146,3447,978.9,303.1
R,1284750,79923,7306,3447,761890,37784,7226,3447,978.9,303.1
D,NBXX,9999,5.209e-5,3.601e-5,2.109e-5,6.157e-6,5.319e-6,4.077e-6
Y,188296,978.9,303.1,299.0,68.2,13.1,5.7,0,0000
T,2014,09,07,10,48,06
B,265317,26715,206,3448,159527,7034,155,3447,978.9,303.1
G,3122593,166110,121,3448,1842708,39210,111,3447,978.9,303.1
R,1285157,80627,7284,3448,759715,37965,7410,3447,978.9,303.1
D,NBXX,9999,5.213e-5,3.629e-5,2.140e-5,5.788e-6,5.225e-6,4.073e-6
Y,188117,978.9,303.1,299.0,68.4,13.1,5.7,0,0000
T,2014,09,07,10,53,06
B,263313,26842,182,3447,160763,7204,156,3447,978.9,303.1
G,3122420,164553,139,3447,1834160,39114,127,3447,978.9,303.1
R,1281553,79870,7462,3447,759241,38192,7239,3447,978.9,303.1
D,NBXX,9999,5.322e-5,3.578e-5,2.104e-5,6.544e-6,5.180e-6,4.240e-6
Y,188162,978.9,303.1,299.1,68.5,13.1,5.7,0,0000
T,2014,09,07,10,58,06
B,264552,27138,207,3447,160461,7031,202,3448,978.9,303.1
G,3122420,167796,139,3447,1839328,39631,152,3448,978.9,303.1
R,1281236,80934,7312,3447,759705,37965,7389,3448,978.9,303.1
D,NBXX,9999,5.350e-5,3.680e-5,2.171e-5,5.654e-6,5.330e-6,4.097e-6
Y,188162,978.9,303.1,299.1,69.2,13.1,5.7,0,0000
T,2014,09,07,11,03,06
B,263956,26345,217,3447,159069,7031,189,3447,978.9,303.1
G,3120155,164280,136,3447,1837746,38634,126,3447,978.9,303.1
R,1283106,79899,7301,3447,759761,38126,7468,3447,978.9,303.1
D,NBXX,9999,5.125e-5,3.574e-5,2.096e-5,5.716e-6,5.038e-6,4.135e-6
Y,188025,978.9,303.1,299.1,69.3,13.1,5.7,0,0000
T,2014,09,07,11,08,06
B,264811,26424,178,3448,159864,7021,183,3447,979.0,303.2
G,3122152,164710,152,3448,1839572,38928,149,3447,979.0,303.2
R,1284975,80127,7429,3448,762375,38196,7437,3447,979.0,303.2
D,NBXX,9999,5.141e-5,3.583e-5,2.097e-5,5.800e-6,5.112e-6,4.095e-6
Y,188091,979.0,303.2,299.1,69.0,13.1,5.7,0,0000
T,2014,09,07,11,13,06
B,264757,26670,186,3447,159705,7162,202,3447,979.0,303.2
G,3122154,165870,172,3447,1840799,39927,146,3447,979.0,303.2
R,1282323,80216,7437,3447,759034,38040,7515,3447,979.0,303.2
D,NBXX,9999,5.209e-5,3.619e-5,2.105e-5,6.136e-6,5.419e-6,3.958e-6
Y,188146,979.0,303.2,299.2,68.7,13.1,5.7,0,0000
T,2014,09,07,11,18,06
B,265724,27235,196,3447,160501,7177,188,3448,978.9,303.2
G,3121441,167633,181,3447,1838625,40162,127,3448,978.9,303.2
R,1285583,81266,7572,3447,759995,38436,7495,3448,978.9,303.2
D,NBXX,9999,5.355e-5,3.676e-5,2.152e-5,6.115e-6,5.496e-6,4.082e-6
Y,188102,978.9,303.2,299.2,68.2,13.1,5.7,0,0000
T,2014,09,07,11,23,06
B,264608,27325,201,3447,159639,7380,158,3447,978.9,303.2
G,3120027,170142,155,3447,1840116,40316,137,3447,978.9,303.2
R,1281670,82002,7419,3447,760356,38886,7413,3447,978.9,303.2
D,NBXX,9999,5.426e-5,3.758e-5,2.226e-5,6.921e-6,5.560e-6,4.574e-6
Y,188017,978.9,303.2,299.2,67.7,13.1,5.7,0,0000
T,2014,09,07,11,28,06
B,264706,26707,202,3448,160691,7130,160,3447,978.9,303.2
G,3121989,166605,151,3448,1837683,39847,165,3447,978.9,303.2
R,1283651,80533,7568,3448,761665,38359,7450,3447,978.9,303.2
D,NBXX,9999,5.231e-5,3.642e-5,2.116e-5,6.140e-6,5.398e-6,4.100e-6
Y,188081,978.9,303.2,299.2,67.6,13.1,5.7,0,0000
T,2014,09,07,11,33,06
B,264581,27219,224,3447,160550,7017,169,3447,979.0,303.3
G,3117699,168180,185,3447,1837593,39712,144,3447,979.0,303.3
R,1283681,81908,7386,3447,760143,38291,7457,3447,979.0,303.3
D,NBXX,9999,5.382e-5,3.699e-5,2.213e-5,5.685e-6,5.364e-6,4.178e-6
Y,187876,979.0,303.3,299.3,67.9,13.1,5.7,0,0000
T,2014,09,07,11,38,06
B,264502,27384,166,3447,161227,7233,172,3448,979.0,303.3
G,3118361,169985,126,3447,1838442,40200,127,3448,979.0,303.3
R,1286942,82063,7526,3447,759279,38700,7486,3448,979.0,303.3
D,NBXX,9999,5.454e-5,3.758e-5,2.201e-5,6.546e-6,5.540e-6,4.270e-6
Y,187916,979.0,303.3,299.3,68.4,13.1,5.7,0,0000
T,2014,09,07,11,43,06
B,264938,26417,210,3447,160000,7141,207,3447,979.0,303.3
G,3115543,163627,157,3447,1841262,39212,151,3447,979.0,303.3
R,1285930,79549,7489,3447,759465,38144,7515,3447,979.0,303.3
D,NBXX,9999,5.116e-5,3.559e-5,2.049e-5,5.954e-6,5.222e-6,3.949e-6
Y,187746,979.0,303.3,299.3,68.2,13.1,5.7,0,0000
T,2014,09,07,11,48,06
B,263933,25412,186,3448,159896,6855,206,3447,979.1,303.3
G,3117071,156019,181,3448,1838304,37947,120,3447,979.1,303.3
R,1285800,78503,7345,3448,760693,38636,7477,3447,979.1,303.3
D,NBXX,9999,4.845e-5,3.316e-5,1.998e-5,5.245e-6,4.822e-6,4.389e-6
Y,187783,979.1,303.3,299.4,67.6,13.1,5.7,0,0000
T,2014,09,07,11,53,06
B,264797,25339,203,3447,160762,6952,175,3447,979.0,303.4
G,3116969,156151,161,3447,1839243,38439,146,3447,979.0,303.4
R,1284025,77273,7573,3447,760818,38232,7525,3447,979.0,303.4
D,NBXX,9999,4.802e-5,3.320e-5,1.908e-5,5.523e-6,4.972e-6,3.955e-6
Y,187832,979.0,303.4,299.4,67.6,13.1,5.7,0,0000
T,2014,09,07,11,58,06
B,265491,24392,231,3447,159386,6780,216,3448,979.0,303.4
G,3116484,149325,174,3447,1841493,36967,123,3448,979.0,303.4
R,1287018,76060,7481,3447,761178,37761,7677,3448,979.0,303.4
D,NBXX,9999,4.468e-5,3.105e-5,1.820e-5,4.692e-6,4.508e-6,3.586e-6
Y,187803,979.0,303.4,299.4,66.7,13.1,5.7,0,0000
T,2014,09,07,12,03,06
B,265250,24534,190,3447,160306,6809,195,3447,979.0,303.4
G,3118773,150030,153,3447,1836552,37127,125,3447,979.0,303.4
R,1284137,76099,7636,3447,760935,37684,7664,3447,979.0,303.4
D,NBXX,9999,4.540e-5,3.124e-5,1.820e-5,5.025e-6,4.561e-6,3.470e-6
Y,187941,979.0,303.4,299.4,66.3,13.1,5.7,0,0000
T,2014,09,07,12,08,06
B,264546,24523,202,3448,160473,6895,215,3447,978.9,303.4
G,3114469,151208,145,3448,1837591,37201,127,3447,978.9,303.4
R,1282309,76495,7730,3448,762084,37721,7474,3447,978.9,303.4
D,NBXX,9999,4.545e-5,3.168e-5,1.857e-5,5.233e-6,4.606e-6,3.585e-6
Y,187626,978.9,303.4,299.5,66.1,13.1,5.7,0,0000
T,2014,09,07,12,13,06
B,265184,24914,212,3447,160373,6869,218,3447,978.9,303.5
G,3113805,151812,171,3447,1837569,37607,163,3447,978.9,303.5
R,1283691,77155,7643,3447,762045,38268,7767,3447,978.9,303.5
D,NBXX,9999,4.645e-5,3.189e-5,1.879e-5,5.067e-6,4.724e-6,3.756e-6
Y,187641,978.9,303.5,299.5,66.3,13.1,5.7,0,0000
T,2014,09,07,12,18,06
B,264823,25453,219,3447,160159,6767,200,3447,978.9,303.5
G,3115135,154555,129,3447,1834657,38504,151,3447,978.9,303.5
R,1283428,78272,7657,3447,760655,38178,7702,3447,978.9,303.5
D,NBXX,9999,4.825e-5,3.276e-5,1.953e-5,4.820e-6,5.023e-6,3.740e-6
Y,187721,978.9,303.5,299.5,66.7,13.1,5.7,0,0000
T,2014,09,07,12,23,06
B,265102,24602,202,3447,159623,6924,192,3448,978.9,303.5
G,3112380,152505,196,3447,1838519,37820,175,3448,978.9,303.5
R,1283260,76909,7734,3447,762471,38388,7840,3448,978.9,303.5
D,NBXX,9999,4.564e-5,3.212e-5,1.854e-5,5.364e-6,4.780e-6,3.712e-6
Y,187554,978.9,303.5,299.5,66.3,13.1,5.7,0,0000
T,2014,09,07,12,28,06
B,265301,24742,196,3447,160034,6851,207,3447,978.8,303.5
G,3113566,152890,176,3447,1833140,37766,150,3447,978.8,303.5
R,1286891,78063,7807,3447,759881,38209,7815,3447,978.8,303.5
D,NBXX,9999,4.599e-5,3.224e-5,1.911e-5,5.100e-6,4.778e-6,3.537e-6
Y,187626,978.8,303.5,299.5,66.7,13.1,5.7,0,0000
T,2014,09,07,12,33,06
B,264666,25050,235,3448,160717,6872,217,3447,978.8,303.5
G,3113296,154387,168,3448,1839704,37708,157,3447,978.8,303.5
R,1286959,78413,7724,3448,761881,38299,7651,3447,978.8,303.5
D,NBXX,9999,4.694e-5,3.272e-5,1.950e-5,5.042e-6,4.765e-6,3.774e-6
Y,187555,978.8,303.5,299.6,66.7,13.1,5.7,0,0000
T,2014,09,07,12,38,06
B,264427,25066,189,3447,160724,6685,210,3447,978.8,303.6
G,3111499,153364,160,3447,1834395,37417,129,3447,978.8,303.6
R,1283665,78264,7915,3447,759827,38856,7683,3447,978.8,303.6
D,NBXX,9999,4.724e-5,3.244e-5,1.934e-5,4.667e-6,4.689e-6,3.985e-6
Y,187501,978.8,303.6,299.6,66.9,13.1,5.7,0,0000
T,2014,09,07,12,43,06
B,264004,24823,195,3447,160514,6766,204,3448,978.8,303.6
G,3117882,151475,187,3447,1839520,37454,143,3448,978.8,303.6
R,1285522,76982,7947,3447,764287,38393,8097,3448,978.8,303.6
D,NBXX,9999,4.662e-5,3.172e-5,1.818e-5,4.942e-6,4.658e-6,3.356e-6
Y,187887,978.8,303.6,299.6,66.6,13.1,5.7,0,0000
T,2014,09,07,12,48,06
B,264291,25034,215,3447,160246,6815,194,3447,978.7,303.6
G,3114634,151361,178,3447,1833641,37986,148,3447,978.7,303.6
R,1283626,77324,7896,3447,761915,38287,7895,3447,978.7,303.6
D,NBXX,9999,4.715e-5,3.174e-5,1.863e-5,5.042e-6,4.844e-6,3.495e-6
Y,187691,978.7,303.6,299.6,66.3,13.1,5.7,0,0000
T,2014,09,07,12,53,06
B,264116,24455,174,3448,159539,6791,182,3447,978.6,303.6
G,3108898,148554,135,3448,1835455,37279,140,3447,978.6,303.6
R,1286719,77262,7582,3448,761664,38380,7762,3447,978.6,303.6
D,NBXX,9999,4.560e-5,3.095e-5,1.882e-5,5.176e-6,4.664e-6,3.848e-6
Y,187289,978.6,303.6,299.6,65.5,13.1,5.7,0,0000
T,2014,09,07,12,58,06
B,264560,23884,199,3447,159444,6591,193,3447,978.5,303.6
G,3113682,145687,150,3447,1835927,36585,142,3447,978.5,303.6
R,1287457,75481,7795,3447,761666,38021,7787,3447,978.5,303.6
D,NBXX,9999,4.359e-5,2.997e-5,1.753e-5,4.394e-6,4.416e-6,3.444e-6
Y,187633,978.5,303.6,299.6,65.1,13.1,5.7,0,0000
T,2014,09,07,13,03,06
B,264693,23767,220,3447,159981,6651,186,3448,978.5,303.6
G,3112387,145160,180,3447,1837758,36338,171,3448,978.5,303.6
R,1284117,75898,7917,3447,763572,37940,7833,3448,978.5,303.6
D,NBXX,9999,4.315e-5,2.980e-5,1.776e-5,4.513e-6,4.317e-6,3.300e-6
Y,187555,978.5,303.6,299.7,64.6,13.1,5.7,0,0000
T,2014,09,07,13,08,06
B,265014,23763,192,3447,160196,6711,195,3447,978.5,303.6
G,3110375,143619,161,3447,1838480,36422,156,3447,978.5,303.6
R,1283994,74630,7946,3447,762117,38149,8003,3447,978.5,303.6
D,NBXX,9999,4.312e-5,2.935e-5,1.684e-5,4.748e-6,4.367e-6,3.293e-6
Y,187433,978.5,303.6,299.7,64.3,13.1,5.7,0,0000
T,2014,09,07,13,13,06
B,263591,23569,183,3448,159875,6718,201,3447,978.5,303.6
G,3109979,144303,123,3448,1832968,36513,163,3447,978.5,303.6
R,1284390,75340,7836,3448,760569,38363,7807,3447,978.5,303.6
D,NBXX,9999,4.291e-5,2.958e-5,1.748e-5,4.890e-6,4.412e-6,3.646e-6
Y,187355,978.5,303.6,299.7,64.6,13.1,5.7,0,0000
T,2014,09,07,13,18,06
B,263943,24170,208,3447,159198,6618,186,3447,978.4,303.6
G,3109550,147537,183,3447,1832512,37489,157,3447,978.4,303.6
R,1286062,76398,7944,3447,760616,38334,7823,3447,978.4,303.6
D,NBXX,9999,4.464e-5,3.060e-5,1.800e-5,4.514e-6,4.701e-6,3.518e-6
Y,187383,978.4,303.6,299.7,65.1,13.1,5.7,0,0000
T,2014,09,07,13,23,06
B,265042,24642,220,3447,160998,6789,216,3448,978.3,303.7
G,3109726,149592,151,3447,1832591,37133,154,3448,978.3,303.7
R,1286008,77586,7780,3447,761661,38868,8008,3448,978.3,303.7
D,NBXX,9999,4.564e-5,3.126e-5,1.872e-5,4.805e-6,4.596e-6,3.828e-6
Y,187394,978.3,303.7,299.7,65.1,13.1,5.7,0,0000
T,2014,09,07,13,28,06
B,264788,24470,200,3447,159908,6842,164,3447,978.3,303.7
G,3107533,150105,157,3447,1828229,37328,171,3447,978.3,303.7
R,1285294,77013,8061,3447,760909,38890,7778,3447,978.3,303.7
D,NBXX,9999,4.543e-5,3.145e-5,1.835e-5,5.249e-6,4.661e-6,3.817e-6
Y,187261,978.3,303.7,299.7,64.2,13.1,5.7,0,0000
T,2014,09,07,13,33,06
B,263915,24903,199,3448,159775,6921,177,3447,978.2,303.7
G,3110847,152536,142,3448,1833098,37281,146,3447,978.2,303.7
R,1287042,77930,8066,3448,760151,38937,8072,3447,978.2,303.7
D,NBXX,9999,4.697e-5,3.218e-5,1.865e-5,5.521e-6,4.652e-6,3.620e-6
Y,187407,978.2,303.7,299.7,63.3,13.1,5.7,0,0000
T,2014,09,07,13,38,06
B,265442,25250,196,3447,160125,6997,203,3447,978.2,303.7
G,3106220,154148,173,3447,1834618,37462,161,3447,978.2,303.7
R,1288389,78010,7967,3447,760853,39256,7966,3447,978.2,303.7
D,NBXX,9999,4.752e-5,3.275e-5,1.881e-5,5.551e-6,4.707e-6,3.945e-6
Y,187182,978.2,303.7,299.8,62.9,13.1,5.7,0,0000
T,2014,09,07,13,43,06
B,263859,24885,226,3447,159997,6866,191,3448,978.2,303.7
G,3106955,154406,197,3447,1833043,37745,161,3448,978.2,303.7
R,1284731,78795,8223,3447,761661,39088,7964,3448,978.2,303.7
D,NBXX,9999,4.679e-5,3.281e-5,1.922e-5,5.197e-6,4.782e-6,3.690e-6
Y,187226,978.2,303.7,299.8,63.3,13.1,5.7,0,0000
T,2014,09,07,13,48,06
B,265405,24520,205,3447,159372,6706,216,3447,978.2,303.7
G,3108560,152173,175,3447,1832496,37222,154,3447,978.2,303.7
R,1283793,78575,7834,3447,761293,38937,8232,3447,978.2,303.7
D,NBXX,9999,4.521e-5,3.209e-5,1.920e-5,4.583e-6,4.624e-6,3.698e-6
Y,187323,978.2,303.7,299.8,63.5,13.1,5.7,0,0000
T,2014,09,07,13,53,06
B,263801,24285,223,3448,160441,6750,212,3447,978.2,303.7
G,3105045,148790,197,3448,1832108,36626,173,3447,978.2,303.7
R,1283883,77274,7942,3448,762283,38958,8120,3447,978.2,303.7
D,NBXX,9999,4.489e-5,3.105e-5,1.839e-5,4.791e-6,4.436e-6,3.718e-6
Y,187056,978.2,303.7,299.8,63.3,13.2,5.7,0,0000
T,2014,09,07,13,58,06
B,264769,24109,215,3447,159451,6781,202,3447,978.2,303.7
G,3109966,149670,163,3447,1831526,36879,126,3447,978.2,303.7
R,1285807,77991,7937,3447,758917,39272,8120,3447,978.2,303.7
D,NBXX,9999,4.414e-5,3.129e-5,1.879e-5,4.874e-6,4.524e-6,3.891e-6
Y,187408,978.2,303.7,299.7,64.5,13.1,5.7,0,0000
T,2014,09,07,14,03,06
B,265107,24389,234,3447,160268,6958,244,3448,978.2,303.7
G,3105886,150720,146,3447,1834562,37232,160,3448,978.2,303.7
R,1286787,79323,7986,3447,761466,39202,8084,3448,978.2,303.7
D,NBXX,9999,4.470e-5,3.168e-5,1.957e-5,5.170e-6,4.642e-6,3.824e-6
Y,187162,978.2,303.7,299.7,65.5,13.1,5.7,0,0000
T,2014,09,07,14,08,06
B,264338,24326,248,3447,159344,6816,220,3447,978.1,303.7
G,3111616,149937,159,3447,1835639,36912,182,3447,978.1,303.7
R,1284699,78486,8178,3447,762377,39027,7945,3447,978.1,303.7
D,NBXX,9999,4.475e-5,3.133e-5,1.908e-5,4.831e-6,4.509e-6,3.704e-6
Y,187508,978.1,303.7,299.7,68.4,13.1,5.7,0,0000
T,2014,09,07,14,13,06
B,265243,24568,216,3448,160741,6741,200,3447,978.1,303.7
G,3111317,152619,179,3448,1833823,37023,142,3447,978.1,303.7
R,1287014,78975,8081,3448,762690,39046,8034,3447,978.1,303.7
D,NBXX,9999,4.542e-5,3.219e-5,1.932e-5,4.726e-6,4.556e-6,3.704e-6
Y,187436,978.1,303.7,299.7,68.9,13.1,5.7,0,0000
T,2014,09,07,14,18,06
B,264729,24858,221,3447,159921,6695,215,3447,978.1,303.7
G,3109631,154844,157,3447,1832566,37343,140,3447,978.1,303.7
R,1285957,79891,8116,3447,762276,39713,8005,3447,978.1,303.7
D,NBXX,9999,4.639e-5,3.293e-5,1.991e-5,4.544e-6,4.670e-6,4.116e-6
Y,187388,978.1,303.7,299.7,68.9,13.1,5.7,0,0000
T,2014,09,07,14,23,06
B,265538,25318,191,3447,160070,6818,209,3447,978.2,303.7
G,3108557,159908,145,3447,1833538,37646,165,3447,978.2,303.7
R,1285537,82292,7925,3447,761104,39662,8094,3447,978.2,303.7
D,NBXX,9999,4.770e-5,3.455e-5,2.148e-5,4.991e-6,4.765e-6,4.162e-6
Y,187323,978.2,303.7,299.7,69.8,13.1,5.7,0,0000
T,2014,09,07,14,28,06
B,265368,26354,170,3447,159811,7026,191,3448,978.2,303.7
G,3111684,170866,166,3447,1836213,39238,175,3448,978.2,303.7
R,1286641,87683,8054,3447,761180,40052,8223,3448,978.2,303.7
D,NBXX,9999,5.106e-5,3.797e-5,2.459e-5,5.775e-6,5.243e-6,4.201e-6
Y,187512,978.2,303.7,299.6,70.6,13.1,5.7,0,0000
T,2014,09,07,14,33,06
B,264360,26620,232,3447,160096,7036,210,3447,978.0,303.7
G,3111563,170216,157,3447,1839810,39774,173,3447,978.0,303.7
R,1285701,87765,8050,3447,761870,40062,8212,3447,978.0,303.7
D,NBXX,9999,5.190e-5,3.779e-5,2.468e-5,5.600e-6,5.435e-6,4.233e-6
Y,187505,978.0,303.7,299.6,71.6,13.1,5.7,0,0000
T,2014,09,07,14,38,06
B,265342,25901,228,3448,161157,6907,210,3447,977.8,303.6
G,3113956,164729,143,3448,1832933,38264,178,3447,977.8,303.6
R,1287144,83970,8107,3448,762343,39438,8243,3447,977.8,303.6
D,NBXX,9999,4.944e-5,3.602e-5,2.223e-5,5.164e-6,4.953e-6,3.776e-6
Y,187595,977.8,303.6,299.6,70.8,13.1,5.7,0,0000
T,2014,09,07,14,43,06
B,264053,25450,185,3447,159926,6914,199,3447,977.6,303.6
G,3109467,160505,173,3447,1833704,38332,121,3447,977.6,303.6
R,1286196,83064,8087,3447,761292,39975,8078,3447,977.6,303.6
D,NBXX,9999,4.862e-5,3.476e-5,2.183e-5,5.468e-6,4.999e-6,4.244e-6
Y,187378,977.6,303.6,299.6,69.2,13.1,5.7,0,0000
T,2014,09,07,14,48,06
B,264937,25951,235,3447,160678,7080,212,3448,977.5,303.6
G,3107189,163917,209,3447,1834720,38986,168,3448,977.5,303.6
R,1285613,84503,7944,3447,761430,39560,7905,3448,977.5,303.6
D,NBXX,9999,4.968e-5,3.585e-5,2.296e-5,5.681e-6,5.181e-6,4.215e-6
Y,187240,977.5,303.6,299.6,70.6,13.1,5.7,0,0000
T,2014,09,07,14,53,06
B,265279,25848,195,3447,160563,7099,230,3447,977.5,303.6
G,3110975,163320,156,3447,1840051,37884,161,3447,977.5,303.6
R,1284565,83521,7977,3447,764422,39732,7906,3447,977.5,303.6
D,NBXX,9999,4.934e-5,3.562e-5,2.236e-5,5.798e-6,4.842e-6,4.313e-6
Y,187469,977.5,303.6,299.6,71.3,13.1,5.7,0,0000
T,2014,09,07,14,58,06
B,265106,26085,195,3448,160407,6823,210,3447,977.5,303.6
G,3110148,164979,153,3448,1835365,38115,154,3447,977.5,303.6
R,1287626,83874,7964,3448,762819,39451,8032,3447,977.5,303.6
D,NBXX,9999,5.019e-5,3.616e-5,2.240e-5,5.041e-6,4.926e-6,4.033e-6
Y,187365,977.5,303.6,299.6,73.4,13.1,5.7,0,0000
T,2014,09,07,15,03,06
B,265787,25852,231,3447,160878,6976,198,3447,977.6,303.6
G,3113185,162933,179,3447,1836802,37978,164,3447,977.6,303.6
R,1286082,83496,8171,3447,762322,39481,8168,3447,977.6,303.6
D,NBXX,9999,4.919e-5,3.545e-5,2.198e-5,5.368e-6,4.854e-6,3.816e-6
Y,187603,977.6,303.6,299.6,72.3,13.1,5.7,0,0000
T,2014,09,07,15,08,06
B,264765,25537,195,3447,160547,6921,187,3448,977.6,303.6
G,3108561,161697,156,3447,1835657,38200,149,3448,977.6,303.6
R,1286877,83370,8170,3447,762896,39336,8186,3448,977.6,303.6
D,NBXX,9999,4.868e-5,3.515e-5,2.186e-5,5.437e-6,4.953e-6,3.701e-6
Y,187323,977.6,303.6,299.6,70.5,13.1,5.7,0,0000
T,2014,09,07,15,13,06
B,266073,25359,191,3447,160069,6804,222,3447,977.5,303.7
G,3110307,160544,163,3447,1838674,37912,155,3447,977.5,303.7
R,1285983,82565,8188,3447,761992,39565,8043,3447,977.5,303.7
D,NBXX,9999,4.765e-5,3.475e-5,2.148e-5,4.877e-6,4.853e-6,3.946e-6
Y,187429,977.5,303.7,299.6,71.0,13.1,5.7,0,0000
T,2014,09,07,15,18,06
B,265950,25393,199,3448,160799,6654,186,3447,977.5,303.7
G,3109256,158019,169,3448,1837527,37609,134,3447,977.5,303.7
R,1287156,81592,8109,3448,764538,39296,8136,3447,977.5,303.7
D,NBXX,9999,4.789e-5,3.397e-5,2.083e-5,4.532e-6,4.770e-6,3.764e-6
Y,187311,977.5,303.7,299.6,71.8,13.1,5.7,0,0000
T,2014,09,07,15,23,06
B,265423,25601,215,3447,160904,6663,244,3447,977.4,303.7
G,3110405,159813,169,3447,1838287,37739,152,3447,977.4,303.7
R,1286162,82450,8144,3447,762437,39705,7839,3447,977.4,303.7
D,NBXX,9999,4.842e-5,3.452e-5,2.158e-5,4.329e-6,4.797e-6,4.208e-6
Y,187435,977.4,303.7,299.7,72.1,13.2,5.7,0,0000
T,2014,09,07,15,28,06
B,265549,25865,236,3447,161271,6839,219,3448,977.4,303.7
G,3113045,159160,174,3447,1839175,37664,146,3448,977.4,303.7
R,1287126,82281,7953,3447,767546,39240,8179,3448,977.4,303.7
D,NBXX,9999,4.921e-5,3.427e-5,2.134e-5,4.868e-6,4.760e-6,3.800e-6
Y,187595,977.4,303.7,299.7,73.1,13.1,5.7,0,0000
T,2014,09,07,15,33,06
B,265182,25532,207,3447,160819,6785,201,3447,977.5,303.7
G,3112156,159408,159,3447,1834195,37885,157,3447,977.5,303.7
R,1289200,82028,8112,3447,763539,38956,8109,3447,977.5,303.7
D,NBXX,9999,4.846e-5,3.436e-5,2.106e-5,4.902e-6,4.838e-6,3.546e-6
Y,187541,977.5,303.7,299.7,72.4,13.1,5.7,0,0000
T,2014,09,07,15,38,06
B,265466,25456,211,3448,159925,6923,170,3447,977.4,303.7
G,3115490,158858,168,3448,1831652,37606,154,3447,977.4,303.7
R,1287776,82037,8150,3448,760843,39905,8078,3447,977.4,303.7
D,NBXX,9999,4.823e-5,3.413e-5,2.110e-5,5.406e-6,4.738e-6,4.145e-6
Y,187688,977.4,303.7,299.7,72.8,13.1,5.7,0,0000
T,2014,09,07,15,43,06
B,264859,25130,222,3447,161391,6959,187,3447,977.3,303.7
G,3107153,158505,173,3447,1836724,37829,153,3447,977.3,303.7
R,1286925,81600,8130,3447,762073,39445,8239,3447,977.3,303.7
D,NBXX,9999,4.731e-5,3.415e-5,2.076e-5,5.457e-6,4.836e-6,3.764e-6
Y,187238,977.3,303.7,299.7,72.4,13.1,5.7,0,0000
T,2014,09,07,15,48,06
B,264621,25486,224,3447,160738,6836,205,3448,977.1,303.8
G,3111076,159886,146,3447,1835891,37667,168,3448,977.1,303.8
R,1287976,81665,8099,3447,762338,39605,8327,3448,977.1,303.8
D,NBXX,9999,4.840e-5,3.453e-5,2.073e-5,5.019e-6,4.771e-6,3.806e-6
Y,187476,977.1,303.8,299.8,73.9,13.1,5.7,0,0000
T,2014,09,07,15,53,06
B,264868,25986,237,3447,160126,6845,213,3447,977.1,303.8
G,3114158,164055,191,3447,1830831,38295,150,3447,977.1,303.8
R,1289291,83018,8177,3447,761488,40251,8100,3447,977.1,303.8
D,NBXX,9999,4.980e-5,3.579e-5,2.163e-5,4.960e-6,4.951e-6,4.302e-6
Y,187662,977.1,303.8,299.8,73.2,13.1,5.7,0,0000
T,2014,09,07,15,58,06
B,266907,26498,224,3448,160425,7119,213,3447,977.2,303.8
G,3115683,163593,168,3448,1833297,38197,177,3447,977.2,303.8
R,1286213,83105,8121,3448,763161,40080,8006,3447,977.2,303.8
D,NBXX,9999,5.080e-5,3.562e-5,2.188e-5,5.699e-6,4.916e-6,4.341e-6
Y,187700,977.2,303.8,299.8,72.3,13.1,5.7,0,0000
T,2014,09,07,16,03,06
B,265908,26647,222,3447,161322,6939,230,3447,977.3,303.8
G,3111327,167249,178,3447,1831150,38447,156,3447,977.3,303.8
R,1288133,83651,8284,3447,762748,40166,8152,3447,977.3,303.8
D,NBXX,9999,5.151e-5,3.686e-5,2.194e-5,5.164e-6,5.013e-6,4.148e-6
Y,187491,977.3,303.8,299.8,73.2,13.1,5.7,0,0000
T,2014,09,07,16,08,06
B,265148,27296,216,3447,161438,7041,192,3448,977.3,303.9
G,3109523,167734,170,3447,1838096,39128,133,3448,977.3,303.9
R,1286254,84787,8169,3447,764447,40488,8196,3448,977.3,303.9
D,NBXX,9999,5.391e-5,3.705e-5,2.275e-5,5.698e-6,5.244e-6,4.411e-6
Y,187382,977.3,303.9,299.9,72.8,13.1,5.7,0,0000
T,2014,09,07,16,13,06
B,266108,26986,215,3447,160669,7001,206,3447,977.2,303.9
G,3111323,168372,168,3447,1831991,38724,188,3447,977.2,303.9
R,1287148,84659,8350,3447,762517,40410,8418,3447,977.2,303.9
D,NBXX,9999,5.262e-5,3.720e-5,2.236e-5,5.463e-6,5.093e-6,4.071e-6
Y,187490,977.2,303.9,299.9,71.3,13.1,5.7,0,0000
T,2014,09,07,16,18,06
B,266083,26050,212,3448,159692,7099,253,3447,977.1,303.9
G,3109634,162213,175,3448,1829437,38235,152,3447,977.1,303.9
R,1287930,81965,8406,3448,761852,39908,8391,3447,977.1,303.9
D,NBXX,9999,4.961e-5,3.529e-5,2.065e-5,5.615e-6,4.959e-6,3.738e-6
Y,187334,977.1,303.9,300.0,70.3,13.1,5.7,0,0000
T,2014,09,07,16,23,06
B,265083,24991,205,3447,160791,6836,202,3447,977.0,303.9
G,3107013,155374,153,3447,1833136,37285,183,3447,977.0,303.9
R,1287331,80831,8351,3447,763894,39563,8389,3447,977.0,303.9
D,NBXX,9999,4.685e-5,3.315e-5,2.001e-5,5.083e-6,4.660e-6,3.567e-6
Y,187230,977.0,303.9,300.0,69.5,13.1,5.7,0,0000
T,2014,09,07,16,28,06
B,265343,24251,224,3447,160354,6673,220,3448,976.9,304.0
G,3107712,148776,153,3447,1832905,36077,177,3448,976.9,304.0
R,1287474,78370,8375,3447,764371,39430,8336,3448,976.9,304.0
D,NBXX,9999,4.438e-5,3.105e-5,1.851e-5,4.426e-6,4.273e-6,3.499e-6
Y,187272,976.9,304.0,300.0,69.3,13.1,5.7,0,0000
T,2014,09,07,16,33,06
B,265770,23384,218,3447,159970,6557,238,3447,976.9,304.0
G,3104802,141874,149,3447,1828674,35604,153,3447,976.9,304.0
R,1289593,75903,8424,3447,760579,39217,8457,3447,976.9,304.0
D,NBXX,9999,4.156e-5,2.891e-5,1.681e-5,4.004e-6,4.147e-6,3.231e-6
Y,187096,976.9,304.0,300.0,68.9,13.1,5.7,0,0000
T,2014,09,07,16,38,06
B,265099,23000,204,3447,160860,6594,264,3447,977.1,304.0
G,3107431,140381,182,3447,1828309,35194,158,3447,977.1,304.0
R,1287994,75581,8414,3447,761069,38880,8394,3447,977.1,304.0
D,NBXX,9999,4.052e-5,2.838e-5,1.671e-5,4.121e-6,3.993e-6,3.090e-6
Y,187255,977.1,304.0,300.1,68.7,13.1,5.7,0,0000
T,2014,09,07,16,43,06
B,265791,22457,230,3448,159643,6446,216,3447,977.1,304.0
G,3106835,135476,133,3448,1831557,35088,191,3447,977.1,304.0
R,1288370,74867,8470,3448,761035,39123,8493,3447,977.1,304.0
D,NBXX,9999,3.875e-5,2.684e-5,1.614e-5,3.703e-6,3.970e-6,3.131e-6
Y,187164,977.1,304.0,300.1,67.1,13.1,5.7,0,0000
T,2014,09,07,16,48,06
B,265770,22384,231,3447,160270,6423,241,3447,977.2,304.1
G,3106121,136989,163,3447,1830810,34994,176,3447,977.2,304.1
R,1285056,74623,8736,3447,760604,39313,8481,3447,977.2,304.1
D,NBXX,9999,3.845e-5,2.732e-5,1.590e-5,3.536e-6,3.934e-6,3.092e-6
Y,187176,977.2,304.1,300.1,66.6,13.1,5.7,0,0000
T,2014,09,07,16,53,06
B,265844,21630,204,3447,161081,6440,204,3448,977.2,304.1
G,3107469,131604,154,3447,1831444,34491,187,3448,977.2,304.1
R,1288195,73154,8597,3447,762104,39327,8464,3448,977.2,304.1
D,NBXX,9999,3.634e-5,2.559e-5,1.503e-5,3.805e-6,3.766e-6,3.178e-6
Y,187257,977.2,304.1,300.1,66.4,13.1,5.7,0,0000
T,2014,09,07,16,58,06
B,265360,20859,202,3447,161717,6442,240,3447,977.2,304.1
G,3104119,126300,183,3447,1832322,33921,184,3447,977.2,304.1
R,1287560,71471,8712,3447,764889,39074,8581,3447,977.2,304.1
D,NBXX,9999,3.397e-5,2.394e-5,1.384e-5,3.729e-6,3.590e-6,2.867e-6
Y,187055,977.2,304.1,300.1,65.8,13.1,5.7,0,0000
T,2014,09,07,17,03,06
B,265450,20320,184,3448,160817,6405,207,3447,977.3,304.1
G,3103447,120628,201,3448,1831098,32986,169,3447,977.3,304.1
R,1287246,69783,8470,3448,761285,38722,8553,3447,977.3,304.1
D,NBXX,9999,3.248e-5,2.215e-5,1.299e-5,3.796e-6,3.296e-6,2.851e-6
Y,186960,977.3,304.1,300.1,65.3,13.1,5.7,0,0000
T,2014,09,07,17,08,06
B,264333,19201,210,3447,159363,6079,180,3447,977.4,304.1
G,3104431,114863,175,3447,1826329,32454,172,3447,977.4,304.1
R,1286518,68690,8620,3447,761626,38179,8498,3447,977.4,304.1
D,NBXX,9999,2.929e-5,2.031e-5,1.227e-5,2.868e-6,3.129e-6,2.449e-6
Y,187074,977.4,304.1,300.1,64.5,13.1,5.7,0,0000
T,2014,09,07,17,13,06
B,265379,19186,232,3447,159810,6167,227,3448,977.3,304.1
G,3100534,111604,159,3447,1826271,31481,146,3448,977.3,304.1
R,1286961,67462,8646,3447,762863,38045,8684,3448,977.3,304.1
D,NBXX,9999,2.878e-5,1.933e-5,1.135e-5,2.818e-6,2.845e-6,2.206e-6
Y,186838,977.3,304.1,300.1,64.0,13.1,5.7,0,0000
T,2014,09,07,17,18,06
B,264251,18978,213,3447,159976,6286,198,3447,977.3,304.1
G,3101999,111229,183,3447,1827267,31893,163,3447,977.3,304.1
R,1288187,67604,8630,3447,763158,38208,8700,3447,977.3,304.1
D,NBXX,9999,2.855e-5,1.918e-5,1.141e-5,3.436e-6,2.959e-6,2.301e-6
Y,186926,977.3,304.1,300.1,63.8,13.1,5.7,0,0000
T,2014,09,07,17,23,06
B,264589,18871,217,3448,160422,6136,266,3447,977.3,304.1
G,3100507,113007,200,3448,1831411,32302,187,3447,977.3,304.1
R,1285288,67870,8650,3448,761588,38316,8587,3447,977.3,304.1
D,NBXX,9999,2.789e-5,1.975e-5,1.171e-5,2.700e-6,3.082e-6,2.464e-6
Y,186782,977.3,304.1,300.1,64.2,13.1,5.7,0,0000
T,2014,09,07,17,28,06
B,265567,19475,218,3447,160626,6187,255,3447,977.4,304.1
G,3097134,113533,155,3447,1829874,31603,175,3447,977.4,304.1
R,1285906,67763,8688,3447,761651,38115,8683,3447,977.4,304.1
D,NBXX,9999,2.957e-5,1.998e-5,1.153e-5,2.823e-6,2.889e-6,2.234e-6
Y,186632,977.4,304.1,300.0,64.0,13.1,5.7,0,0000
T,2014,09,07,17,33,06
B,264412,19134,253,3447,161047,6237,230,3448,977.4,304.0
G,3099753,112615,185,3447,1828839,32130,186,3448,977.4,304.0
R,1287040,68285,8820,3447,761601,38748,8721,3448,977.4,304.0
D,NBXX,9999,2.874e-5,1.964e-5,1.171e-5,3.012e-6,3.030e-6,2.487e-6
Y,186791,977.4,304.0,300.0,63.5,13.1,5.7,0,0000
T,2014,09,07,17,38,06
B,264489,19143,259,3447,160204,6215,258,3447,977.4,304.0
G,3100586,113115,180,3447,1825628,32093,164,3447,977.4,304.0
R,1286578,68012,8685,3447,760074,38312,8601,3447,977.4,304.0
D,NBXX,9999,2.863e-5,1.980e-5,1.173e-5,2.823e-6,3.028e-6,2.410e-6
Y,186841,977.4,304.0,300.0,63.5,13.1,5.7,0,0000
T,2014,09,07,17,43,06
B,264240,18909,218,3448,159632,6191,184,3447,977.3,304.0
G,3101372,112601,177,3448,1827971,31839,165,3447,977.3,304.0
R,1287308,68151,8715,3448,764225,38145,8714,3447,977.3,304.0
D,NBXX,9999,2.837e-5,1.963e-5,1.170e-5,3.181e-6,2.949e-6,2.203e-6
Y,186834,977.3,304.0,300.0,63.3,13.1,5.7,0,0000
T,2014,09,07,17,48,06
B,264167,19093,230,3447,160465,5941,225,3447,977.3,304.0
G,3096524,112834,195,3447,1825869,32180,164,3447,977.3,304.0
R,1285077,67954,8508,3447,762276,38380,8690,3447,977.3,304.0
D,NBXX,9999,2.877e-5,1.975e-5,1.179e-5,2.221e-6,3.064e-6,2.529e-6
Y,186595,977.3,304.0,300.0,64.0,13.1,5.7,0,0000
T,2014,09,07,17,53,06
B,265043,19462,243,3447,161368,6255,225,3448,977.2,304.0
G,3096104,114149,200,3447,1830070,32058,157,3448,977.2,304.0
R,1286366,67945,8658,3447,765974,38248,8785,3448,977.2,304.0
D,NBXX,9999,2.967e-5,2.017e-5,1.159e-5,3.079e-6,3.024e-6,2.255e-6
Y,186570,977.2,304.0,300.0,64.2,13.1,5.7,0,0000
T,2014,09,07,17,58,06
B,265335,19327,212,3447,159718,6151,228,3447,977.1,304.0
G,3101200,114337,214,3447,1825159,31994,161,3447,977.1,304.0
R,1287276,68506,8546,3447,760165,38618,8730,3447,977.1,304.0
D,NBXX,9999,2.929e-5,2.017e-5,1.203e-5,2.845e-6,2.983e-6,2.600e-6
Y,186878,977.1,304.0,300.0,64.8,13.1,5.7,0,0000
T,2014,09,07,18,03,06
B,264656,19000,241,3448,161172,6189,213,3447,977.2,304.0
G,3101828,115258,208,3448,1826878,32104,180,3447,977.2,304.0
R,1288173,68371,8595,3448,761825,38346,8858,3447,977.2,304.0
D,NBXX,9999,2.838e-5,2.045e-5,1.180e-5,2.962e-6,3.014e-6,2.303e-6
Y,186862,977.2,304.0,300.0,65.0,13.1,5.7,0,0000
T,2014,09,07,18,08,06
B,264692,19803,234,3447,160647,6123,236,3447,977.3,304.0
G,3097747,118204,178,3447,1826719,32484,169,3447,977.3,304.0
R,1287056,69784,8675,3447,761404,38421,8742,3447,977.3,304.0
D,NBXX,9999,3.079e-5,2.145e-5,1.272e-5,2.694e-6,3.161e-6,2.380e-6
Y,186669,977.3,304.0,299.9,65.1,13.1,5.7,0,0000
T,2014,09,07,18,13,06
B,248598,18672,205,3220,150413,5784,180,3221,977.4,304.0
G,2899275,112356,157,3220,1707783,30568,148,3221,977.4,304.0
R,1205104,65985,8058,3220,711364,35940,7995,3221,977.4,304.0
D,NBXX,9999,3.124e-5,2.205e-5,1.334e-5,3.012e-6,3.222e-6,2.546e-6
Y,187027,977.4,304.0,299.9,65.0,13.1,5.7,0,0008
T,2014,09,07,18,18,06
B,266501,20156,225,3447,160669,6316,188,3447,977.4,304.0
G,3100331,121341,176,3447,1826361,32939,184,3447,977.4,304.0
R,1286005,70620,8508,3447,761084,38253,8794,3447,977.4,304.0
D,NBXX,9999,3.166e-5,2.241e-5,1.334e-5,3.369e-6,3.293e-6,2.367e-6
Y,186826,977.4,304.0,299.9,65.1,13.1,5.7,0,0000
T,2014,09,07,18,23,06
B,262508,20605,215,3426,158917,6187,200,3425,977.4,304.0
G,3080196,122170,195,3426,1810800,32922,157,3425,977.4,304.0
R,1280693,71184,8541,3426,754589,38531,8608,3425,977.4,304.0
D,NBXX,9999,3.396e-5,2.293e-5,1.393e-5,3.238e-6,3.361e-6,2.702e-6
Y,186750,977.4,304.0,299.9,65.8,13.1,5.7,0,0008
T,2014,09,07,18,28,06
B,265473,20933,236,3447,159676,6238,202,3447,977.4,304.0
G,3097322,124915,165,3447,1819050,33336,142,3447,977.4,304.0
R,1285994,71439,8574,3447,760916,38604,8785,3447,977.4,304.0
D,NBXX,9999,3.419e-5,2.361e-5,1.381e-5,3.110e-6,3.449e-6,2.543e-6
Y,186644,977.4,304.0,299.9,66.4,13.1,5.7,0,0000
T,2014,09,07,18,33,06
B,265449,20528,232,3447,160683,6349,227,3448,977.3,304.0
G,3097118,124442,180,3447,1821047,33116,166,3448,977.3,304.0
R,1285568,72057,8605,3447,761122,38744,8842,3448,977.3,304.0
D,NBXX,9999,3.288e-5,2.345e-5,1.414e-5,3.372e-6,3.362e-6,2.565e-6
Y,186631,977.3,304.0,299.9,67.4,13.1,5.7,0,0000
T,2014,09,07,18,38,06
B,264973,19839,215,3447,159920,6179,213,3447,977.3,304.0
G,3096895,120468,179,3447,1813357,32615,140,3447,977.3,304.0
R,1284056,70615,8684,3447,755499,38337,8476,3447,977.3,304.0
D,NBXX,9999,3.098e-5,2.219e-5,1.349e-5,2.998e-6,3.216e-6,2.539e-6
Y,186618,977.3,304.0,299.9,68.2,13.1,5.7,0,0000
T,2014,09,07,18,43,06
B,265415,20096,229,3448,158851,6202,230,3447,977.4,304.0
G,3102806,118937,190,3448,1814120,32725,166,3447,977.4,304.0
R,1287999,69944,8566,3448,756279,38272,8526,3447,977.4,304.0
D,NBXX,9999,3.156e-5,2.162e-5,1.303e-5,2.934e-6,3.221e-6,2.517e-6
Y,186921,977.4,304.0,299.9,68.2,13.1,5.7,0,0000
T,2014,09,07,18,48,06
B,239530,18189,192,3126,144882,5731,190,3132,977.4,303.9
G,2803976,108519,128,3126,1651281,29420,119,3132,977.4,303.9
R,1162762,63222,7711,3126,690287,34933,7677,3132,977.4,303.9
D,NBXX,9999,3.187e-5,2.202e-5,1.313e-5,3.475e-6,3.175e-6,2.773e-6
Y,186316,977.4,303.9,299.9,67.9,13.2,5.7,0,0008
T,2014,09,07,18,53,06
B,248353,19050,210,3224,149534,5812,189,3225,977.4,303.9
G,2900471,112938,162,3224,1699052,31118,158,3225,977.4,303.9
R,1206056,65771,8088,3224,712140,35921,8072,3225,977.4,303.9
D,NBXX,9999,3.248e-5,2.222e-5,1.309e-5,3.067e-6,3.399e-6,2.443e-6
Y,186872,977.4,303.9,299.9,68.0,13.1,5.7,0,0008
T,2014,09,07,18,58,06
B,254155,19564,224,3309,152409,6032,196,3310,977.4,303.9
G,2971926,117390,171,3309,1736045,31754,158,3310,977.4,303.9
R,1235834,67776,8244,3309,725476,37300,8190,3310,977.4,303.9
D,NBXX,9999,3.266e-5,2.278e-5,1.343e-5,3.294e-6,3.355e-6,2.853e-6
Y,186556,977.4,303.9,299.9,68.2,13.1,5.7,0,0008
T,2014,09,07,19,03,06
B,264664,22129,220,3447,160761,6577,225,3447,977.5,303.9
G,3100335,136267,186,3447,1823278,34792,166,3447,977.5,303.9
R,1285710,76180,8551,3447,759921,39338,8555,3447,977.5,303.9
D,NBXX,9999,3.804e-5,2.717e-5,1.692e-5,4.182e-6,3.886e-6,3.181e-6
Y,186826,977.5,303.9,299.9,68.2,13.1,5.7,0,0000
T,2014,09,07,19,08,06
B,255778,21047,221,3309,153801,6333,187,3306,977.5,303.9
G,2983200,130138,153,3309,1751644,33110,165,3306,977.5,303.9
R,1239902,72947,8240,3309,729943,37493,8217,3306,977.5,303.9
D,NBXX,9999,3.704e-5,2.685e-5,1.662e-5,4.207e-6,3.782e-6,2.942e-6
Y,187266,977.5,303.9,299.8,68.2,13.1,5.7,0,0008
T,2014,09,07,19,13,06
B,260787,21657,230,3391,157042,6522,196,3392,977.7,303.9
G,3048976,133155,174,3391,1783606,33991,193,3392,977.7,303.9
R,1267602,73726,8358,3391,743946,38507,8448,3392,977.7,303.9
D,NBXX,9999,3.762e-5,2.689e-5,1.610e-5,4.350e-6,3.802e-6,3.045e-6
Y,186765,977.7,303.9,299.8,68.2,13.1,5.7,0,0008
T,2014,09,07,19,18,06
B,264942,21798,178,3447,159730,6573,216,3448,977.7,303.9
G,3097987,132451,144,3447,1824157,34374,155,3448,977.7,303.9
R,1283988,73942,8610,3447,760671,39180,8628,3448,977.7,303.9
D,NBXX,9999,3.713e-5,2.601e-5,1.550e-5,4.326e-6,3.777e-6,2.999e-6
Y,186684,977.7,303.9,299.8,68.2,13.1,5.7,0,0000
T,2014,09,07,19,23,06
B,260687,21672,219,3395,157963,6531,217,3395,977.6,303.9
G,3052669,131255,171,3395,1789398,34339,154,3395,977.6,303.9
R,1267092,73176,8512,3395,745820,38773,8608,3395,977.6,303.9
D,NBXX,9999,3.765e-5,2.624e-5,1.554e-5,4.355e-6,3.920e-6,2.993e-6
Y,186771,977.6,303.9,299.8,67.9,13.1,5.7,0,0008
T,2014,09,07,19,28,06
B,264988,22237,201,3448,160133,6566,185,3447,977.7,303.9
G,3100878,136275,175,3448,1832661,35124,163,3447,977.7,303.9
R,1285815,75754,8457,3448,763864,39431,8634,3447,977.7,303.9
D,NBXX,9999,3.849e-5,2.717e-5,1.667e-5,4.341e-6,3.998e-6,3.253e-6
Y,186804,977.7,303.9,299.8,68.7,13.1,5.7,0,0000
T,2014,09,07,19,33,06
B,265225,22232,232,3447,160065,6551,243,3447,977.9,303.9
G,3099711,135145,187,3447,1828555,35050,186,3447,977.9,303.9
R,1286397,74949,8448,3447,762252,39239,8575,3447,977.9,303.9
D,NBXX,9999,3.811e-5,2.681e-5,1.621e-5,3.956e-6,3.962e-6,3.173e-6
Y,186788,977.9,303.9,299.8,68.5,13.1,5.7,0,0000
T,2014,09,07,19,38,06
B,265313,22513,220,3447,160438,6679,244,3448,978.0,303.9
G,3099130,137527,184,3447,1830304,35103,174,3448,978.0,303.9
R,1286442,75211,8565,3447,762770,39463,8659,3448,978.0,303.9
D,NBXX,9999,3.896e-5,2.759e-5,1.622e-5,4.362e-6,3.984e-6,3.161e-6
Y,186753,978.0,303.9,299.8,67.9,13.1,5.7,0,0000
T,2014,09,07,19,43,06
B,264564,23517,225,3447,160472,6537,192,3447,978.1,303.9
G,3097287,145597,180,3447,1830396,35859,151,3447,978.1,303.9
R,1283766,78586,8627,3447,762157,39717,8791,3447,978.1,303.9
D,NBXX,9999,4.240e-5,3.017e-5,1.824e-5,4.152e-6,4.231e-6,3.209e-6
Y,186641,978.1,303.9,299.8,68.5,13.1,5.7,0,0000
T,2014,09,07,19,48,06
B,265675,23200,243,3448,160628,6492,225,3447,978.2,303.9
G,3097727,145478,164,3448,1831967,35667,165,3447,978.2,303.9
R,1285261,78173,8555,3448,765862,39768,8414,3447,978.2,303.9
D,NBXX,9999,4.096e-5,3.012e-5,1.826e-5,3.760e-6,4.172e-6,3.554e-6
Y,186614,978.2,303.9,299.8,69.0,13.1,5.7,0,0000
T,2014,09,07,19,53,06
B,265889,23633,221,3447,160989,6555,227,3447,978.3,303.9
G,3100200,147882,172,3447,1830111,36000,171,3447,978.3,303.9
R,1287643,79432,8497,3447,762435,40127,8406,3447,978.3,303.9
D,NBXX,9999,4.230e-5,3.085e-5,1.902e-5,4.004e-6,4.261e-6,3.795e-6
Y,186818,978.3,303.9,299.8,69.7,13.1,5.7,0,0000
T,2014,09,07,19,58,06
B,265615,24410,217,3447,160855,6723,223,3448,978.3,303.9
G,3097797,152029,205,3447,1829306,36900,212,3448,978.3,303.9
R,1285832,80731,8543,3447,762462,40310,8657,3448,978.3,303.9
D,NBXX,9999,4.478e-5,3.218e-5,1.967e-5,4.561e-6,4.526e-6,3.707e-6
Y,186672,978.3,303.9,299.8,69.3,13.1,5.7,0,0000
T,2014,09,07,20,03,06
B,265251,24353,216,3447,160384,6767,157,3447,978.4,303.9
G,3097502,149829,163,3447,1826929,36017,193,3447,978.4,303.9
R,1284791,79825,8674,3447,761740,40068,8552,3447,978.4,303.9
D,NBXX,9999,4.494e-5,3.150e-5,1.912e-5,4.966e-6,4.271e-6,3.554e-6
Y,186654,978.4,303.9,299.8,69.5,13.1,5.7,0,0000
T,2014,09,07,20,08,06
B,264926,24416,217,3448,161039,6881,209,3447,978.3,303.9
G,3097801,148382,144,3448,1833892,36311,167,3447,978.3,303.9
R,1285014,79329,8559,3448,764466,39873,8758,3447,978.3,303.9
D,NBXX,9999,4.504e-5,3.106e-5,1.874e-5,5.157e-6,4.384e-6,3.372e-6
Y,186618,978.3,303.9,299.8,69.3,13.1,5.7,0,0000
T,2014,09,07,20,13,06
B,265206,24075,168,3447,160655,6787,196,3447,978.3,303.9
G,3097538,148731,188,3447,1827182,36116,177,3447,978.3,303.9
R,1287232,79016,8735,3447,764344,39882,8627,3447,978.3,303.9
D,NBXX,9999,4.413e-5,3.115e-5,1.845e-5,5.063e-6,4.299e-6,3.319e-6
Y,186657,978.3,303.9,299.8,69.8,13.1,5.7,0,0000
T,2014,09,07,20,18,06
B,265027,25028,229,3447,160754,6873,227,3448,978.2,303.9
G,3098306,154792,147,3447,1831309,36996,164,3448,978.2,303.9
R,1289881,81695,8503,3447,765129,40229,8612,3448,978.2,303.9
D,NBXX,9999,4.678e-5,3.309e-5,2.020e-5,5.007e-6,4.594e-6,3.678e-6
Y,186703,978.2,303.9,299.8,68.9,13.1,5.7,0,0000
T,2014,09,07,20,23,06
B,265435,24619,208,3447,161446,6768,210,3447,978.1,303.9
G,3095588,154771,171,3447,1828833,36915,159,3447,978.1,303.9
R,1285312,81326,8670,3447,762992,40198,8552,3447,978.1,303.9
D,NBXX,9999,4.555e-5,3.312e-5,2.003e-5,4.796e-6,4.574e-6,3.633e-6
Y,186539,978.1,303.9,299.8,68.9,13.1,5.7,0,0000
T,2014,09,07,20,28,06
B,265164,24750,220,3448,160699,6635,240,3447,978.2,303.9
G,3095493,152018,177,3448,1829201,36876,143,3447,978.2,303.9
R,1287946,80056,8626,3448,762617,40112,8652,3447,978.2,303.9
D,NBXX,9999,4.588e-5,3.225e-5,1.913e-5,4.263e-6,4.570e-6,3.519e-6
Y,186479,978.2,303.9,299.8,68.7,13.2,5.7,0,0000
T,2014,09,07,20,33,06
B,265058,24560,197,3447,160737,6658,259,3447,978.4,303.9
G,3095191,151574,146,3447,1827289,36761,123,3447,978.4,303.9
R,1287987,79769,8676,3447,763336,39908,8481,3447,978.4,303.9
D,NBXX,9999,4.534e-5,3.213e-5,1.904e-5,4.350e-6,4.549e-6,3.474e-6
Y,186515,978.4,303.9,299.8,68.0,13.1,5.7,0,0000
T,2014,09,07,20,38,06
B,265146,24772,197,3447,161462,6640,203,3448,978.4,303.9
G,3098294,152659,178,3447,1829360,36496,173,3448,978.4,303.9
R,1285075,80220,8605,3447,763482,39881,8652,3448,978.4,303.9
D,NBXX,9999,4.616e-5,3.240e-5,1.933e-5,4.482e-6,4.420e-6,3.409e-6
Y,186702,978.4,303.9,299.8,68.7,13.1,5.7,0,0000
T,2014,09,07,20,43,06
B,265618,25096,213,3447,160842,6810,179,3447,978.5,303.9
G,3096010,152274,196,3447,1828944,36512,173,3447,978.5,303.9
R,1288164,80396,8677,3447,761632,40260,8663,3447,978.5,303.9
D,NBXX,9999,4.705e-5,3.230e-5,1.929e-5,5.003e-6,4.430e-6,3.559e-6
Y,186564,978.5,303.9,299.8,68.9,13.1,5.7,0,0000
T,2014,09,07,20,48,06
B,265963,24743,243,3448,160102,6826,192,3447,978.5,303.9
G,3100224,152513,193,3448,1823322,36463,158,3447,978.5,303.9
R,1288298,80138,8624,3448,762257,40033,8601,3447,978.5,303.9
D,NBXX,9999,4.572e-5,3.232e-5,1.921e-5,4.880e-6,4.409e-6,3.505e-6
Y,186765,978.5,303.9,299.8,69.0,13.1,5.7,0,0000
T,2014,09,07,20,53,06
B,266131,24766,241,3447,160982,6712,226,3447,978.5,303.9
G,3095382,151305,180,3447,1825640,35888,153,3447,978.5,303.9
R,1284713,79556,8425,3447,762775,39866,8496,3447,978.5,303.9
D,NBXX,9999,4.563e-5,3.202e-5,1.917e-5,4.400e-6,4.247e-6,3.649e-6
Y,186526,978.5,303.9,299.8,68.7,13.1,5.7,0,0000
T,2014,09,07,20,58,06
B,264289,24206,242,3447,160523,6784,240,3448,978.5,303.8
G,3097709,146787,192,3447,1822942,35906,177,3448,978.5,303.8
R,1288066,78322,8530,3447,762227,40028,8616,3448,978.5,303.8
D,NBXX,9999,4.434e-5,3.053e-5,1.815e-5,4.680e-6,4.227e-6,3.550e-6
Y,186667,978.5,303.8,299.8,68.5,13.1,5.7,0,0000
T,2014,09,07,21,03,06
B,264873,22880,226,3447,160528,6702,175,3447,978.4,303.8
G,3096128,138877,177,3447,1824085,34660,173,3447,978.4,303.8
R,1285427,75700,8555,3447,763392,39245,8624,3447,978.4,303.8
D,NBXX,9999,4.039e-5,2.804e-5,1.658e-5,4.680e-6,3.846e-6,3.074e-6
Y,186571,978.4,303.8,299.7,67.1,13.1,5.7,0,0000
T,2014,09,07,21,08,06
B,264334,22711,220,3447,160479,6325,167,3447,978.5,303.8
G,3095978,138178,140,3447,1829889,34819,171,3447,978.5,303.8
R,1286827,76096,8636,3447,762825,39637,8578,3447,978.5,303.8
D,NBXX,9999,4.006e-5,2.783e-5,1.677e-5,3.608e-6,3.912e-6,3.277e-6
Y,186562,978.5,303.8,299.7,67.4,13.1,5.7,0,0000
T,2014,09,07,21,13,06
B,264569,21570,209,3448,160998,6388,236,3447,978.5,303.8
G,3097663,132471,186,3448,1827449,34212,174,3447,978.5,303.8
R,1285659,73884,8630,3448,761517,38967,8516,3447,978.5,303.8
D,NBXX,9999,3.628e-5,2.597e-5,1.548e-5,3.585e-6,3.697e-6,2.929e-6
Y,186610,978.5,303.8,299.7,66.7,13.1,5.7,0,0000
T,2014,09,07,21,18,06
B,264612,20040,221,3447,160073,6354,225,3447,978.5,303.8
G,3095689,121901,186,3447,1824455,32627,139,3447,978.5,303.8
R,1286066,71939,8742,3447,760125,38652,8372,3447,978.5,303.8
D,NBXX,9999,3.156e-5,2.264e-5,1.429e-5,3.468e-6,3.208e-6,2.748e-6
Y,186545,978.5,303.8,299.7,65.9,13.1,5.7,0,0000
T,2014,09,07,21,23,06
B,265244,19736,190,3447,160528,6077,215,3448,978.4,303.8
G,3091347,119967,152,3447,1825893,32436,132,3448,978.4,303.8
R,1283364,70374,8635,3447,762068,38253,8490,3448,978.4,303.8
D,NBXX,9999,3.063e-5,2.209e-5,1.338e-5,2.716e-6,3.174e-6,2.513e-6
Y,186282,978.4,303.8,299.7,65.8,13.1,5.7,0,0000
T,2014,09,07,21,28,06
B,264993,19320,208,3447,160033,6215,210,3447,978.4,303.8
G,3092031,117514,176,3447,1824465,31890,140,3447,978.4,303.8
R,1284067,70105,8682,3447,762169,38216,8639,3447,978.4,303.8
D,NBXX,9999,2.936e-5,2.129e-5,1.306e-5,3.115e-6,2.989e-6,2.348e-6
Y,186324,978.4,303.8,299.7,65.8,13.1,5.7,0,0000
T,2014,09,07,21,33,06
B,264363,19603,253,3448,160761,6176,212,3447,978.4,303.8
G,3091285,117659,139,3448,1825723,32652,155,3447,978.4,303.8
R,1286175,69802,8612,3448,762461,37798,8453,3447,978.4,303.8
D,NBXX,9999,3.021e-5,2.135e-5,1.300e-5,2.874e-6,3.246e-6,2.260e-6
Y,186224,978.4,303.8,299.6,65.5,13.2,5.7,0,0000
T,2014,09,07,21,38,06
B,264864,19646,252,3447,161537,6274,258,3447,978.4,303.7
G,3094341,119752,181,3447,1825558,32512,178,3447,978.4,303.7
R,1285359,70287,8548,3447,763563,38274,8400,3447,978.4,303.7
D,NBXX,9999,3.007e-5,2.196e-5,1.341e-5,2.977e-6,3.164e-6,2.640e-6
Y,186463,978.4,303.7,299.6,65.6,13.1,5.7,0,0000
T,2014,09,07,21,43,06
B,266352,19725,227,3447,161164,6061,225,3448,978.4,303.7
G,3097297,119698,180,3447,1829709,32677,171,3448,978.4,303.7
R,1286062,70185,8362,3447,762342,38061,8423,3448,978.4,303.7
D,NBXX,9999,3.019e-5,2.190e-5,1.344e-5,2.429e-6,3.206e-6,2.614e-6
Y,186642,978.4,303.7,299.6,65.5,13.1,5.7,0,0000
T,2014,09,07,21,48,06
B,265475,20224,226,3447,161012,6420,193,3447,978.4,303.7
G,3094013,121980,183,3447,1822721,32750,166,3447,978.4,303.7
R,1283860,71956,8578,3447,761713,38164,8564,3447,978.4,303.7
D,NBXX,9999,3.203e-5,2.267e-5,1.434e-5,3.708e-6,3.244e-6,2.446e-6
Y,186443,978.4,303.7,299.6,66.1,13.1,5.7,0,0000
T,2014,09,07,21,53,06
B,264852,20609,227,3448,159606,6379,245,3447,978.5,303.7
G,3096549,123996,153,3448,1824547,32873,159,3447,978.5,303.7
R,1286731,72165,8515,3448,760188,38356,8344,3447,978.5,303.7
D,NBXX,9999,3.317e-5,2.330e-5,1.459e-5,3.441e-6,3.292e-6,2.747e-6
Y,186543,978.5,303.7,299.6,66.1,13.1,5.7,0,0000
T,2014,09,07,21,58,06
B,264766,20143,175,3447,160378,6388,205,3447,978.5,303.7
G,3096211,123418,152,3447,1823403,33127,166,3447,978.5,303.7
R,1286482,70835,8424,3447,760355,38370,8414,3447,978.5,303.7
D,NBXX,9999,3.208e-5,2.312e-5,1.380e-5,3.797e-6,3.369e-6,2.768e-6
Y,186576,978.5,303.7,299.6,66.4,13.2,5.7,0,0000
T,2014,09,07,22,03,06
B,265593,20582,175,3447,159988,6256,204,3448,978.7,303.7
G,3097613,123172,175,3447,1827061,33034,167,3448,978.7,303.7
R,1286870,71409,8391,3447,761120,38284,8616,3448,978.7,303.7
D,NBXX,9999,3.324e-5,2.301e-5,1.402e-5,3.334e-6,3.322e-6,2.585e-6
Y,186661,978.7,303.7,299.6,65.9,13.1,5.7,0,0000
T,2014,09,07,22,08,06
B,264192,20559,236,3447,160457,6388,206,3447,978.8,303.7
G,3099480,122440,140,3447,1819410,32709,161,3447,978.8,303.7
R,1287366,71140,8379,3447,758815,38381,8273,3447,978.8,303.7
D,NBXX,9999,3.327e-5,2.277e-5,1.409e-5,3.616e-6,3.231e-6,2.900e-6
Y,186774,978.8,303.7,299.6,65.9,13.1,5.7,0,0000
T,2014,09,07,22,13,06
B,264865,20119,214,3448,160411,6172,197,3447,978.9,303.7
G,3095494,122158,176,3448,1822870,33254,142,3447,978.9,303.7
R,1287035,70578,8377,3448,760949,37934,8322,3447,978.9,303.7
D,NBXX,9999,3.187e-5,2.272e-5,1.372e-5,3.021e-6,3.415e-6,2.599e-6
Y,186479,978.9,303.7,299.5,66.1,13.1,5.7,0,0000
T,2014,09,07,22,18,06
B,264739,20764,204,3447,160147,6522,201,3447,979.0,303.7
G,3093840,124775,169,3447,1825901,33463,184,3447,979.0,303.7
R,1284753,71366,8243,3447,760438,38290,8378,3447,979.0,303.7
D,NBXX,9999,3.390e-5,2.357e-5,1.432e-5,4.122e-6,3.471e-6,2.890e-6
Y,186433,979.0,303.7,299.5,65.6,13.1,5.7,0,0000
T,2014,09,07,22,23,06
B,264932,22252,180,3447,159671,6483,224,3448,979.0,303.6
G,3095309,133416,183,3447,1823695,34745,140,3448,979.0,303.6
R,1286068,73882,8295,3447,761717,38681,8441,3448,979.0,303.6
D,NBXX,9999,3.844e-5,2.631e-5,1.576e-5,3.987e-6,3.883e-6,3.032e-6
Y,186522,979.0,303.6,299.5,65.8,13.1,5.7,0,0000
T,2014,09,07,22,28,06
B,263987,22172,220,3447,160991,6662,223,3447,979.0,303.6
G,3093183,133650,178,3447,1828350,35396,162,3447,979.0,303.6
R,1284231,73810,8402,3447,763563,38566,8281,3447,979.0,303.6
D,NBXX,9999,3.829e-5,2.641e-5,1.580e-5,4.471e-6,4.095e-6,3.021e-6
Y,186393,979.0,303.6,299.5,65.8,13.1,5.7,0,0000
T,2014,09,07,22,33,06
B,265037,21662,227,3448,160714,6528,221,3447,979.0,303.6
G,3096697,131118,164,3448,1824791,34394,154,3447,979.0,303.6
R,1288337,73233,8204,3448,761320,38544,8348,3447,979.0,303.6
D,NBXX,9999,3.644e-5,2.557e-5,1.543e-5,3.972e-6,3.774e-6,3.069e-6
Y,186551,979.0,303.6,299.5,65.6,13.1,5.7,0,0000
T,2014,09,07,22,38,06
B,264704,21851,187,3447,160430,6538,182,3447,979.1,303.6
G,3094699,131699,163,3447,1824432,34166,175,3447,979.1,303.6
R,1284294,73533,8244,3447,760345,38186,8451,3447,979.1,303.6
D,NBXX,9999,3.735e-5,2.577e-5,1.562e-5,4.288e-6,3.698e-6,2.777e-6
Y,186485,979.1,303.6,299.5,65.6,13.1,5.7,0,0000
T,2014,09,07,22,43,06
B,265829,21853,227,3447,160549,6612,214,3448,979.1,303.6
G,3094985,133067,171,3447,1818447,34147,197,3448,979.1,303.6
R,1285611,73750,8292,3447,758926,38616,8368,3448,979.1,303.6
D,NBXX,9999,3.683e-5,2.619e-5,1.575e-5,4.174e-6,3.677e-6,3.051e-6
Y,186502,979.1,303.6,299.5,65.6,13.1,5.7,0,0000
T,2014,09,07,22,48,06
B,265653,21849,194,3447,160514,6228,207,3447,979.1,303.6
G,3096130,134127,175,3447,1821462,33716,168,3447,979.1,303.6
R,1281480,73689,8043,3447,761460,38354,8193,3447,979.1,303.6
D,NBXX,9999,3.700e-5,2.652e-5,1.612e-5,3.158e-6,3.548e-6,3.237e-6
Y,186572,979.1,303.6,299.5,65.6,13.1,5.7,0,0000
T,2014,09,07,22,53,06
B,265272,21809,207,3448,159948,6402,235,3447,979.1,303.6
G,3093935,132288,143,3448,1825614,33781,163,3447,979.1,303.6
R,1284826,72847,8250,3448,761068,38379,8155,3447,979.1,303.6
D,NBXX,9999,3.683e-5,2.598e-5,1.539e-5,3.577e-6,3.593e-6,3.105e-6
Y,186384,979.1,303.6,299.4,65.6,13.1,5.7,0,0000
T,2014,09,07,22,58,06
B,264851,21460,226,3447,160178,6258,246,3447,979.2,303.6
G,3091175,130835,163,3447,1822184,33964,143,3447,979.2,303.6
R,1285875,72583,8302,3447,759069,38060,8222,3447,979.2,303.6
D,NBXX,9999,3.576e-5,2.555e-5,1.511e-5,3.050e-6,3.658e-6,2.808e-6
Y,186272,979.2,303.6,299.4,65.8,13.1,5.7,0,0000
T,2014,09,07,23,03,06
B,264404,21892,203,3447,160608,6224,224,3448,979.3,303.5
G,3094897,130867,175,3447,1822440,34069,151,3448,979.3,303.5
R,1283340,73117,8441,3447,760302,38128,8154,3448,979.3,303.5
D,NBXX,9999,3.735e-5,2.551e-5,1.546e-5,3.130e-6,3.668e-6,2.817e-6
Y,186497,979.3,303.5,299.4,65.8,13.1,5.7,0,0000
T,2014,09,07,23,08,06
B,264982,21710,238,3447,160108,6522,217,3447,979.4,303.5
G,3096538,131100,168,3447,1821295,33707,159,3447,979.4,303.5
R,1284336,72713,8191,3447,757798,37890,8241,3447,979.4,303.5
D,NBXX,9999,3.655e-5,2.556e-5,1.530e-5,3.913e-6,3.549e-6,2.783e-6
Y,186596,979.4,303.5,299.4,65.8,13.1,5.7,0,0000
T,2014,09,07,23,13,06
B,265385,21561,215,3448,160180,6269,224,3447,979.4,303.5
G,3095801,130485,156,3448,1820894,34283,163,3447,979.4,303.5
R,1285241,72803,8322,3448,759372,37985,8348,3447,979.4,303.5
D,NBXX,9999,3.605e-5,2.537e-5,1.516e-5,3.171e-6,3.742e-6,2.667e-6
Y,186497,979.4,303.5,299.4,65.8,13.1,5.7,0,0000
T,2014,09,07,23,18,06
B,263705,20864,212,3447,159801,6349,219,3447,979.4,303.5
G,3097021,126625,158,3447,1823049,33281,142,3447,979.4,303.5
R,1284724,71463,8267,3447,760807,37627,8010,3447,979.4,303.5
D,NBXX,9999,3.434e-5,2.413e-5,1.463e-5,3.554e-6,3.422e-6,2.728e-6
Y,186625,979.4,303.5,299.4,65.6,13.1,5.7,0,0000
T,2014,09,07,23,23,06
B,265241,20551,166,3447,160142,6336,192,3447,979.5,303.5
G,3093585,122011,172,3447,1822413,32792,154,3447,979.5,303.5
R,1286964,69323,8380,3447,759674,37429,8221,3447,979.5,303.5
D,NBXX,9999,3.327e-5,2.270e-5,1.302e-5,3.669e-6,3.268e-6,2.353e-6
Y,186418,979.5,303.5,299.4,65.3,13.1,5.7,0,0000
T,2014,09,07,23,28,06
B,264969,19496,182,3447,160387,6227,188,3448,979.5,303.5
G,3095100,116889,135,3447,1827437,32215,153,3448,979.5,303.5
R,1282855,68619,8041,3447,760338,37676,8015,3448,979.5,303.5
D,NBXX,9999,3.005e-5,2.106e-5,1.307e-5,3.305e-6,3.090e-6,2.929e-6
Y,186509,979.5,303.5,299.4,65.0,13.1,5.7,0,0000
T,2014,09,07,23,33,06
B,266804,19190,223,3447,160745,6223,196,3447,979.5,303.5
G,3091213,113246,184,3447,1823745,32039,134,3447,979.5,303.5
R,1283313,67433,8303,3447,761718,36928,7933,3447,979.5,303.5
D,NBXX,9999,2.854e-5,1.993e-5,1.220e-5,3.002e-6,3.038e-6,2.338e-6
Y,186274,979.5,303.5,299.4,64.5,13.1,5.7,0,0000
T,2014,09,07,23,38,06
B,266700,18642,219,3448,160364,6006,219,3447,979.5,303.5
G,3093601,111983,135,3448,1829321,31437,166,3447,979.5,303.5
R,1285522,66694,8172,3448,762508,36860,7999,3447,979.5,303.5
D,NBXX,9999,2.682e-5,1.951e-5,1.174e-5,2.285e-6,2.847e-6,2.328e-6
Y,186364,979.5,303.5,299.4,64.3,13.1,5.7,0,0000
T,2014,09,07,23,43,06
B,264626,18668,213,3447,159857,6021,233,3447,979.5,303.5
G,3095776,110556,183,3447,1821594,31503,133,3447,979.5,303.5
R,1282300,66136,7926,3447,758854,37230,8142,3447,979.5,303.5
D,NBXX,9999,2.731e-5,1.902e-5,1.154e-5,2.429e-6,2.853e-6,2.654e-6
Y,186550,979.5,303.5,299.4,64.3,13.1,5.7,0,0000
T,2014,09,07,23,48,06
B,264973,18094,195,3447,160488,6068,195,3448,979.5,303.5
G,3094344,109002,182,3447,1824321,31472,145,3448,979.5,303.5
R,1284221,65418,8108,3447,762752,36660,8223,3448,979.5,303.5
D,NBXX,9999,2.567e-5,1.854e-5,1.087e-5,2.745e-6,2.841e-6,2.091e-6
Y,186463,979.5,303.5,299.3,64.2,13.1,5.7,0,0000
T,2014,09,07,23,53,06
B,265612,17812,200,3447,160511,5906,196,3447,979.5,303.4
G,3090243,106559,156,3447,1824168,30806,174,3447,979.5,303.4
R,1283710,65102,8028,3447,758491,36424,8068,3447,979.5,303.4
D,NBXX,9999,2.463e-5,1.777e-5,1.085e-5,2.177e-6,2.630e-6,2.123e-6
Y,186215,979.5,303.4,299.3,64.2,13.1,5.7,0,0000
T,2014,09,07,23,58,06
B,264932,17741,211,3448,159807,5910,212,3447,979.4,303.4
G,3093402,109140,149,3448,1821536,31243,159,3447,979.4,303.4
R,1283961,66434,8271,3448,759208,36630,7992,3447,979.4,303.4
D,NBXX,9999,2.445e-5,1.857e-5,1.155e-5,2.141e-6,2.770e-6,2.133e-6
Y,186352,979.4,303.4,299.3,64.2,13.1,5.7,0,0000
