T,2014,08,26,00,03,41
B,265132,21283,105,3448,161063,6556,82,3447,980.3,298.1
G,3241055,130980,90,3448,1908802,37435,63,3447,980.3,298.1
R,1288160,59610,3289,3448,760768,27228,3353,3447,980.3,298.1
D,NBXX,9999,3.568e-5,2.350e-5,1.400e-5,4.732e-6,4.168e-6,3.150e-6
Y,195282,980.3,298.1,293.7,58.0,13.0,5.7,0,0000
T,2014,08,26,00,08,41
B,267064,21291,114,3447,161326,6485,94,3447,980.3,298.1
G,3235702,131669,75,3447,1909448,37862,72,3447,980.3,298.1
R,1287747,59863,3448,3447,763651,27603,3370,3447,980.3,298.1
D,NBXX,9999,3.516e-5,2.378e-5,1.404e-5,4.294e-6,4.316e-6,3.254e-6
Y,195015,980.3,298.1,293.7,57.8,13.0,5.7,0,0000
T,2014,08,26,00,13,41
B,266029,21088,85,3447,161304,6438,82,3448,980.3,298.1
G,3238390,131315,72,3447,1912177,37720,65,3448,980.3,298.1
R,1286627,59210,3298,3447,761152,27147,3320,3448,980.3,298.1
D,NBXX,9999,3.493e-5,2.364e-5,1.381e-5,4.364e-6,4.263e-6,3.123e-6
Y,195177,980.3,298.1,293.7,57.8,13.0,5.7,0,0000
T,2014,08,26,00,18,41
B,266039,21652,53,3447,160686,6691,83,3447,980.4,298.1
G,3238609,134687,90,3447,1910186,38672,59,3447,980.4,298.1
R,1286814,60339,3359,3447,762796,27575,3244,3447,980.4,298.1
D,NBXX,9999,3.676e-5,2.466e-5,1.451e-5,5.253e-6,4.552e-6,3.399e-6
Y,195191,980.4,298.1,293.7,58.0,13.0,5.7,0,0000
T,2014,08,26,00,23,41
B,266040,21608,80,3448,161055,6767,95,3447,980.4,298.1
G,3239255,133742,68,3448,1909099,38521,74,3447,980.4,298.1
R,1287319,59962,3389,3448,760782,27609,3448,3447,980.4,298.1
D,NBXX,9999,3.649e-5,2.437e-5,1.410e-5,5.353e-6,4.509e-6,3.252e-6
Y,195173,980.4,298.1,293.7,58.0,13.0,5.7,0,0000
T,2014,08,26,00,28,41
B,246493,19743,83,3208,148235,6007,68,3209,980.4,298.1
G,2995194,122458,66,3208,1760709,35141,45,3209,980.4,298.1
R,1191013,54874,3147,3208,701902,25646,3006,3209,980.4,298.1
D,NBXX,9999,3.562e-5,2.398e-5,1.383e-5,4.516e-6,4.353e-6,3.445e-6
Y,193964,980.4,298.1,293.7,58.0,13.0,5.7,0,0008
T,2014,08,26,00,33,41
B,266485,21456,91,3447,160268,6663,77,3448,980.4,298.1
G,3236990,133532,92,3447,1904911,38474,49,3448,980.4,298.1
R,1287723,59833,3313,3447,757788,27803,3369,3448,980.4,298.1
D,NBXX,9999,3.594e-5,2.433e-5,1.412e-5,5.015e-6,4.497e-6,3.470e-6
Y,195093,980.4,298.1,293.7,58.1,13.0,5.7,0,0000
T,2014,08,26,00,38,41
B,261731,21161,102,3376,157379,6388,82,3377,980.4,298.1
G,3169028,130733,60,3376,1858487,37082,48,3377,980.4,298.1
R,1257996,58253,3274,3376,741492,26845,3318,3377,980.4,298.1
D,NBXX,9999,3.615e-5,2.434e-5,1.395e-5,4.461e-6,4.326e-6,3.224e-6
Y,195013,980.4,298.1,293.7,58.3,13.0,5.7,0,0008
T,2014,08,26,00,43,41
B,264394,22102,76,3448,160977,6645,92,3447,980.4,298.1
G,3234999,136125,86,3448,1896572,38152,75,3447,980.4,298.1
R,1285308,60457,3326,3448,755252,27759,3302,3447,980.4,298.1
D,NBXX,9999,3.845e-5,2.514e-5,1.460e-5,5.128e-6,4.405e-6,3.513e-6
Y,194915,980.4,298.1,293.6,58.3,13.0,5.7,0,0000
T,2014,08,26,00,48,41
B,267093,22348,85,3447,160721,6738,96,3447,980.5,298.1
G,3234342,136705,62,3447,1905745,38380,56,3447,980.5,298.1
R,1286453,60911,3289,3447,758907,27944,3308,3447,980.5,298.1
D,NBXX,9999,3.847e-5,2.534e-5,1.485e-5,5.159e-6,4.489e-6,3.621e-6
Y,194932,980.5,298.1,293.6,58.3,13.0,5.7,0,0000
T,2014,08,26,00,53,41
B,266017,22582,78,3447,161523,6591,79,3448,980.5,298.1
G,3236194,137608,83,3447,1908986,38890,59,3448,980.5,298.1
R,1285796,60918,3292,3447,759979,27955,3352,3448,980.5,298.1
D,NBXX,9999,3.954e-5,2.558e-5,1.484e-5,4.869e-6,4.626e-6,3.596e-6
Y,195044,980.5,298.1,293.6,58.3,13.0,5.7,0,0000
T,2014,08,26,00,58,41
B,266432,24128,93,3447,161462,6976,82,3447,980.5,298.1
G,3231120,146979,67,3447,1905296,40620,54,3447,980.5,298.1
R,1284657,63398,3330,3447,758974,28197,3288,3447,980.5,298.1
D,NBXX,9999,4.409e-5,2.852e-5,1.641e-5,5.956e-6,5.184e-6,3.779e-6
Y,194737,980.5,298.1,293.7,58.3,13.1,5.7,0,0000
T,2014,08,26,01,03,41
B,266482,24359,85,3448,161805,7036,78,3447,980.4,298.1
G,3237223,151353,103,3448,1906248,41523,56,3447,980.4,298.1
R,1287145,64420,3353,3448,758018,28503,3180,3447,980.4,298.1
D,NBXX,9999,4.483e-5,2.976e-5,1.706e-5,6.184e-6,5.426e-6,4.022e-6
Y,195050,980.4,298.1,293.7,58.5,13.0,5.7,0,0000
T,2014,08,26,01,08,41
B,265671,23940,83,3447,160199,7004,97,3447,980.5,298.1
G,3233452,148970,75,3447,1893334,41300,44,3447,980.5,298.1
R,1285884,64130,3306,3447,755956,28722,3278,3447,980.5,298.1
D,NBXX,9999,4.371e-5,2.910e-5,1.685e-5,6.084e-6,5.383e-6,4.115e-6
Y,194879,980.5,298.1,293.7,58.3,13.0,5.7,0,0000
T,2014,08,26,01,13,41
B,263169,23971,73,3421,160947,6906,73,3422,980.5,298.1
G,3209099,145973,73,3421,1897544,40273,58,3422,980.5,298.1
R,1277223,62711,3250,3421,754984,27910,3158,3422,980.5,298.1
D,NBXX,9999,4.462e-5,2.852e-5,1.634e-5,6.094e-6,5.155e-6,3.822e-6
Y,194881,980.5,298.1,293.7,58.5,13.0,5.7,0,0008
T,2014,08,26,01,18,41
B,264777,23826,99,3447,161389,6834,90,3447,980.5,298.1
G,3236946,147387,99,3447,1907685,40304,64,3447,980.5,298.1
R,1285370,63542,3326,3447,758635,28129,3365,3447,980.5,298.1
D,NBXX,9999,4.357e-5,2.855e-5,1.643e-5,5.599e-6,5.050e-6,3.678e-6
Y,195090,980.5,298.1,293.7,58.5,13.0,5.7,0,0000
T,2014,08,26,01,23,41
B,266010,24054,83,3448,159831,6733,87,3447,980.5,298.1
G,3236800,148521,65,3448,1891582,40389,63,3447,980.5,298.1
R,1284803,64085,3326,3448,753383,28394,3349,3447,980.5,298.1
D,NBXX,9999,4.400e-5,2.891e-5,1.679e-5,5.269e-6,5.093e-6,3.863e-6
Y,195024,980.5,298.1,293.8,58.5,13.0,5.7,0,0000
T,2014,08,26,01,28,41
B,265148,23887,97,3447,161158,7020,62,3447,980.5,298.1
G,3231826,147257,87,3447,1902573,40460,66,3447,980.5,298.1
R,1286672,63486,3309,3447,756277,28620,3275,3447,980.5,298.1
D,NBXX,9999,4.376e-5,2.858e-5,1.644e-5,6.249e-6,5.121e-6,4.044e-6
Y,194780,980.5,298.1,293.8,58.5,12.9,5.7,0,0000
T,2014,08,26,01,33,41
B,266700,24112,54,3447,159769,6971,89,3448,980.5,298.1
G,3233935,146951,77,3447,1902880,40265,56,3448,980.5,298.1
R,1285466,63385,3368,3447,757316,28748,3401,3448,980.5,298.1
D,NBXX,9999,4.408e-5,2.847e-5,1.628e-5,6.027e-6,5.057e-6,3.998e-6
Y,194908,980.5,298.1,293.8,58.6,13.1,5.7,0,0000
T,2014,08,26,01,38,41
B,267095,23936,78,3447,159838,6793,76,3447,980.5,298.1
G,3236073,147156,75,3447,1899747,40492,64,3447,980.5,298.1
R,1285677,63014,3243,3447,757239,28307,3189,3447,980.5,298.1
D,NBXX,9999,4.340e-5,2.850e-5,1.628e-5,5.421e-6,5.120e-6,3.970e-6
Y,195037,980.5,298.1,293.8,58.6,13.0,5.7,0,0000
T,2014,08,26,01,43,41
B,264535,23989,125,3425,159739,6905,112,3423,980.4,298.1
G,3215120,147521,63,3425,1887745,40306,65,3423,980.4,298.1
R,1278800,63499,3263,3425,750768,28329,3262,3423,980.4,298.1
D,NBXX,9999,4.397e-5,2.891e-5,1.672e-5,5.678e-6,5.154e-6,4.008e-6
Y,195019,980.4,298.1,293.8,58.6,13.0,5.7,0,0008
T,2014,08,26,01,48,41
B,265711,24265,79,3447,160546,6906,107,3447,980.4,298.1
G,3237381,148662,71,3447,1899724,40842,58,3447,980.4,298.1
R,1284078,63632,3207,3447,756725,28397,3308,3447,980.4,298.1
D,NBXX,9999,4.467e-5,2.894e-5,1.667e-5,5.759e-6,5.225e-6,3.995e-6
Y,195116,980.4,298.1,293.8,58.8,13.0,5.7,0,0000
T,2014,08,26,01,53,41
B,265646,24367,74,3447,160657,6792,75,3448,980.4,298.1
G,3235054,150112,71,3447,1895695,41067,74,3448,980.4,298.1
R,1283417,63813,3284,3447,754056,28707,3190,3448,980.4,298.1
D,NBXX,9999,4.513e-5,2.941e-5,1.683e-5,5.540e-6,5.293e-6,4.218e-6
Y,194975,980.4,298.1,293.8,58.8,13.0,5.7,0,0000
T,2014,08,26,01,58,41
B,266360,24364,94,3447,161333,6884,98,3447,980.5,298.1
G,3235061,149787,75,3447,1908137,41419,51,3447,980.5,298.1
R,1285062,63428,3215,3447,758966,28355,3252,3447,980.5,298.1
D,NBXX,9999,4.478e-5,2.932e-5,1.653e-5,5.621e-6,5.411e-6,3.981e-6
Y,194976,980.5,298.1,293.8,58.8,13.0,5.7,0,0000
T,2014,08,26,02,03,41
B,266520,24841,78,3448,161276,6871,88,3447,980.4,298.1
G,3238909,152630,93,3448,1901067,41582,56,3447,980.4,298.1
R,1283465,64473,3209,3448,756201,28590,3247,3447,980.4,298.1
D,NBXX,9999,4.628e-5,3.013e-5,1.725e-5,5.667e-6,5.441e-6,4.167e-6
Y,195152,980.4,298.1,293.8,58.8,13.0,5.7,0,0000
T,2014,08,26,02,08,41
B,265986,26566,92,3447,161060,7364,71,3447,980.4,298.1
G,3234710,163675,90,3447,1898642,43724,68,3447,980.4,298.1
R,1284980,67820,3269,3447,757298,29026,3135,3447,980.4,298.1
D,NBXX,9999,5.172e-5,3.355e-5,1.931e-5,7.221e-6,6.104e-6,4.453e-6
Y,194955,980.4,298.1,293.9,58.8,13.0,5.7,0,0000
T,2014,08,26,02,13,41
B,265213,26648,75,3422,158785,7357,78,3422,980.3,298.1
G,3210067,164586,69,3422,1880958,43785,64,3422,980.3,298.1
R,1275239,67505,3233,3422,749815,29182,3088,3422,980.3,298.1
D,NBXX,9999,5.224e-5,3.423e-5,1.946e-5,7.299e-6,6.234e-6,4.712e-6
Y,194883,980.3,298.1,293.9,58.8,13.0,5.7,0,0008
T,2014,08,26,02,18,41
B,265558,26419,82,3447,160592,7487,94,3448,980.3,298.2
G,3235664,163948,64,3447,1899627,43545,75,3448,980.3,298.2
R,1286883,67431,3182,3447,756985,29370,3271,3448,980.3,298.2
D,NBXX,9999,5.135e-5,3.363e-5,1.898e-5,7.581e-6,6.049e-6,4.606e-6
Y,195012,980.3,298.2,293.9,58.8,13.0,5.7,0,0000
T,2014,08,26,02,23,41
B,267111,26515,65,3447,161025,7237,94,3447,980.3,298.2
G,3237643,163458,61,3447,1902950,43496,85,3447,980.3,298.2
R,1283055,67285,3200,3447,757114,29451,3169,3447,980.3,298.2
D,NBXX,9999,5.124e-5,3.345e-5,1.906e-5,6.756e-6,6.027e-6,4.761e-6
Y,195132,980.3,298.2,293.9,58.8,13.0,5.7,0,0000
T,2014,08,26,02,28,41
B,267089,26119,97,3448,160693,7271,83,3447,980.3,298.2
G,3239749,162482,63,3448,1902241,43820,58,3447,980.3,298.2
R,1285358,67244,3182,3448,758465,29148,3217,3447,980.3,298.2
D,NBXX,9999,4.996e-5,3.312e-5,1.895e-5,6.793e-6,6.130e-6,4.533e-6
Y,195203,980.3,298.2,293.9,58.8,13.0,5.7,0,0000
T,2014,08,26,02,33,41
B,266570,25242,74,3447,160157,7179,58,3447,980.4,298.2
G,3238595,157621,68,3447,1896972,42191,60,3447,980.4,298.2
R,1283796,66691,3223,3447,754793,29043,3168,3447,980.4,298.2
D,NBXX,9999,4.761e-5,3.166e-5,1.866e-5,6.718e-6,5.632e-6,4.485e-6
Y,195190,980.4,298.2,293.9,58.8,13.0,5.7,0,0000
T,2014,08,26,02,38,41
B,265833,24680,84,3447,161512,7010,78,3448,980.4,298.2
G,3239135,152869,63,3447,1910280,41233,76,3448,980.4,298.2
R,1288914,64738,3184,3447,760241,28617,3299,3448,980.4,298.2
D,NBXX,9999,4.599e-5,3.020e-5,1.725e-5,6.147e-6,5.330e-6,4.101e-6
Y,195222,980.4,298.2,293.9,58.6,13.0,5.7,0,0000
T,2014,08,26,02,43,41
B,266517,24361,71,3447,159231,7116,108,3447,980.3,298.2
G,3235353,151255,105,3447,1890361,41120,68,3447,980.3,298.2
R,1286443,64245,3227,3447,751665,28849,3244,3447,980.3,298.2
D,NBXX,9999,4.477e-5,2.975e-5,1.702e-5,6.363e-6,5.302e-6,4.281e-6
Y,194994,980.3,298.2,293.9,58.6,13.0,5.7,0,0000
T,2014,08,26,02,48,41
B,266057,24499,84,3448,160738,6844,83,3447,980.3,298.2
G,3239512,152504,85,3448,1905285,40573,52,3447,980.3,298.2
R,1286334,64252,3297,3448,760666,28151,3151,3447,980.3,298.2
D,NBXX,9999,4.536e-5,3.008e-5,1.704e-5,5.616e-6,5.136e-6,3.874e-6
Y,195188,980.3,298.2,293.9,58.6,13.0,5.7,0,0000
T,2014,08,26,02,53,41
B,265341,24567,76,3447,160709,6867,107,3447,980.3,298.2
G,3236680,152434,62,3447,1895593,40627,46,3447,980.3,298.2
R,1286336,65055,3197,3447,756684,28383,3240,3447,980.3,298.2
D,NBXX,9999,4.571e-5,3.011e-5,1.754e-5,5.679e-6,5.169e-6,4.020e-6
Y,195074,980.3,298.2,293.9,58.8,13.0,5.7,0,0000
T,2014,08,26,02,58,41
B,266674,24422,103,3447,161462,7174,76,3448,980.2,298.2
G,3240549,152752,40,3447,1911594,40719,40,3448,980.2,298.2
R,1286358,64425,3211,3447,759143,28625,3216,3448,980.2,298.2
D,NBXX,9999,4.491e-5,3.016e-5,1.716e-5,6.522e-6,5.189e-6,4.171e-6
Y,195308,980.2,298.2,293.9,58.8,13.0,5.7,0,0000
T,2014,08,26,03,03,41
B,266075,24530,93,3447,162353,6856,66,3447,980.2,298.2
G,3234920,151283,78,3447,1910916,40387,83,3447,980.2,298.2
R,1286594,64464,3334,3447,759752,28246,3200,3447,980.2,298.2
D,NBXX,9999,4.548e-5,2.977e-5,1.710e-5,5.674e-6,5.084e-6,3.864e-6
Y,194967,980.2,298.2,293.9,58.8,13.0,5.7,0,0000
T,2014,08,26,03,08,41
B,266964,24556,101,3448,159928,6971,94,3447,980.3,298.2
G,3239797,152911,66,3448,1902402,41007,61,3447,980.3,298.2
R,1285596,64451,3202,3448,757364,28255,3169,3447,980.3,298.2
D,NBXX,9999,4.518e-5,3.021e-5,1.724e-5,5.835e-6,5.270e-6,4.000e-6
Y,195206,980.3,298.2,293.9,59.0,13.0,5.7,0,0000
T,2014,08,26,03,13,41
B,265760,24818,107,3447,160256,6833,71,3447,980.2,298.2
G,3235953,153812,80,3447,1899665,40699,71,3447,980.2,298.2
R,1284850,65142,3286,3447,758582,28429,3299,3447,980.2,298.2
D,NBXX,9999,4.638e-5,3.053e-5,1.753e-5,5.560e-6,5.179e-6,3.957e-6
Y,195030,980.2,298.2,293.9,59.0,13.0,5.7,0,0000
T,2014,08,26,03,18,41
B,266020,24765,109,3447,161128,6909,66,3448,980.2,298.2
G,3239094,153655,74,3447,1908169,40976,75,3448,980.2,298.2
R,1284083,65035,3180,3447,761255,28690,3326,3448,980.2,298.2
D,NBXX,9999,4.616e-5,3.043e-5,1.755e-5,5.777e-6,5.248e-6,4.178e-6
Y,195220,980.2,298.2,293.9,59.0,13.0,5.7,0,0000
T,2014,08,26,03,23,41
B,266099,25045,72,3447,161798,6951,90,3447,980.2,298.2
G,3234568,154278,68,3447,1906230,40987,67,3447,980.2,298.2
R,1285734,65259,3242,3447,760587,28546,3198,3447,980.2,298.2
D,NBXX,9999,4.704e-5,3.070e-5,1.768e-5,5.952e-6,5.278e-6,4.124e-6
Y,194946,980.2,298.2,293.9,59.0,13.0,5.7,0,0000
T,2014,08,26,03,28,41
B,266100,24875,76,3448,161230,6800,69,3447,980.1,298.2
G,3236358,154481,65,3448,1904736,41012,54,3447,980.1,298.2
R,1286660,66058,3208,3448,758642,28428,3298,3447,980.1,298.2
D,NBXX,9999,4.657e-5,3.074e-5,1.810e-5,5.556e-6,5.288e-6,4.000e-6
Y,194998,980.1,298.2,293.9,59.0,13.0,5.7,0,0000
T,2014,08,26,03,33,41
B,267177,24758,82,3447,161086,6798,74,3447,980.1,298.2
G,3235148,153681,54,3447,1908012,40481,83,3447,980.1,298.2
R,1286120,65178,3202,3447,760636,28373,3245,3447,980.1,298.2
D,NBXX,9999,4.588e-5,3.050e-5,1.762e-5,5.423e-6,5.121e-6,4.009e-6
Y,194981,980.1,298.2,293.9,59.1,13.0,5.7,0,0000
T,2014,08,26,03,38,41
B,265992,24601,65,3447,161025,6827,97,3448,980.0,298.2
G,3232882,153506,63,3447,1902705,40786,78,3448,980.0,298.2
R,1285010,65316,3145,3447,756501,28400,3134,3448,980.0,298.2
D,NBXX,9999,4.571e-5,3.048e-5,1.785e-5,5.575e-6,5.217e-6,4.152e-6
Y,194844,980.0,298.2,293.9,59.1,13.0,5.7,0,0000
T,2014,08,26,03,43,41
B,265791,25114,101,3447,160497,6882,101,3447,980.0,298.2
G,3234158,155249,67,3447,1893853,41194,59,3447,980.0,298.2
R,1283244,65865,3277,3447,754328,28533,3150,3447,980.0,298.2
D,NBXX,9999,4.720e-5,3.100e-5,1.814e-5,5.623e-6,5.346e-6,4.151e-6
Y,194921,980.0,298.2,293.9,59.3,13.0,5.7,0,0000
T,2014,08,26,03,48,41
B,266822,25259,95,3448,161753,7011,84,3447,979.9,298.2
G,3235137,155160,75,3448,1912838,41272,54,3447,979.9,298.2
R,1286389,66264,3252,3448,760861,28468,3205,3447,979.9,298.2
D,NBXX,9999,4.742e-5,3.096e-5,1.827e-5,6.025e-6,5.368e-6,4.062e-6
Y,194924,979.9,298.2,293.9,59.3,13.0,5.7,0,0000
T,2014,08,26,03,53,41
B,265264,25397,87,3447,160707,6921,94,3447,979.9,298.2
G,3234109,155688,63,3447,1899733,41366,80,3447,979.9,298.2
R,1285894,66037,3324,3447,756838,28704,3239,3447,979.9,298.2
D,NBXX,9999,4.829e-5,3.113e-5,1.807e-5,5.857e-6,5.392e-6,4.132e-6
Y,194918,979.9,298.2,293.9,59.4,13.0,5.7,0,0000
T,2014,08,26,03,58,41
B,266811,25275,59,3447,161013,6999,86,3448,979.9,298.2
G,3239326,156434,44,3447,1893147,41396,56,3448,979.9,298.2
R,1287371,65691,3173,3447,754310,28538,3220,3448,979.9,298.2
D,NBXX,9999,4.759e-5,3.130e-5,1.794e-5,6.097e-6,5.393e-6,4.132e-6
Y,195234,979.9,298.2,293.9,59.4,13.0,5.7,0,0000
T,2014,08,26,04,03,41
B,265771,24859,69,3447,160470,7128,101,3447,980.0,298.2
G,3230427,154338,78,3447,1902412,41360,57,3447,980.0,298.2
R,1283325,66006,3186,3447,758370,28633,3225,3447,980.0,298.2
D,NBXX,9999,4.653e-5,3.077e-5,1.823e-5,6.491e-6,5.408e-6,4.223e-6
Y,194695,980.0,298.2,293.9,59.6,13.0,5.7,0,0000
T,2014,08,26,04,08,41
B,266347,24657,94,3448,162255,6921,78,3447,980.0,298.2
G,3236270,155069,56,3448,1913185,40976,65,3447,980.0,298.2
R,1284701,65761,3262,3448,761547,28692,3186,3447,980.0,298.2
D,NBXX,9999,4.574e-5,3.092e-5,1.802e-5,5.812e-6,5.277e-6,4.223e-6
Y,194992,980.0,298.2,293.9,59.6,13.0,5.7,0,0000
T,2014,08,26,04,13,41
B,265818,24603,84,3447,161485,7003,64,3447,980.0,298.2
G,3234593,154069,87,3447,1903034,40907,54,3447,980.0,298.2
R,1285781,65537,3243,3447,756883,28590,3180,3447,980.0,298.2
D,NBXX,9999,4.581e-5,3.063e-5,1.787e-5,6.183e-6,5.251e-6,4.163e-6
Y,194948,980.0,298.2,293.9,59.6,13.0,5.7,0,0000
T,2014,08,26,04,18,41
B,266397,25241,93,3447,160887,6956,78,3447,980.0,298.2
G,3233600,155510,85,3447,1907038,40848,46,3447,980.0,298.2
R,1286318,65745,3200,3447,759903,28822,3304,3447,980.0,298.2
D,NBXX,9999,4.752e-5,3.109e-5,1.792e-5,5.912e-6,5.241e-6,4.242e-6
Y,194887,980.0,298.2,293.9,59.4,13.0,5.7,0,0000
T,2014,08,26,04,23,41
B,266265,24953,70,3447,161173,6771,75,3448,980.0,298.2
G,3235810,154038,80,3447,1909940,40746,63,3448,980.0,298.2
R,1287621,66054,3167,3447,760611,28101,3217,3448,980.0,298.2
D,NBXX,9999,4.677e-5,3.060e-5,1.816e-5,5.443e-6,5.193e-6,3.867e-6
Y,195021,980.0,298.2,293.9,59.6,13.0,5.7,0,0000
T,2014,08,26,04,28,41
B,266744,24891,88,3447,161386,6698,96,3447,980.1,298.2
G,3238719,156753,70,3447,1906751,40680,54,3447,980.1,298.2
R,1285846,66128,3295,3447,758895,28817,3347,3447,980.1,298.2
D,NBXX,9999,4.631e-5,3.139e-5,1.807e-5,5.052e-6,5.172e-6,4.146e-6
Y,195197,980.1,298.2,293.9,59.6,13.0,5.7,0,0000
T,2014,08,26,04,33,41
B,266437,24957,83,3448,161796,6912,73,3447,980.1,298.2
G,3237273,155091,78,3448,1908463,40510,57,3447,980.1,298.2
R,1286508,65976,3308,3448,761918,28586,3220,3447,980.1,298.2
D,NBXX,9999,4.669e-5,3.090e-5,1.804e-5,5.834e-6,5.126e-6,4.083e-6
Y,195053,980.1,298.2,293.9,59.8,13.0,5.7,0,0000
T,2014,08,26,04,38,41
B,265665,24870,76,3447,161411,6900,62,3447,980.0,298.2
G,3235220,155499,75,3447,1903842,40764,52,3447,980.0,298.2
R,1287469,65619,3166,3447,757838,28415,3170,3447,980.0,298.2
D,NBXX,9999,4.671e-5,3.106e-5,1.793e-5,5.915e-6,5.210e-6,4.100e-6
Y,194985,980.0,298.2,293.9,59.9,13.0,5.7,0,0000
T,2014,08,26,04,43,41
B,266469,25025,87,3447,161090,6727,69,3448,980.0,298.2
G,3238920,156690,88,3447,1911062,40510,45,3448,980.0,298.2
R,1285643,65811,3222,3447,757941,28513,3241,3448,980.0,298.2
D,NBXX,9999,4.689e-5,3.137e-5,1.801e-5,5.254e-6,5.113e-6,4.084e-6
Y,195209,980.0,298.2,293.9,60.1,13.1,5.7,0,0000
T,2014,08,26,04,48,41
B,267213,25111,98,3447,160962,7070,96,3447,980.0,298.2
G,3233883,156392,74,3447,1902947,40657,59,3447,980.0,298.2
R,1286745,65839,3309,3447,759161,28712,3299,3447,980.0,298.2
D,NBXX,9999,4.681e-5,3.135e-5,1.789e-5,6.115e-6,5.180e-6,4.096e-6
Y,194905,980.0,298.2,293.9,60.1,13.0,5.7,0,0000
T,2014,08,26,04,53,41
B,265749,25074,69,3448,161442,6991,70,3447,980.0,298.1
G,3236497,157318,94,3448,1901886,40898,55,3447,980.0,298.1
R,1287977,66730,3200,3448,756186,28523,3214,3447,980.0,298.1
D,NBXX,9999,4.730e-5,3.159e-5,1.854e-5,6.189e-6,5.242e-6,4.110e-6
Y,195006,980.0,298.1,293.8,60.1,13.0,5.7,0,0000
T,2014,08,26,04,58,41
B,266617,25035,78,3447,160648,6859,89,3447,980.0,298.1
G,3233372,156433,76,3447,1895384,40841,73,3447,980.0,298.1
R,1282745,66279,3195,3447,756700,28560,3278,3447,980.0,298.1
D,NBXX,9999,4.684e-5,3.137e-5,1.837e-5,5.613e-6,5.233e-6,4.140e-6
Y,194874,980.0,298.1,293.8,60.1,13.0,5.7,0,0000
T,2014,08,26,05,03,41
B,265904,24882,82,3447,161322,7054,91,3448,980.0,298.1
G,3237352,155780,52,3447,1907058,40654,50,3448,980.0,298.1
R,1283656,65841,3289,3447,759178,28762,3305,3448,980.0,298.1
D,NBXX,9999,4.655e-5,3.112e-5,1.799e-5,6.237e-6,5.174e-6,4.164e-6
Y,195114,980.0,298.1,293.8,60.1,13.0,5.7,0,0000
T,2014,08,26,05,08,41
B,263267,24608,72,3417,161117,6728,77,3417,980.1,298.1
G,3207448,153767,70,3417,1887534,40166,51,3417,980.1,298.1
R,1273360,65376,3201,3417,751343,28028,3111,3417,980.1,298.1
D,NBXX,9999,4.655e-5,3.094e-5,1.819e-5,5.532e-6,5.136e-6,4.021e-6
Y,195009,980.1,298.1,293.8,60.3,13.0,5.7,0,0008
T,2014,08,26,05,13,41
B,267454,24676,99,3448,161317,6922,105,3447,980.2,298.1
G,3239248,153958,78,3448,1910473,40644,69,3447,980.2,298.1
R,1286580,65662,3052,3448,759829,28380,3232,3447,980.2,298.1
D,NBXX,9999,4.538e-5,3.053e-5,1.802e-5,5.617e-6,5.155e-6,4.129e-6
Y,195172,980.2,298.1,293.8,60.3,13.0,5.7,0,0000
T,2014,08,26,05,18,41
B,267261,24680,88,3447,162171,6716,83,3447,980.2,298.1
G,3234036,154444,95,3447,1908816,40401,60,3447,980.2,298.1
R,1283825,65409,3118,3447,759871,28563,3175,3447,980.2,298.1
D,NBXX,9999,4.556e-5,3.075e-5,1.793e-5,5.114e-6,5.094e-6,4.259e-6
Y,194914,980.2,298.1,293.8,60.3,13.1,5.7,0,0000
T,2014,08,26,05,23,41
B,246165,22735,75,3184,148489,6308,69,3186,980.2,298.1
G,2993178,142149,86,3184,1758868,37483,65,3186,980.2,298.1
R,1190383,60764,2948,3184,700257,25958,2955,3186,980.2,298.1
D,NBXX,9999,4.562e-5,3.048e-5,1.796e-5,5.557e-6,5.113e-6,3.847e-6
Y,195300,980.2,298.1,293.8,60.4,13.0,5.7,0,0008
T,2014,08,26,05,28,41
B,265438,24381,95,3425,160077,6722,89,3425,980.3,298.1
G,3217862,151616,69,3425,1888827,39741,68,3425,980.3,298.1
R,1277458,65049,3213,3425,751391,27932,3112,3425,980.3,298.1
D,NBXX,9999,4.511e-5,3.012e-5,1.787e-5,5.223e-6,4.960e-6,3.910e-6
Y,195186,980.3,298.1,293.8,60.4,13.0,5.7,0,0008
T,2014,08,26,05,33,41
B,266609,24438,85,3448,161559,6795,61,3447,980.2,298.1
G,3235414,154551,80,3448,1908612,40088,58,3447,980.2,298.1
R,1285771,65757,3177,3448,759497,28284,3224,3447,980.2,298.1
D,NBXX,9999,4.509e-5,3.077e-5,1.802e-5,5.499e-6,5.003e-6,3.995e-6
Y,194940,980.2,298.1,293.8,60.4,13.0,5.7,0,0000
T,2014,08,26,05,38,41
B,266157,24634,97,3447,162467,6667,78,3447,980.2,298.1
G,3231265,153659,87,3447,1909445,40224,67,3447,980.2,298.1
R,1287621,65415,3314,3447,760180,28258,3148,3447,980.2,298.1
D,NBXX,9999,4.572e-5,3.055e-5,1.771e-5,5.033e-6,5.051e-6,3.912e-6
Y,194746,980.2,298.1,293.8,60.6,13.1,5.7,0,0000
T,2014,08,26,05,43,41
B,266132,23922,82,3447,162242,6803,74,3448,980.3,298.1
G,3239211,151466,76,3447,1911595,39774,60,3448,980.3,298.1
R,1286256,65424,3245,3447,760406,28209,3181,3448,980.3,298.1
D,NBXX,9999,4.361e-5,2.977e-5,1.778e-5,5.512e-6,4.886e-6,3.917e-6
Y,195227,980.3,298.1,293.8,60.6,13.0,5.7,0,0000
T,2014,08,26,05,48,41
B,267213,24148,100,3447,162502,6820,90,3447,980.3,298.1
G,3237053,151431,71,3447,1912508,39854,83,3447,980.3,298.1
R,1286466,64808,3245,3447,762920,28345,3011,3447,980.3,298.1
D,NBXX,9999,4.389e-5,2.978e-5,1.752e-5,5.368e-6,4.916e-6,4.125e-6
Y,195096,980.3,298.1,293.8,60.6,13.0,5.7,0,0000
T,2014,08,26,05,53,41
B,267119,24262,91,3448,162629,6852,79,3447,980.3,298.1
G,3237333,151500,90,3448,1913497,39864,47,3447,980.3,298.1
R,1287335,65159,3154,3448,761983,28270,3274,3447,980.3,298.1
D,NBXX,9999,4.433e-5,2.981e-5,1.759e-5,5.549e-6,4.928e-6,3.951e-6
Y,195057,980.3,298.1,293.8,60.7,13.0,5.7,0,0000
T,2014,08,26,05,58,41
B,267331,23644,96,3447,161899,6791,72,3447,980.3,298.1
G,3238183,149665,61,3447,1908478,39503,56,3447,980.3,298.1
R,1285797,64451,3180,3447,760644,27899,3245,3447,980.3,298.1
D,NBXX,9999,4.240e-5,2.924e-5,1.719e-5,5.348e-6,4.818e-6,3.736e-6
Y,195165,980.3,298.1,293.8,60.7,13.0,5.7,0,0000
T,2014,08,26,06,03,41
B,266146,24068,73,3447,162468,6909,113,3448,980.3,298.1
G,3238656,149886,62,3447,1913448,39503,68,3448,980.3,298.1
R,1284898,64957,3160,3447,763356,27885,3240,3448,980.3,298.1
D,NBXX,9999,4.395e-5,2.930e-5,1.755e-5,5.729e-6,4.808e-6,3.750e-6
Y,195193,980.3,298.1,293.8,60.7,13.0,5.7,0,0000
T,2014,08,26,06,08,41
B,266664,24225,90,3447,160802,6924,80,3447,980.3,298.1
G,3238399,152841,75,3447,1907797,39828,54,3447,980.3,298.1
R,1284283,65186,3186,3447,759389,27981,3097,3447,980.3,298.1
D,NBXX,9999,4.434e-5,3.020e-5,1.779e-5,5.797e-6,4.912e-6,3.903e-6
Y,195178,980.3,298.1,293.8,60.9,13.0,5.7,0,0000
T,2014,08,26,06,13,41
B,266183,23827,107,3448,160735,6815,89,3447,980.3,298.1
G,3237854,148345,96,3448,1907796,39377,63,3447,980.3,298.1
R,1284671,64123,3100,3448,758555,27724,3212,3447,980.3,298.1
D,NBXX,9999,4.317e-5,2.883e-5,1.710e-5,5.415e-6,4.769e-6,3.724e-6
Y,195088,980.3,298.1,293.8,60.9,13.0,5.7,0,0000
T,2014,08,26,06,18,41
B,265568,23236,88,3425,159900,6906,77,3425,980.4,298.1
G,3215814,147449,72,3425,1895531,39459,75,3425,980.4,298.1
R,1276628,63674,3144,3425,753792,27662,3104,3425,980.4,298.1
D,NBXX,9999,4.163e-5,2.887e-5,1.709e-5,5.845e-6,4.877e-6,3.807e-6
Y,195061,980.4,298.1,293.8,60.9,13.0,5.7,0,0008
T,2014,08,26,06,23,41
B,266995,23776,94,3447,162125,6680,73,3448,980.4,298.1
G,3235115,147981,74,3447,1903657,39586,36,3448,980.4,298.1
R,1286566,64310,3269,3447,758743,28009,3117,3448,980.4,298.1
D,NBXX,9999,4.289e-5,2.877e-5,1.712e-5,5.033e-6,4.854e-6,3.820e-6
Y,194979,980.4,298.1,293.8,60.9,13.0,5.7,0,0000
T,2014,08,26,06,28,41
B,266425,23700,88,3447,161697,6656,106,3447,980.4,298.1
G,3233656,149073,65,3447,1909384,39474,53,3447,980.4,298.1
R,1281691,64120,3118,3447,758959,27667,3081,3447,980.4,298.1
D,NBXX,9999,4.272e-5,2.913e-5,1.726e-5,4.912e-6,4.826e-6,3.795e-6
Y,194891,980.4,298.1,293.8,61.1,13.0,5.7,0,0000
T,2014,08,26,06,33,41
B,267367,23729,66,3447,161207,6736,70,3447,980.4,298.1
G,3233642,148142,82,3447,1902955,39423,58,3447,980.4,298.1
R,1286534,64247,3056,3447,757349,28115,3135,3447,980.4,298.1
D,NBXX,9999,4.276e-5,2.883e-5,1.722e-5,5.291e-6,4.802e-6,4.029e-6
Y,194890,980.4,298.1,293.7,61.1,13.0,5.7,0,0000
T,2014,08,26,06,38,41
B,267475,23570,73,3448,161185,6708,89,3447,980.4,298.0
G,3236730,147792,76,3448,1900573,39238,71,3447,980.4,298.0
R,1284204,64085,3048,3448,756719,27929,3206,3447,980.4,298.0
D,NBXX,9999,4.216e-5,2.868e-5,1.713e-5,5.112e-6,4.735e-6,3.897e-6
Y,195020,980.4,298.0,293.7,61.2,13.0,5.7,0,0000
T,2014,08,26,06,43,41
B,267701,23759,68,3447,161611,6737,72,3447,980.5,298.0
G,3237899,148005,85,3447,1899654,39090,77,3447,980.5,298.0
R,1283701,63882,3185,3447,757138,27803,3196,3447,980.5,298.0
D,NBXX,9999,4.275e-5,2.873e-5,1.691e-5,5.255e-6,4.677e-6,3.715e-6
Y,195148,980.5,298.0,293.7,61.2,13.0,5.7,0,0000
T,2014,08,26,06,48,41
B,266372,23662,106,3447,160142,6583,62,3448,980.5,298.0
G,3234498,147766,71,3447,1897043,39221,61,3448,980.5,298.0
R,1283774,63924,3173,3447,756447,27610,3163,3448,980.5,298.0
D,NBXX,9999,4.271e-5,2.871e-5,1.696e-5,4.779e-6,4.737e-6,3.624e-6
Y,194942,980.5,298.0,293.7,61.4,13.0,5.7,0,0000
T,2014,08,26,06,53,41
B,267632,23792,82,3447,160758,6757,65,3447,980.5,298.0
G,3235148,147948,45,3447,1893971,39431,52,3447,980.5,298.0
R,1283337,64614,3069,3447,755841,28190,3113,3447,980.5,298.0
D,NBXX,9999,4.284e-5,2.877e-5,1.751e-5,5.296e-6,4.814e-6,4.100e-6
Y,194981,980.5,298.0,293.7,61.4,13.0,5.7,0,0000
T,2014,08,26,06,58,41
B,266917,23577,89,3448,160931,6515,81,3447,980.4,298.0
G,3236204,148738,54,3448,1898426,39756,61,3447,980.4,298.0
R,1285552,64361,3139,3448,758177,27883,3159,3447,980.4,298.0
D,NBXX,9999,4.230e-5,2.899e-5,1.724e-5,4.536e-6,4.907e-6,3.824e-6
Y,194988,980.4,298.0,293.7,61.4,13.0,5.7,0,0000
T,2014,08,26,07,03,41
B,266785,23662,99,3447,161039,6704,89,3447,980.4,298.0
G,3230438,148637,75,3447,1902366,39289,46,3447,980.4,298.0
R,1282473,64450,3031,3447,757877,27902,3204,3447,980.4,298.0
D,NBXX,9999,4.253e-5,2.904e-5,1.742e-5,5.053e-6,4.780e-6,3.907e-6
Y,194696,980.4,298.0,293.7,61.4,13.0,5.7,0,0000
T,2014,08,26,07,08,41
B,262785,23479,68,3387,158768,6659,74,3388,980.5,298.0
G,3183408,147251,66,3387,1873719,38560,55,3388,980.5,298.0
R,1264943,63809,3192,3387,744218,27203,3079,3388,980.5,298.0
D,NBXX,9999,4.321e-5,2.928e-5,1.746e-5,5.374e-6,4.727e-6,3.602e-6
Y,195263,980.5,298.0,293.7,61.6,13.0,5.7,0,0008
T,2014,08,26,07,13,41
B,266521,23746,71,3425,160942,6701,64,3426,980.5,298.0
G,3217242,148807,89,3425,1911026,39524,39,3426,980.5,298.0
R,1278602,64787,3212,3425,758920,27585,3044,3426,980.5,298.0
D,NBXX,9999,4.304e-5,2.927e-5,1.769e-5,5.245e-6,4.895e-6,3.716e-6
Y,195148,980.5,298.0,293.7,61.6,13.0,5.7,0,0008
T,2014,08,26,07,18,41
B,266775,23581,77,3448,160806,6647,72,3447,980.6,298.1
G,3238788,149602,68,3448,1899196,39614,42,3447,980.6,298.1
R,1286139,65067,3203,3448,753662,27556,3048,3447,980.6,298.1
D,NBXX,9999,4.242e-5,2.922e-5,1.766e-5,5.024e-6,4.855e-6,3.637e-6
Y,195145,980.6,298.1,293.8,61.4,13.0,5.7,0,0000
T,2014,08,26,07,23,41
B,266465,23610,94,3447,159489,6733,81,3447,980.6,298.1
G,3233158,149160,76,3447,1895544,39331,62,3447,980.6,298.1
R,1284970,65390,3140,3447,753856,28109,3232,3447,980.6,298.1
D,NBXX,9999,4.250e-5,2.915e-5,1.781e-5,5.212e-6,4.777e-6,3.898e-6
Y,194861,980.6,298.1,293.8,61.4,13.0,5.7,0,0000
T,2014,08,26,07,28,41
B,266962,23671,91,3447,160205,6744,77,3448,980.7,298.1
G,3236911,148750,68,3447,1897816,39342,73,3448,980.7,298.1
R,1286509,64854,3160,3447,754033,27703,3166,3448,980.7,298.1
D,NBXX,9999,4.258e-5,2.897e-5,1.747e-5,5.227e-6,4.762e-6,3.661e-6
Y,195088,980.7,298.1,293.8,61.4,13.0,5.7,0,0000
T,2014,08,26,07,33,41
B,267094,23794,72,3447,161158,6890,82,3447,980.8,298.2
G,3233817,150356,73,3447,1905310,39902,61,3447,980.8,298.2
R,1282823,65295,3073,3447,757968,28342,3150,3447,980.8,298.2
D,NBXX,9999,4.294e-5,2.951e-5,1.791e-5,5.703e-6,4.950e-6,4.170e-6
Y,194901,980.8,298.2,293.8,61.4,13.1,5.7,0,0000
T,2014,08,26,07,38,41
B,267413,23716,67,3448,161258,6843,72,3447,980.8,298.2
G,3237892,150152,80,3448,1907360,39603,67,3447,980.8,298.2
R,1285232,65245,3222,3448,758805,28292,3087,3447,980.8,298.2
D,NBXX,9999,4.267e-5,2.939e-5,1.775e-5,5.595e-6,4.842e-6,4.058e-6
Y,195090,980.8,298.2,293.8,61.4,13.0,5.7,0,0000
T,2014,08,26,07,43,41
B,266912,23424,93,3447,161693,6717,88,3447,980.9,298.2
G,3236107,150083,86,3447,1907188,39382,69,3447,980.9,298.2
R,1286089,65837,3166,3447,758855,27935,3173,3447,980.9,298.2
D,NBXX,9999,4.177e-5,2.939e-5,1.807e-5,5.094e-6,4.775e-6,3.803e-6
Y,195039,980.9,298.2,293.8,61.4,13.0,5.7,0,0000
T,2014,08,26,07,48,42
B,267553,23465,111,3447,162525,6721,91,3448,981.0,298.2
G,3238713,150394,72,3447,1905893,39150,43,3448,981.0,298.2
R,1286982,66220,3164,3447,760799,28300,3224,3448,981.0,298.2
D,NBXX,9999,4.165e-5,2.946e-5,1.825e-5,4.979e-6,4.706e-6,3.980e-6
Y,195197,981.0,298.2,293.8,61.6,13.0,5.7,0,0000
T,2014,08,26,07,53,41
B,267931,23638,113,3447,161327,6690,98,3447,981.1,298.2
G,3236638,149360,80,3447,1906395,39361,70,3447,981.1,298.2
R,1286018,65932,3188,3447,759820,28344,3303,3447,981.1,298.2
D,NBXX,9999,4.204e-5,2.916e-5,1.803e-5,4.831e-6,4.769e-6,3.947e-6
Y,195071,981.1,298.2,293.7,61.6,13.0,5.7,0,0000
T,2014,08,26,07,58,42
B,267111,23254,98,3448,160875,6698,62,3447,981.1,298.1
G,3236208,148081,93,3448,1905540,39383,63,3447,981.1,298.1
R,1286111,65405,3082,3448,757698,27967,3253,3447,981.1,298.1
D,NBXX,9999,4.127e-5,2.877e-5,1.781e-5,5.102e-6,4.778e-6,3.830e-6
Y,194988,981.1,298.1,293.7,61.6,13.0,5.7,0,0000
T,2014,08,26,08,03,41
B,267030,23160,103,3447,161960,6752,103,3447,981.2,298.1
G,3232389,148189,82,3447,1905247,39031,64,3447,981.2,298.1
R,1285223,65105,3184,3447,758208,28065,3284,3447,981.2,298.1
D,NBXX,9999,4.085e-5,2.886e-5,1.756e-5,5.104e-6,4.685e-6,3.800e-6
Y,194814,981.2,298.1,293.7,61.6,13.0,5.7,0,0000
T,2014,08,26,08,08,42
B,267383,23886,98,3447,161748,6732,93,3448,981.2,298.1
G,3232085,150639,51,3447,1908604,39458,60,3448,981.2,298.1
R,1286779,66584,3181,3447,759900,28139,3269,3448,981.2,298.1
D,NBXX,9999,4.301e-5,2.963e-5,1.844e-5,5.064e-6,4.826e-6,3.838e-6
Y,194796,981.2,298.1,293.7,61.9,13.0,5.7,0,0000
T,2014,08,26,08,13,41
B,268446,23754,97,3447,161900,6699,75,3447,981.3,298.1
G,3233495,149312,95,3447,1907288,39408,70,3447,981.3,298.1
R,1287524,65152,3202,3447,757834,28021,3182,3447,981.3,298.1
D,NBXX,9999,4.239e-5,2.916e-5,1.758e-5,4.958e-6,4.776e-6,3.810e-6
Y,194881,981.3,298.1,293.7,61.9,13.0,5.7,0,0000
T,2014,08,26,08,18,42
B,266296,23419,91,3448,161160,6668,83,3447,981.3,298.1
G,3236028,147426,56,3448,1899727,38817,72,3447,981.3,298.1
R,1286392,64822,3157,3448,756756,27908,3170,3447,981.3,298.1
D,NBXX,9999,4.194e-5,2.856e-5,1.745e-5,5.021e-6,4.603e-6,3.797e-6
Y,194978,981.3,298.1,293.6,61.9,13.0,5.7,0,0000
T,2014,08,26,08,23,42
B,267234,23128,88,3447,161304,6713,57,3447,981.3,298.1
G,3232789,146232,70,3447,1904034,39091,49,3447,981.3,298.1
R,1285479,63999,3184,3447,758866,28073,3150,3447,981.3,298.1
D,NBXX,9999,4.091e-5,2.824e-5,1.696e-5,5.185e-6,4.698e-6,3.898e-6
Y,194838,981.3,298.1,293.6,62.0,13.0,5.7,0,0000
T,2014,08,26,08,28,42
B,266735,22935,97,3447,160719,6664,83,3448,981.3,298.0
G,3233800,144278,83,3447,1892820,38629,63,3448,981.3,298.0
R,1283159,64284,3144,3447,755862,27750,3299,3448,981.3,298.0
D,NBXX,9999,4.033e-5,2.762e-5,1.712e-5,4.944e-6,4.541e-6,3.639e-6
Y,194900,981.3,298.0,293.6,62.2,13.0,5.7,0,0000
T,2014,08,26,08,33,42
B,266496,22938,84,3447,161529,6536,90,3447,981.3,298.0
G,3236705,145100,70,3447,1904188,38638,63,3447,981.3,298.0
R,1285545,64810,3168,3447,758922,27698,3084,3447,981.3,298.0
D,NBXX,9999,4.042e-5,2.784e-5,1.752e-5,4.597e-6,4.541e-6,3.725e-6
Y,195075,981.3,298.0,293.6,62.5,13.0,5.7,0,0000
T,2014,08,26,08,38,42
B,265758,23263,83,3448,161568,6677,91,3447,981.3,298.0
G,3237437,147277,92,3448,1907919,39075,60,3447,981.3,298.0
R,1286747,64663,3342,3448,760563,27742,3210,3447,981.3,298.0
D,NBXX,9999,4.161e-5,2.849e-5,1.718e-5,5.089e-6,4.668e-6,3.530e-6
Y,195063,981.3,298.0,293.5,62.7,13.0,5.7,0,0000
T,2014,08,26,08,43,42
B,266684,23220,109,3447,161466,6735,75,3447,981.4,297.9
G,3232306,147737,49,3447,1900392,38738,47,3447,981.4,297.9
R,1287270,65014,3286,3447,757394,28017,3210,3447,981.4,297.9
D,NBXX,9999,4.117e-5,2.872e-5,1.742e-5,5.142e-6,4.600e-6,3.730e-6
Y,194809,981.4,297.9,293.5,62.9,13.0,5.7,0,0000
T,2014,08,26,08,48,41
B,267079,23812,102,3447,161564,6813,75,3447,981.4,297.9
G,3234263,148076,71,3447,1904740,39781,59,3447,981.4,297.9
R,1283403,65955,3150,3447,758567,27701,3248,3447,981.4,297.9
D,NBXX,9999,4.289e-5,2.878e-5,1.818e-5,5.375e-6,4.899e-6,3.643e-6
Y,194928,981.4,297.9,293.5,63.2,13.0,5.7,0,0000
T,2014,08,26,08,53,42
B,266365,23908,90,3447,160860,6725,66,3448,981.3,297.9
G,3235911,149931,82,3447,1902240,39882,46,3448,981.3,297.9
R,1285026,66263,3164,3447,757591,27765,3146,3448,981.3,297.9
D,NBXX,9999,4.345e-5,2.933e-5,1.839e-5,5.228e-6,4.921e-6,3.725e-6
Y,195027,981.3,297.9,293.4,63.3,13.0,5.7,0,0000
T,2014,08,26,08,58,42
B,267084,23917,81,3447,160985,6750,80,3447,981.3,297.9
G,3230991,150768,70,3447,1908321,39506,63,3447,981.3,297.9
R,1283279,66029,3151,3447,759033,28167,3275,3447,981.3,297.9
D,NBXX,9999,4.327e-5,2.965e-5,1.821e-5,5.239e-6,4.827e-6,3.912e-6
Y,194730,981.3,297.9,293.4,63.7,13.0,5.7,0,0000
T,2014,08,26,09,03,42
B,265692,23698,86,3448,161409,6656,65,3447,981.3,297.8
G,3237727,150402,89,3448,1905772,39048,57,3447,981.3,297.8
R,1286941,66247,3142,3448,759809,27703,3148,3447,981.3,297.8
D,NBXX,9999,4.301e-5,2.944e-5,1.834e-5,5.097e-6,4.661e-6,3.691e-6
Y,195080,981.3,297.8,293.4,63.8,13.0,5.7,0,0000
T,2014,08,26,09,08,42
B,266396,23409,103,3447,160967,6843,56,3447,981.2,297.8
G,3235468,153351,59,3447,1901709,38794,60,3447,981.2,297.8
R,1282963,68292,3178,3447,756393,28045,3184,3447,981.2,297.8
D,NBXX,9999,4.191e-5,3.041e-5,1.966e-5,5.582e-6,4.611e-6,3.886e-6
Y,195000,981.2,297.8,293.4,64.3,13.0,5.7,0,0000
T,2014,08,26,09,13,42
B,266571,24172,73,3447,161159,6587,76,3448,981.2,297.8
G,3235301,161731,89,3447,1903288,39595,63,3448,981.2,297.8
R,1286006,72874,3178,3447,757961,28535,3122,3448,981.2,297.8
D,NBXX,9999,4.423e-5,3.295e-5,2.244e-5,4.816e-6,4.841e-6,4.197e-6
Y,194990,981.2,297.8,293.4,64.5,13.0,5.7,0,0000
T,2014,08,26,09,18,42
B,267074,24370,80,3447,161702,6500,70,3447,981.2,297.8
G,3236702,159538,78,3447,1901933,39388,70,3447,981.2,297.8
R,1287362,71616,3130,3447,758455,28210,3127,3447,981.2,297.8
D,NBXX,9999,4.469e-5,3.226e-5,2.165e-5,4.517e-6,4.777e-6,4.018e-6
Y,195075,981.2,297.8,293.4,65.0,13.0,5.7,0,0000
T,2014,08,26,09,23,42
B,262100,22986,103,3381,157400,6499,94,3381,981.3,297.8
G,3173451,148770,62,3381,1864965,38338,54,3381,981.3,297.8
R,1260415,65989,3062,3381,744763,27455,3125,3381,981.3,297.8
D,NBXX,9999,4.162e-5,2.987e-5,1.901e-5,4.710e-6,4.687e-6,3.871e-6
Y,194996,981.3,297.8,293.4,65.0,13.0,5.7,0,0008
T,2014,08,26,09,28,42
B,265864,557127,89,3447,161051,68184,78,3447,981.2,297.8
G,3233192,4779470,69,3447,1903136,589110,48,3447,981.2,297.8
R,1281690,1924249,2922,3447,757519,282335,3112,3447,981.2,297.8
D,NBXX,9999,1.676e-3,1.445e-3,1.167e-3,1.933e-4,1.726e-4,1.612e-4
Y,194863,981.2,297.8,293.4,65.3,13.0,5.7,0,0000
T,2014,08,26,09,33,42
B,267140,24769,58,3447,161954,6712,106,3448,981.2,297.8
G,3234518,161614,72,3447,1908259,39687,58,3448,981.2,297.8
R,1283549,71493,3181,3447,759817,28053,3073,3448,981.2,297.8
D,NBXX,9999,4.584e-5,3.294e-5,2.170e-5,5.103e-6,4.880e-6,3.958e-6
Y,194943,981.2,297.8,293.4,65.6,13.0,5.7,0,0000
T,2014,08,26,09,38,42
B,266454,22995,83,3447,160734,6501,98,3447,981.2,297.8
G,3234997,148223,75,3447,1898905,38339,60,3447,981.2,297.8
R,1283903,66306,3260,3447,756832,27346,3152,3447,981.2,297.8
D,NBXX,9999,4.055e-5,2.884e-5,1.837e-5,4.455e-6,4.468e-6,3.409e-6
Y,194972,981.2,297.8,293.4,66.1,13.0,5.7,0,0000
T,2014,08,26,09,43,42
B,267541,22464,91,3448,160995,6344,84,3447,981.3,297.8
G,3239442,144741,89,3448,1906967,37780,73,3447,981.3,297.8
R,1283506,64956,3056,3448,759286,27209,3057,3447,981.3,297.8
D,NBXX,9999,3.867e-5,2.768e-5,1.776e-5,3.926e-6,4.262e-6,3.547e-6
Y,195184,981.3,297.8,293.4,66.1,13.0,5.7,0,0000
T,2014,08,26,09,48,42
B,266421,22584,97,3447,161839,6630,79,3447,981.3,297.8
G,3231104,144386,65,3447,1905659,37696,79,3447,981.3,297.8
R,1284504,65279,3233,3447,758430,27556,3059,3447,981.3,297.8
D,NBXX,9999,3.932e-5,2.769e-5,1.781e-5,4.869e-6,4.269e-6,3.619e-6
Y,194736,981.3,297.8,293.5,66.6,13.0,5.7,0,0000
T,2014,08,26,09,53,42
B,267194,22665,100,3447,161247,6607,92,3448,981.3,297.8
G,3237753,145682,67,3447,1905619,38007,50,3448,981.3,297.8
R,1284395,66080,3049,3447,757490,27339,2995,3448,981.3,297.8
D,NBXX,9999,3.932e-5,2.801e-5,1.848e-5,4.680e-6,4.347e-6,3.660e-6
Y,195139,981.3,297.8,293.5,66.4,13.0,5.7,0,0000
T,2014,08,26,09,58,42
B,267301,22227,98,3447,162371,6321,82,3447,981.3,297.8
G,3235244,142202,62,3447,1909975,37209,89,3447,981.3,297.8
R,1284383,64162,3026,3447,759435,27361,3133,3447,981.3,297.8
D,NBXX,9999,3.800e-5,2.697e-5,1.722e-5,3.849e-6,4.104e-6,3.595e-6
Y,194987,981.3,297.8,293.5,66.7,13.0,5.7,0,0000
T,2014,08,26,10,03,42
B,266114,21969,62,3448,160589,6486,92,3447,981.4,297.8
G,3239844,140857,51,3448,1905077,37228,40,3447,981.4,297.8
R,1286115,64957,3049,3448,758490,26826,3097,3447,981.4,297.8
D,NBXX,9999,3.760e-5,2.652e-5,1.767e-5,4.535e-6,4.118e-6,3.262e-6
Y,195208,981.4,297.8,293.5,66.9,13.0,5.7,0,0000
T,2014,08,26,10,08,42
B,265980,21796,68,3447,160919,6389,92,3447,981.4,297.9
G,3232352,137741,67,3447,1900493,36911,31,3447,981.4,297.9
R,1286151,63090,3093,3447,757174,26989,3107,3447,981.4,297.9
D,NBXX,9999,3.708e-5,2.566e-5,1.648e-5,4.221e-6,4.042e-6,3.320e-6
Y,194812,981.4,297.9,293.5,66.6,13.0,5.7,0,0000
T,2014,08,26,10,13,42
B,265763,20704,95,3447,161143,6190,75,3448,981.4,297.8
G,3236583,133324,60,3447,1904801,35844,58,3448,981.4,297.8
R,1285709,62032,2997,3447,758034,26765,3105,3448,981.4,297.8
D,NBXX,9999,3.375e-5,2.425e-5,1.591e-5,3.586e-6,3.691e-6,3.252e-6
Y,195068,981.4,297.8,293.5,66.4,13.0,5.7,0,0000
T,2014,08,26,10,18,42
B,267150,20797,82,3447,160391,6286,66,3447,981.4,297.8
G,3237410,132647,63,3447,1893767,35807,66,3447,981.4,297.8
R,1283579,61356,3156,3447,752119,26810,3011,3447,981.4,297.8
D,NBXX,9999,3.379e-5,2.403e-5,1.550e-5,3.866e-6,3.676e-6,3.257e-6
Y,195118,981.4,297.8,293.5,66.3,13.0,5.7,0,0000
T,2014,08,26,10,23,42
B,267812,20689,84,3448,160912,6322,71,3447,981.5,297.8
G,3240675,131215,78,3448,1896501,35305,57,3447,981.5,297.8
R,1285870,60313,3089,3448,756074,26933,3052,3447,981.5,297.8
D,NBXX,9999,3.328e-5,2.355e-5,1.482e-5,3.910e-6,3.514e-6,3.334e-6
Y,195259,981.5,297.8,293.5,66.4,13.0,5.7,0,0000
T,2014,08,26,10,28,42
B,247726,18975,64,3210,150573,5685,63,3212,981.5,297.9
G,3015266,120993,33,3210,1773568,33367,64,3212,981.5,297.9
R,1196735,56047,2842,3210,705884,24480,2891,3212,981.5,297.9
D,NBXX,9999,3.281e-5,2.321e-5,1.475e-5,3.421e-6,3.684e-6,2.920e-6
Y,195147,981.5,297.9,293.5,66.3,13.0,5.7,0,0008
T,2014,08,26,10,33,42
B,266964,20141,77,3447,160857,6203,88,3448,981.5,297.8
G,3236265,127125,68,3447,1899777,35189,58,3448,981.5,297.8
R,1284857,59262,3052,3447,757331,26464,2977,3448,981.5,297.8
D,NBXX,9999,3.177e-5,2.236e-5,1.428e-5,3.561e-6,3.490e-6,3.127e-6
Y,195049,981.5,297.8,293.6,65.9,13.0,5.7,0,0000
T,2014,08,26,10,38,42
B,266874,20174,68,3447,160665,6243,75,3447,981.5,297.8
G,3240694,126534,54,3447,1900862,35778,36,3447,981.5,297.8
R,1286579,59161,3065,3447,756590,26348,3122,3447,981.5,297.8
D,NBXX,9999,3.197e-5,2.214e-5,1.406e-5,3.772e-6,3.670e-6,2.930e-6
Y,195317,981.5,297.8,293.6,65.3,13.0,5.7,0,0000
T,2014,08,26,10,43,42
B,266922,20436,98,3448,162055,6096,83,3447,981.5,297.8
G,3238442,128743,72,3448,1899253,35411,59,3447,981.5,297.8
R,1285648,60414,3070,3448,758408,26497,3023,3447,981.5,297.8
D,NBXX,9999,3.263e-5,2.283e-5,1.492e-5,3.191e-6,3.555e-6,3.102e-6
Y,195124,981.5,297.8,293.6,65.6,13.0,5.7,0,0000
T,2014,08,26,10,48,42
B,266159,20264,101,3447,161270,6065,95,3447,981.5,297.8
G,3235180,128960,74,3447,1901577,35506,60,3447,981.5,297.8
R,1285302,60641,3107,3447,756717,26296,3071,3447,981.5,297.8
D,NBXX,9999,3.222e-5,2.293e-5,1.501e-5,3.090e-6,3.590e-6,2.917e-6
Y,194983,981.5,297.8,293.6,65.0,13.0,5.7,0,0000
T,2014,08,26,10,53,42
B,266690,20679,66,3447,161112,6278,61,3448,981.6,297.8
G,3238692,130753,80,3447,1909804,35725,40,3448,981.6,297.8
R,1286509,61066,3108,3447,757007,26450,3077,3448,981.6,297.8
D,NBXX,9999,3.361e-5,2.344e-5,1.524e-5,3.943e-6,3.647e-6,2.991e-6
Y,195196,981.6,297.8,293.6,65.5,13.0,5.7,0,0000
T,2014,08,26,10,58,42
B,265751,20587,74,3447,160661,6333,69,3447,981.6,297.9
G,3235783,129609,82,3447,1910669,35616,76,3447,981.6,297.9
R,1285281,59896,3026,3447,760430,26497,3067,3447,981.6,297.9
D,NBXX,9999,3.349e-5,2.312e-5,1.461e-5,4.126e-6,3.613e-6,3.101e-6
Y,195020,981.6,297.9,293.6,64.3,13.0,5.7,0,0000
T,2014,08,26,11,03,42
B,267420,20654,81,3447,159643,6307,75,3447,981.6,297.9
G,3236691,131107,87,3447,1886184,35857,44,3447,981.6,297.9
R,1285211,60489,3107,3447,754611,26465,3110,3447,981.6,297.9
D,NBXX,9999,3.326e-5,2.357e-5,1.489e-5,3.883e-6,3.693e-6,2.994e-6
Y,195074,981.6,297.9,293.6,64.8,13.0,5.7,0,0000
T,2014,08,26,11,08,42
B,264152,19877,85,3426,159526,6140,63,3425,981.6,297.9
G,3219150,128493,84,3426,1885141,35363,73,3425,981.6,297.9
R,1275265,58675,3171,3426,749764,26481,2993,3425,981.6,297.9
D,NBXX,9999,3.167e-5,2.298e-5,1.406e-5,3.633e-6,3.595e-6,3.138e-6
Y,195207,981.6,297.9,293.6,64.0,13.0,5.7,0,0008
T,2014,08,26,11,13,42
B,266670,20942,85,3447,161431,6207,85,3447,981.6,297.9
G,3238758,132415,69,3447,1895879,36113,66,3447,981.6,297.9
R,1289092,60961,3106,3447,753823,26715,3114,3447,981.6,297.9
D,NBXX,9999,3.427e-5,2.394e-5,1.508e-5,3.581e-6,3.763e-6,3.109e-6
Y,195200,981.6,297.9,293.7,63.5,13.0,5.7,0,0000
T,2014,08,26,11,18,42
B,266864,20591,93,3447,159849,6199,61,3448,981.6,297.9
G,3236878,130554,91,3447,1897535,36133,83,3448,981.6,297.9
R,1282450,60441,3032,3447,755017,26474,3086,3448,981.6,297.9
D,NBXX,9999,3.321e-5,2.339e-5,1.500e-5,3.594e-6,3.758e-6,3.092e-6
Y,195086,981.6,297.9,293.7,63.5,13.0,5.7,0,0000
T,2014,08,26,11,23,42
B,268475,20593,75,3447,160161,6396,78,3447,981.6,297.9
G,3234775,130625,87,3447,1901511,35815,54,3447,981.6,297.9
R,1286723,60406,3149,3447,755841,26581,3073,3447,981.6,297.9
D,NBXX,9999,3.284e-5,2.345e-5,1.480e-5,4.090e-6,3.683e-6,3.047e-6
Y,194959,981.6,297.9,293.7,63.0,13.0,5.7,0,0000
T,2014,08,26,11,28,42
B,266710,20844,78,3448,161109,6136,89,3447,981.5,298.0
G,3237349,131825,79,3448,1900898,36041,73,3447,981.5,298.0
R,1287340,60356,3147,3448,758126,26779,3096,3447,981.5,298.0
D,NBXX,9999,3.400e-5,2.378e-5,1.473e-5,3.391e-6,3.743e-6,3.153e-6
Y,195057,981.5,298.0,293.7,63.0,13.0,5.7,0,0000
T,2014,08,26,11,33,42
B,266885,20381,123,3447,160340,6188,61,3447,981.5,298.0
G,3234061,131092,75,3447,1892372,35479,55,3447,981.5,298.0
R,1286391,60120,3121,3447,754740,26928,3201,3447,981.5,298.0
D,NBXX,9999,3.248e-5,2.360e-5,1.456e-5,3.472e-6,3.587e-6,3.193e-6
Y,194915,981.5,298.0,293.7,62.7,13.0,5.7,0,0000
T,2014,08,26,11,38,42
B,265880,20689,101,3447,161477,6193,89,3448,981.5,298.0
G,3234591,130819,64,3447,1900326,35933,52,3448,981.5,298.0
R,1285477,59869,3216,3447,757797,26884,3197,3448,981.5,298.0
D,NBXX,9999,3.364e-5,2.352e-5,1.436e-5,3.530e-6,3.726e-6,3.105e-6
Y,194947,981.5,298.0,293.7,62.5,13.0,5.7,0,0000
T,2014,08,26,11,43,42
B,266769,20510,84,3447,161207,6348,100,3447,981.4,298.0
G,3235168,131642,65,3447,1902143,35954,50,3447,981.4,298.0
R,1283207,60354,3246,3447,757041,26659,3134,3447,981.4,298.0
D,NBXX,9999,3.290e-5,2.376e-5,1.474e-5,3.969e-6,3.734e-6,3.015e-6
Y,194982,981.4,298.0,293.8,61.2,13.0,5.7,0,0000
T,2014,08,26,11,48,42
B,267022,20736,99,3448,160828,6342,75,3447,981.4,298.0
G,3238641,132155,82,3448,1899479,36360,92,3447,981.4,298.0
R,1287005,60679,3184,3448,755997,26875,3173,3447,981.4,298.0
D,NBXX,9999,3.357e-5,2.385e-5,1.486e-5,3.973e-6,3.828e-6,3.133e-6
Y,195136,981.4,298.0,293.8,61.2,13.0,5.7,0,0000
T,2014,08,26,11,53,42
B,265716,20847,82,3447,161275,6148,63,3447,981.4,298.1
G,3236864,132199,87,3447,1902967,36127,64,3447,981.4,298.1
R,1284138,60528,3284,3447,757599,27019,3205,3447,981.4,298.1
D,NBXX,9999,3.432e-5,2.390e-5,1.475e-5,3.569e-6,3.768e-6,3.150e-6
Y,195085,981.4,298.1,293.8,61.9,13.0,5.7,0,0000
T,2014,08,26,11,58,42
B,266367,21283,65,3447,161194,6191,89,3448,981.3,298.1
G,3237104,131853,71,3447,1900129,35980,42,3448,981.3,298.1
R,1284911,60482,3122,3447,757148,26765,3130,3448,981.3,298.1
D,NBXX,9999,3.546e-5,2.380e-5,1.487e-5,3.618e-6,3.733e-6,3.152e-6
Y,195099,981.3,298.1,293.9,62.4,13.0,5.7,0,0000
T,2014,08,26,12,03,42
B,266439,20805,107,3447,161702,6258,87,3447,981.3,298.1
G,3236969,132720,66,3447,1906849,36182,75,3447,981.3,298.1
R,1285288,60529,3148,3447,760063,27234,3165,3447,981.3,298.1
D,NBXX,9999,3.385e-5,2.406e-5,1.484e-5,3.681e-6,3.788e-6,3.398e-6
Y,195091,981.3,298.1,293.9,62.2,13.0,5.7,0,0000
T,2014,08,26,12,08,42
B,267241,20082,73,3448,160460,6195,94,3447,981.3,298.1
G,3234463,125829,97,3448,1893582,34972,77,3447,981.3,298.1
R,1284678,58616,3139,3448,754625,26520,3187,3447,981.3,298.1
D,NBXX,9999,3.155e-5,2.197e-5,1.367e-5,3.535e-6,3.419e-6,2.958e-6
Y,194883,981.3,298.1,293.9,61.6,13.0,5.7,0,0000
T,2014,08,26,12,13,42
B,266206,20470,79,3447,160468,6195,59,3447,981.2,298.1
G,3235274,125687,95,3447,1901333,35203,50,3447,981.2,298.1
R,1284815,59020,3182,3447,756471,26686,3237,3447,981.2,298.1
D,NBXX,9999,3.307e-5,2.196e-5,1.385e-5,3.703e-6,3.507e-6,2.989e-6
Y,194989,981.2,298.1,293.9,61.4,13.0,5.7,0,0000
T,2014,08,26,12,18,42
B,267027,19967,96,3447,160694,6264,69,3448,981.2,298.1
G,3234646,124623,80,3447,1898764,35034,77,3448,981.2,298.1
R,1283277,58245,3348,3447,757020,26602,3053,3448,981.2,298.1
D,NBXX,9999,3.126e-5,2.164e-5,1.342e-5,3.756e-6,3.450e-6,2.960e-6
Y,194951,981.2,298.1,293.9,61.2,13.0,5.7,0,0000
T,2014,08,26,12,23,42
B,267533,19758,96,3447,161117,6182,65,3447,981.2,298.2
G,3232344,125294,81,3447,1898192,35201,50,3447,981.2,298.2
R,1284450,58658,3221,3447,757084,26220,3229,3447,981.2,298.2
D,NBXX,9999,3.052e-5,2.188e-5,1.362e-5,3.491e-6,3.521e-6,2.683e-6
Y,194811,981.2,298.2,294.0,61.4,13.0,5.7,0,0000
T,2014,08,26,12,28,42
B,266966,20045,93,3448,160123,6135,90,3447,981.2,298.2
G,3235548,125604,75,3448,1896630,34611,46,3447,981.2,298.2
R,1286007,59112,3250,3448,755507,26785,3221,3447,981.2,298.2
D,NBXX,9999,3.144e-5,2.194e-5,1.384e-5,3.314e-6,3.337e-6,3.006e-6
Y,194949,981.2,298.2,294.0,60.9,13.0,5.7,0,0000
T,2014,08,26,12,33,42
B,266690,20439,86,3447,161601,6327,97,3447,981.1,298.2
G,3232319,129366,67,3447,1898639,35641,63,3447,981.1,298.2
R,1285833,60116,3172,3447,756535,27213,3316,3447,981.1,298.2
D,NBXX,9999,3.271e-5,2.312e-5,1.445e-5,3.914e-6,3.656e-6,3.255e-6
Y,194810,981.1,298.2,294.0,61.9,13.0,5.7,0,0000
T,2014,08,26,12,38,42
B,266091,20601,89,3447,161995,6317,91,3448,981.1,298.3
G,3238780,131888,63,3447,1906506,35806,62,3448,981.1,298.3
R,1285923,60755,3234,3447,759763,26801,3166,3448,981.1,298.3
D,NBXX,9999,3.338e-5,2.384e-5,1.491e-5,3.944e-6,3.696e-6,3.059e-6
Y,195201,981.1,298.3,294.1,61.6,13.0,5.7,0,0000
T,2014,08,26,12,43,42
B,266012,20523,65,3447,161212,6252,94,3447,981.1,298.3
G,3233874,127401,91,3447,1900794,35424,85,3447,981.1,298.3
R,1284106,60006,3264,3447,757984,26919,3186,3447,981.1,298.3
D,NBXX,9999,3.324e-5,2.251e-5,1.446e-5,3.831e-6,3.581e-6,3.117e-6
Y,194904,981.1,298.3,294.1,60.7,13.0,5.7,0,0000
T,2014,08,26,12,48,42
B,265582,19764,82,3448,160859,6073,69,3447,981.1,298.4
G,3237400,123356,72,3448,1904311,34604,61,3447,981.1,298.4
R,1287267,58308,3279,3448,759131,26608,3311,3447,981.1,298.4
D,NBXX,9999,3.104e-5,2.125e-5,1.323e-5,3.346e-6,3.338e-6,2.800e-6
Y,195061,981.1,298.4,294.2,60.3,13.0,5.7,0,0000
T,2014,08,26,12,53,42
B,266096,18947,96,3447,161306,6193,57,3447,981.0,298.4
G,3234949,116772,82,3447,1898258,34173,77,3447,981.0,298.4
R,1286549,55807,3406,3447,758521,26398,3390,3447,981.0,298.4
D,NBXX,9999,2.842e-5,1.926e-5,1.156e-5,3.666e-6,3.202e-6,2.526e-6
Y,194969,981.0,298.4,294.2,59.0,13.0,5.7,0,0000
T,2014,08,26,12,58,42
B,265824,19204,91,3447,160386,5994,68,3448,981.0,298.5
G,3233922,122443,65,3447,1900409,34878,62,3448,981.0,298.5
R,1286975,58198,3327,3447,756121,27032,3346,3448,981.0,298.5
D,NBXX,9999,2.924e-5,2.102e-5,1.311e-5,3.049e-6,3.429e-6,2.996e-6
Y,194907,981.0,298.5,294.3,59.4,13.0,5.7,0,0000
T,2014,08,26,13,03,42
B,267048,19571,121,3447,160382,6150,119,3447,980.9,298.5
G,3238207,123540,68,3447,1897438,35090,57,3447,980.9,298.5
R,1285542,58072,3388,3447,755175,27103,3305,3447,980.9,298.5
D,NBXX,9999,2.981e-5,2.130e-5,1.305e-5,3.161e-6,3.483e-6,3.043e-6
Y,195166,980.9,298.5,294.3,59.1,13.0,5.7,0,0000
T,2014,08,26,13,08,42
B,265984,20285,69,3448,160849,6331,83,3447,980.9,298.5
G,3240401,129092,81,3448,1908066,35912,58,3447,980.9,298.5
R,1287627,61191,3337,3448,760102,27576,3416,3447,980.9,298.5
D,NBXX,9999,3.254e-5,2.296e-5,1.488e-5,4.105e-6,3.724e-6,3.276e-6
Y,195242,980.9,298.5,294.3,59.8,13.0,5.7,0,0000
T,2014,08,26,13,13,42
B,264417,20077,83,3423,158664,6107,95,3423,980.9,298.6
G,3212825,124614,66,3423,1883338,35338,77,3423,980.9,298.6
R,1278799,59443,3421,3423,751454,26380,3419,3423,980.9,298.6
D,NBXX,9999,3.217e-5,2.192e-5,1.396e-5,3.428e-6,3.637e-6,2.552e-6
Y,194993,980.9,298.6,294.4,59.4,13.0,5.7,0,0008
T,2014,08,26,13,18,42
B,266323,20260,98,3447,160865,6271,62,3447,980.8,298.6
G,3239624,128026,75,3447,1905521,35597,72,3447,980.8,298.6
R,1290438,60229,3501,3447,762085,27510,3354,3447,980.8,298.6
D,NBXX,9999,3.236e-5,2.265e-5,1.415e-5,3.863e-6,3.625e-6,3.132e-6
Y,195252,980.8,298.6,294.4,59.4,13.0,5.7,0,0000
T,2014,08,26,13,23,42
B,265159,19265,103,3447,161101,6180,78,3448,980.7,298.6
G,3235437,120934,98,3447,1903688,34704,56,3448,980.7,298.6
R,1289001,57766,3379,3447,759120,27045,3494,3448,980.7,298.6
D,NBXX,9999,2.952e-5,2.053e-5,1.266e-5,3.599e-6,3.361e-6,2.843e-6
Y,194999,980.7,298.6,294.4,57.5,13.1,5.7,0,0000
T,2014,08,26,13,28,42
B,266683,19119,77,3447,160604,6131,125,3447,980.7,298.7
G,3232337,119041,62,3447,1906652,34290,60,3447,980.7,298.7
R,1284339,57443,3622,3447,759180,26840,3374,3447,980.7,298.7
D,NBXX,9999,2.870e-5,2.000e-5,1.248e-5,3.290e-6,3.259e-6,2.675e-6
Y,194811,980.7,298.7,294.5,57.5,13.0,5.7,0,0000
T,2014,08,26,13,33,42
B,266055,19204,96,3448,161643,6124,85,3447,980.7,298.7
G,3232059,121269,77,3448,1907939,35085,63,3447,980.7,298.7
R,1290388,58179,3592,3448,763250,27344,3476,3447,980.7,298.7
D,NBXX,9999,2.917e-5,2.068e-5,1.274e-5,3.391e-6,3.500e-6,2.883e-6
Y,194738,980.7,298.7,294.5,57.3,13.0,5.7,0,0000
T,2014,08,26,13,38,42
B,265771,20172,105,3447,160587,6190,80,3447,980.6,298.7
G,3233137,128378,78,3447,1897646,36022,44,3447,980.6,298.7
R,1285948,60591,3529,3447,759606,27688,3436,3447,980.6,298.7
D,NBXX,9999,3.218e-5,2.284e-5,1.440e-5,3.593e-6,3.785e-6,3.205e-6
Y,194859,980.6,298.7,294.5,57.7,13.0,5.7,0,0000
T,2014,08,26,13,43,42
B,266120,19762,74,3447,161580,6287,90,3448,980.6,298.7
G,3230913,124081,91,3447,1905366,35792,70,3448,980.6,298.7
R,1287620,59701,3548,3447,761753,27421,3491,3448,980.6,298.7
D,NBXX,9999,3.092e-5,2.154e-5,1.376e-5,3.935e-6,3.706e-6,2.968e-6
Y,194725,980.6,298.7,294.5,57.3,13.0,5.7,0,0000
T,2014,08,26,13,48,42
B,266835,19565,95,3447,161511,6151,87,3447,980.5,298.7
G,3233262,124402,75,3447,1902779,35384,70,3447,980.5,298.7
R,1287724,59655,3638,3447,760754,27346,3566,3447,980.5,298.7
D,NBXX,9999,3.010e-5,2.162e-5,1.361e-5,3.412e-6,3.582e-6,2.807e-6
Y,194867,980.5,298.7,294.5,57.2,13.0,5.7,0,0000
T,2014,08,26,13,53,42
B,266466,19148,115,3448,160402,6171,105,3447,980.5,298.8
G,3233542,119412,72,3448,1898865,34311,74,3447,980.5,298.8
R,1289577,57559,3612,3448,760323,27198,3562,3447,980.5,298.8
D,NBXX,9999,2.877e-5,2.009e-5,1.230e-5,3.369e-6,3.256e-6,2.725e-6
Y,194827,980.5,298.8,294.5,55.7,13.0,5.7,0,0000
T,2014,08,26,13,58,42
B,265767,19383,96,3447,161148,6192,79,3447,980.5,298.8
G,3229330,120337,82,3447,1902017,34722,61,3447,980.5,298.8
R,1288916,57982,3502,3447,761564,27171,3626,3447,980.5,298.8
D,NBXX,9999,2.980e-5,2.042e-5,1.261e-5,3.635e-6,3.394e-6,2.743e-6
Y,194629,980.5,298.8,294.6,55.9,13.0,5.7,0,0000
T,2014,08,26,14,03,42
B,266192,19847,76,3447,160874,6278,86,3448,980.5,298.8
G,3228199,125053,87,3447,1901044,35341,72,3448,980.5,298.8
R,1287534,59614,3512,3447,759017,27565,3657,3448,980.5,298.8
D,NBXX,9999,3.117e-5,2.187e-5,1.362e-5,3.909e-6,3.578e-6,2.964e-6
Y,194561,980.5,298.8,294.6,56.7,13.0,5.7,0,0000
T,2014,08,26,14,08,42
B,265898,20112,129,3447,160842,6211,91,3447,980.4,298.9
G,3228909,125524,97,3447,1902163,35583,62,3447,980.4,298.9
R,1287483,59511,3599,3447,758040,27596,3567,3447,980.4,298.9
D,NBXX,9999,3.185e-5,2.201e-5,1.358e-5,3.524e-6,3.653e-6,3.004e-6
Y,194604,980.4,298.9,294.6,57.0,13.1,5.7,0,0000
T,2014,08,26,14,13,42
B,266841,19814,125,3448,160820,6174,104,3447,980.3,298.9
G,3232990,124247,84,3448,1906116,35222,66,3447,980.3,298.9
R,1286713,59420,3594,3448,762851,27704,3616,3447,980.3,298.9
D,NBXX,9999,3.069e-5,2.157e-5,1.352e-5,3.320e-6,3.535e-6,3.050e-6
Y,194794,980.3,298.9,294.6,56.7,13.0,5.7,0,0000
T,2014,08,26,14,18,42
B,265410,19400,80,3447,161164,6196,81,3447,980.3,298.8
G,3227761,122564,70,3447,1897122,35062,82,3447,980.3,298.8
R,1288213,59543,3647,3447,757969,27697,3615,3447,980.3,298.8
D,NBXX,9999,2.998e-5,2.112e-5,1.352e-5,3.722e-6,3.500e-6,2.990e-6
Y,194534,980.3,298.8,294.6,55.4,13.1,5.7,0,0000
T,2014,08,26,14,23,42
B,265229,19288,94,3447,161529,5981,83,3448,980.3,298.8
G,3231282,121776,73,3447,1900383,34642,54,3448,980.3,298.8
R,1290519,58092,3584,3447,760817,27366,3576,3448,980.3,298.8
D,NBXX,9999,2.962e-5,2.084e-5,1.264e-5,3.012e-6,3.365e-6,2.835e-6
Y,194747,980.3,298.8,294.6,55.9,13.0,5.7,0,0000
T,2014,08,26,14,28,42
B,266551,19508,113,3447,160773,6052,98,3447,980.2,298.8
G,3227180,122193,101,3447,1889659,35038,63,3447,980.2,298.8
R,1284858,59243,3680,3447,758660,27561,3669,3447,980.2,298.8
D,NBXX,9999,2.988e-5,2.101e-5,1.335e-5,3.026e-6,3.490e-6,2.875e-6
Y,194499,980.2,298.8,294.6,54.9,13.0,5.7,0,0000
T,2014,08,26,14,33,42
B,266079,19302,120,3448,160701,6123,87,3447,980.1,298.8
G,3226921,120900,69,3448,1903213,35058,61,3447,980.1,298.8
R,1286666,58361,3659,3448,761586,27216,3706,3447,980.1,298.8
D,NBXX,9999,2.937e-5,2.063e-5,1.275e-5,3.294e-6,3.512e-6,2.639e-6
Y,194427,980.1,298.8,294.6,54.9,13.0,5.7,0,0000
T,2014,08,26,14,38,42
B,264752,19633,101,3447,161130,6207,90,3447,980.0,298.8
G,3223857,123915,83,3447,1902399,34897,95,3447,980.0,298.8
R,1285399,58324,3799,3447,760291,27625,3605,3447,980.0,298.8
D,NBXX,9999,3.074e-5,2.157e-5,1.274e-5,3.694e-6,3.453e-6,2.870e-6
Y,194298,980.0,298.8,294.6,55.1,13.0,5.7,0,0000
T,2014,08,26,14,43,42
B,265316,19772,125,3447,160689,6413,117,3448,979.9,298.8
G,3229179,125669,68,3447,1904454,35483,46,3448,979.9,298.8
R,1288271,59101,3705,3447,761137,27417,3582,3448,979.9,298.8
D,NBXX,9999,3.086e-5,2.206e-5,1.323e-5,4.100e-6,3.634e-6,2.796e-6
Y,194620,979.9,298.8,294.6,55.7,13.0,5.7,0,0000
T,2014,08,26,14,48,42
B,265530,20238,82,3447,160790,6236,68,3447,979.8,298.8
G,3228093,125036,90,3447,1899316,35373,90,3447,979.8,298.8
R,1288372,59504,3744,3447,759043,27605,3579,3447,979.8,298.8
D,NBXX,9999,3.256e-5,2.186e-5,1.345e-5,3.875e-6,3.584e-6,2.889e-6
Y,194554,979.8,298.8,294.6,55.7,13.0,5.7,0,0000
T,2014,08,26,14,53,42
B,265734,20240,120,3448,160806,6290,77,3447,979.8,298.8
G,3229949,125755,65,3448,1897462,35958,80,3447,979.8,298.8
R,1286998,59242,3622,3448,759993,27820,3696,3447,979.8,298.8
D,NBXX,9999,3.236e-5,2.207e-5,1.332e-5,3.865e-6,3.772e-6,3.042e-6
Y,194610,979.8,298.8,294.6,55.6,13.0,5.7,0,0000
T,2014,08,26,14,58,42
B,265770,20085,71,3447,160673,6210,106,3447,979.8,298.7
G,3224464,123901,82,3447,1892079,35546,74,3447,979.8,298.7
R,1288142,58860,3752,3447,757120,27656,3713,3447,979.8,298.7
D,NBXX,9999,3.194e-5,2.156e-5,1.296e-5,3.683e-6,3.657e-6,2.821e-6
Y,194335,979.8,298.7,294.6,55.2,13.0,5.7,0,0000
T,2014,08,26,15,03,42
B,266333,19656,78,3447,160752,6316,73,3448,979.7,298.7
G,3226685,123049,69,3447,1899036,34923,69,3448,979.7,298.7
R,1287467,58479,3544,3447,760059,27524,3500,3448,979.7,298.7
D,NBXX,9999,3.059e-5,2.128e-5,1.304e-5,4.054e-6,3.462e-6,3.042e-6
Y,194469,979.7,298.7,294.6,54.6,13.0,5.7,0,0000
T,2014,08,26,15,08,42
B,266095,19615,87,3447,160704,6231,103,3447,979.6,298.7
G,3225881,122744,73,3447,1898135,34906,53,3447,979.6,298.7
R,1286843,59029,3630,3447,758559,27146,3559,3447,979.6,298.7
D,NBXX,9999,3.041e-5,2.120e-5,1.329e-5,3.692e-6,3.467e-6,2.716e-6
Y,194420,979.6,298.7,294.6,53.8,13.0,5.7,0,0000
T,2014,08,26,15,13,42
B,266432,19809,82,3448,161014,6211,85,3447,979.6,298.7
G,3227129,124582,82,3448,1901797,35225,94,3447,979.6,298.7
R,1286387,58801,3629,3448,762104,27582,3589,3447,979.6,298.7
D,NBXX,9999,3.101e-5,2.173e-5,1.314e-5,3.695e-6,3.546e-6,2.972e-6
Y,194439,979.6,298.7,294.6,53.8,13.0,5.7,0,0000
T,2014,08,26,15,18,42
B,265857,20193,112,3447,160561,6275,93,3447,979.5,298.7
G,3231077,126265,76,3447,1894177,35446,58,3447,979.5,298.7
R,1287469,59301,3602,3447,758484,27591,3539,3447,979.5,298.7
D,NBXX,9999,3.218e-5,2.222e-5,1.347e-5,3.790e-6,3.612e-6,3.019e-6
Y,194735,979.5,298.7,294.6,54.3,13.0,5.7,0,0000
T,2014,08,26,15,23,42
B,266109,20215,75,3447,160574,6141,78,3448,979.5,298.7
G,3224507,125470,63,3447,1899808,35218,61,3448,979.5,298.7
R,1287366,59867,3547,3447,759089,27260,3599,3448,979.5,298.7
D,NBXX,9999,3.237e-5,2.205e-5,1.382e-5,3.542e-6,3.565e-6,2.808e-6
Y,194337,979.5,298.7,294.6,53.8,13.0,5.7,0,0000
T,2014,08,26,15,28,42
B,265965,20403,121,3447,161404,6302,77,3447,979.4,298.7
G,3227352,127037,98,3447,1904859,35455,87,3447,979.4,298.7
R,1286908,60203,3535,3447,760405,27608,3612,3447,979.4,298.7
D,NBXX,9999,3.282e-5,2.248e-5,1.404e-5,3.890e-6,3.609e-6,3.030e-6
Y,194509,979.4,298.7,294.6,54.6,13.0,5.7,0,0000
T,2014,08,26,15,33,42
B,265226,20276,89,3447,161279,6394,102,3447,979.4,298.7
G,3231206,128031,98,3447,1902563,36029,68,3447,979.4,298.7
R,1288087,60726,3501,3447,760262,27366,3503,3447,979.4,298.7
D,NBXX,9999,3.263e-5,2.274e-5,1.443e-5,4.249e-6,3.779e-6,2.972e-6
Y,194743,979.4,298.7,294.6,54.4,13.0,5.7,0,0000
T,2014,08,26,15,38,42
B,266035,20666,77,3448,161272,6132,86,3447,979.3,298.7
G,3228038,129125,60,3448,1901811,35991,73,3447,979.3,298.7
R,1287430,59995,3510,3448,759518,27706,3429,3447,979.3,298.7
D,NBXX,9999,3.374e-5,2.313e-5,1.404e-5,3.494e-6,3.793e-6,3.238e-6
Y,194494,979.3,298.7,294.6,54.1,13.0,5.7,0,0000
T,2014,08,26,15,43,42
B,266645,20153,101,3447,159858,6120,82,3447,979.3,298.7
G,3227879,126996,65,3447,1899882,35647,64,3447,979.3,298.7
R,1286202,60354,3625,3447,760168,27779,3466,3447,979.3,298.7
D,NBXX,9999,3.196e-5,2.248e-5,1.419e-5,3.340e-6,3.686e-6,3.182e-6
Y,194541,979.3,298.7,294.6,54.4,13.0,5.7,0,0000
T,2014,08,26,15,48,42
B,266414,20317,97,3447,161162,6263,102,3448,979.2,298.7
G,3227423,128718,76,3447,1902362,35843,76,3448,979.2,298.7
R,1286517,60120,3438,3447,760708,27920,3521,3448,979.2,298.7
D,NBXX,9999,3.245e-5,2.300e-5,1.413e-5,3.731e-6,3.736e-6,3.356e-6
Y,194514,979.2,298.7,294.6,54.3,13.0,5.7,0,0000
T,2014,08,26,15,53,42
B,266368,20008,98,3447,161337,6306,75,3447,979.1,298.6
G,3227820,127669,91,3447,1902833,35806,93,3447,979.1,298.6
R,1286511,60316,3570,3447,760393,27642,3569,3447,979.1,298.6
D,NBXX,9999,3.158e-5,2.267e-5,1.412e-5,3.949e-6,3.715e-6,3.060e-6
Y,194538,979.1,298.6,294.6,54.9,13.0,5.7,0,0000
T,2014,08,26,15,58,42
B,265179,20157,79,3448,161385,6258,95,3447,979.2,298.6
G,3226792,127012,78,3448,1901490,35573,58,3447,979.2,298.6
R,1288070,59460,3433,3448,760168,27416,3538,3447,979.2,298.6
D,NBXX,9999,3.231e-5,2.250e-5,1.368e-5,3.887e-6,3.668e-6,3.031e-6
Y,194419,979.2,298.6,294.6,53.9,13.0,5.7,0,0000
T,2014,08,26,16,03,42
B,265370,20211,101,3447,160607,6165,75,3447,979.1,298.6
G,3228048,127531,77,3447,1897691,35545,69,3447,979.1,298.6
R,1285229,60319,3571,3447,759262,27265,3439,3447,979.1,298.6
D,NBXX,9999,3.242e-5,2.264e-5,1.425e-5,3.576e-6,3.648e-6,2.932e-6
Y,194552,979.1,298.6,294.5,53.9,13.0,5.7,0,0000
T,2014,08,26,16,08,42
B,264483,20040,113,3447,160764,6287,98,3448,979.1,298.6
G,3226139,126051,109,3447,1900177,35305,89,3448,979.1,298.6
R,1286391,60028,3611,3447,760316,27346,3558,3448,979.1,298.6
D,NBXX,9999,3.198e-5,2.219e-5,1.393e-5,3.882e-6,3.560e-6,2.854e-6
Y,194436,979.1,298.6,294.5,53.8,13.0,5.7,0,0000
T,2014,08,26,16,13,42
B,265817,19560,97,3447,160591,6136,91,3447,979.1,298.6
G,3231377,120664,83,3447,1902654,34632,54,3447,979.1,298.6
R,1285489,58221,3582,3447,758509,27216,3452,3447,979.1,298.6
D,NBXX,9999,3.029e-5,2.050e-5,1.293e-5,3.414e-6,3.362e-6,2.882e-6
Y,194753,979.1,298.6,294.5,51.8,13.0,5.7,0,0000
T,2014,08,26,16,18,42
B,266015,19272,75,3448,161520,6135,88,3447,979.0,298.6
G,3230050,119715,83,3448,1902561,34823,82,3447,979.0,298.6
R,1286547,57253,3503,3448,760602,26855,3612,3447,979.0,298.6
D,NBXX,9999,2.945e-5,2.022e-5,1.225e-5,3.491e-6,3.417e-6,2.597e-6
Y,194616,979.0,298.6,294.5,50.0,13.0,5.7,0,0000
T,2014,08,26,16,23,42
B,266031,19380,83,3447,159939,6218,96,3447,979.0,298.6
G,3224125,122498,96,3447,1902047,34859,45,3447,979.0,298.6
R,1286294,58721,3546,3447,758320,27018,3533,3447,979.0,298.6
D,NBXX,9999,2.972e-5,2.114e-5,1.319e-5,3.682e-6,3.453e-6,2.721e-6
Y,194314,979.0,298.6,294.5,50.8,13.1,5.7,0,0000
T,2014,08,26,16,28,42
B,265076,19151,98,3447,161268,6162,100,3448,979.0,298.6
G,3225794,120841,54,3447,1905723,34415,66,3448,979.0,298.6
R,1286248,57417,3490,3447,760175,26875,3532,3448,979.0,298.6
D,NBXX,9999,2.916e-5,2.062e-5,1.243e-5,3.503e-6,3.316e-6,2.670e-6
Y,194415,979.0,298.6,294.5,50.7,13.0,5.7,0,0000
T,2014,08,26,16,33,42
B,265728,19562,103,3447,160187,6316,95,3447,979.0,298.6
G,3227730,122371,83,3447,1900235,35243,59,3447,979.0,298.6
R,1286260,58621,3318,3447,758798,27234,3439,3447,979.0,298.6
D,NBXX,9999,3.028e-5,2.106e-5,1.336e-5,3.936e-6,3.559e-6,3.085e-6
Y,194532,979.0,298.6,294.5,50.8,13.0,5.7,0,0000
T,2014,08,26,16,38,42
B,265169,19825,91,3448,160789,6132,63,3447,978.9,298.6
G,3226081,124053,64,3448,1891904,35051,61,3447,978.9,298.6
R,1287498,58430,3468,3448,754537,27322,3577,3447,978.9,298.6
D,NBXX,9999,3.136e-5,2.160e-5,1.300e-5,3.572e-6,3.514e-6,2.926e-6
Y,194376,978.9,298.6,294.5,51.8,13.0,5.7,0,0000
T,2014,08,26,16,43,42
B,262924,20404,94,3403,158529,6167,94,3404,978.9,298.6
G,3190158,127089,95,3403,1879051,35434,59,3404,978.9,298.6
R,1271820,60605,3457,3403,751114,27096,3478,3404,978.9,298.6
D,NBXX,9999,3.355e-5,2.296e-5,1.482e-5,3.704e-6,3.736e-6,3.001e-6
Y,194755,978.9,298.6,294.5,52.6,13.0,5.7,0,0008
T,2014,08,26,16,48,42
B,266041,20739,79,3447,160732,6209,99,3448,978.9,298.6
G,3230301,128024,85,3447,1902531,35548,48,3448,978.9,298.6
R,1285535,59603,3530,3447,760903,27220,3507,3448,978.9,298.6
D,NBXX,9999,3.388e-5,2.276e-5,1.378e-5,3.652e-6,3.643e-6,2.878e-6
Y,194688,978.9,298.6,294.5,53.0,13.0,5.7,0,0000
T,2014,08,26,16,53,42
B,265846,20647,97,3447,161470,6438,81,3447,978.8,298.6
G,3224382,130331,89,3447,1899305,36186,67,3447,978.8,298.6
R,1285589,60605,3441,3447,759874,27246,3376,3447,978.8,298.6
D,NBXX,9999,3.364e-5,2.353e-5,1.455e-5,4.372e-6,3.853e-6,3.055e-6
Y,194330,978.8,298.6,294.5,53.6,13.0,5.7,0,0000
T,2014,08,26,16,58,42
B,266431,20914,95,3448,161582,6140,91,3447,978.9,298.6
G,3228511,131172,82,3448,1906248,35755,70,3447,978.9,298.6
R,1287439,60511,3483,3448,759333,27622,3594,3447,978.9,298.6
D,NBXX,9999,3.429e-5,2.374e-5,1.426e-5,3.397e-6,3.712e-6,3.088e-6
Y,194523,978.9,298.6,294.5,54.1,13.0,5.7,0,0000
T,2014,08,26,17,03,42
B,265655,20947,65,3447,161474,6253,73,3447,978.9,298.6
G,3232933,130238,77,3447,1904258,36155,89,3447,978.9,298.6
R,1285376,60343,3601,3447,760358,27163,3467,3447,978.9,298.6
D,NBXX,9999,3.475e-5,2.340e-5,1.422e-5,3.961e-6,3.811e-6,2.826e-6
Y,194847,978.9,298.6,294.5,54.3,13.0,5.7,0,0000
T,2014,08,26,17,08,42
B,265973,20753,104,3447,161326,6376,86,3448,978.9,298.6
G,3231555,133212,59,3447,1905518,36302,52,3448,978.9,298.6
R,1287690,61196,3510,3447,759548,27595,3507,3448,978.9,298.6
D,NBXX,9999,3.389e-5,2.434e-5,1.472e-5,4.125e-6,3.877e-6,3.103e-6
Y,194764,978.9,298.6,294.5,55.6,13.1,5.7,0,0000
T,2014,08,26,17,13,42
B,266059,21195,123,3447,161617,6325,69,3447,978.9,298.6
G,3227936,133627,59,3447,1907845,36451,73,3447,978.9,298.6
R,1284520,61247,3435,3447,760832,28040,3496,3447,978.9,298.6
D,NBXX,9999,3.522e-5,2.451e-5,1.490e-5,3.961e-6,3.931e-6,3.473e-6
Y,194545,978.9,298.6,294.5,55.1,13.0,5.7,0,0000
T,2014,08,26,17,18,42
B,266876,21116,86,3448,160575,6246,89,3447,978.9,298.6
G,3233406,130679,79,3448,1904184,35702,55,3447,978.9,298.6
R,1286462,60771,3472,3448,758077,27150,3606,3447,978.9,298.6
D,NBXX,9999,3.484e-5,2.354e-5,1.445e-5,3.729e-6,3.686e-6,2.806e-6
Y,194819,978.9,298.6,294.5,54.1,13.0,5.7,0,0000
T,2014,08,26,17,23,42
B,266476,20886,90,3447,160919,6142,86,3447,978.9,298.6
G,3228530,131478,89,3447,1905173,35801,68,3447,978.9,298.6
R,1285377,60560,3518,3447,760022,27276,3396,3447,978.9,298.6
D,NBXX,9999,3.423e-5,2.383e-5,1.446e-5,3.430e-6,3.721e-6,3.006e-6
Y,194581,978.9,298.6,294.5,53.9,13.0,5.7,0,0000
T,2014,08,26,17,28,42
B,265294,21208,73,3447,161848,6199,89,3448,978.9,298.6
G,3233942,132773,96,3447,1905784,36552,75,3448,978.9,298.6
R,1287448,61474,3580,3447,759152,27192,3504,3448,978.9,298.6
D,NBXX,9999,3.555e-5,2.416e-5,1.485e-5,3.730e-6,3.924e-6,2.810e-6
Y,194908,978.9,298.6,294.5,54.6,13.0,5.7,0,0000
T,2014,08,26,17,33,42
B,265557,21384,117,3447,161570,6447,112,3447,978.9,298.6
G,3231061,134616,91,3447,1904261,36424,72,3447,978.9,298.6
R,1287065,61565,3516,3447,759986,28010,3507,3447,978.9,298.6
D,NBXX,9999,3.579e-5,2.476e-5,1.496e-5,4.239e-6,3.901e-6,3.364e-6
Y,194734,978.9,298.6,294.5,56.0,13.0,5.7,0,0000
T,2014,08,26,17,38,42
B,265311,21131,78,3447,161070,6341,112,3447,978.9,298.7
G,3231834,133835,83,3447,1908706,36308,54,3447,978.9,298.7
R,1285023,60575,3548,3447,761357,27597,3503,3447,978.9,298.7
D,NBXX,9999,3.524e-5,2.452e-5,1.438e-5,4.084e-6,3.872e-6,3.109e-6
Y,194781,978.9,298.7,294.5,56.2,13.0,5.7,0,0000
T,2014,08,26,17,43,42
B,263920,21422,98,3448,161541,6328,77,3447,978.9,298.7
G,3229943,135742,54,3448,1904265,36519,78,3447,978.9,298.7
R,1287751,61956,3537,3448,760262,27832,3540,3447,978.9,298.7
D,NBXX,9999,3.653e-5,2.513e-5,1.514e-5,4.202e-6,3.948e-6,3.214e-6
Y,194610,978.9,298.7,294.6,56.4,13.1,5.7,0,0000
T,2014,08,26,17,48,42
B,266290,21252,95,3447,162613,6242,87,3447,978.9,298.7
G,3231896,132864,94,3447,1908798,36082,90,3447,978.9,298.7
R,1284766,61264,3563,3447,763126,27333,3539,3447,978.9,298.7
D,NBXX,9999,3.540e-5,2.420e-5,1.478e-5,3.741e-6,3.786e-6,2.912e-6
Y,194784,978.9,298.7,294.6,56.2,13.0,5.7,0,0000
T,2014,08,26,17,53,42
B,266051,21546,75,3447,162499,6156,87,3448,978.8,298.7
G,3233816,134246,83,3447,1907581,35991,63,3448,978.8,298.7
R,1288916,61883,3479,3447,762958,28069,3504,3448,978.8,298.7
D,NBXX,9999,3.643e-5,2.462e-5,1.514e-5,3.560e-6,3.762e-6,3.407e-6
Y,194901,978.8,298.7,294.6,55.7,13.0,5.7,0,0000
T,2014,08,26,17,58,42
B,265589,21325,98,3447,161129,6432,95,3447,978.9,298.7
G,3228729,135375,94,3447,1906706,35721,71,3447,978.9,298.7
R,1285895,61567,3495,3447,762136,27836,3525,3447,978.9,298.7
D,NBXX,9999,3.576e-5,2.502e-5,1.499e-5,4.332e-6,3.693e-6,3.271e-6
Y,194593,978.9,298.7,294.6,55.9,13.0,5.7,0,0000
T,2014,08,26,18,03,42
B,265751,21208,79,3448,161629,6277,91,3447,978.9,298.7
G,3230854,132436,82,3448,1906221,36074,71,3447,978.9,298.7
R,1288358,60814,3540,3448,762999,27736,3515,3447,978.9,298.7
D,NBXX,9999,3.544e-5,2.410e-5,1.444e-5,3.933e-6,3.801e-6,3.165e-6
Y,194665,978.9,298.7,294.6,55.4,13.0,5.7,0,0000
T,2014,08,26,18,08,42
B,265160,21063,114,3447,160942,6467,85,3447,978.9,298.7
G,3229835,131491,86,3447,1904224,35977,70,3447,978.9,298.7
R,1285217,60569,3652,3447,760627,27684,3551,3447,978.9,298.7
D,NBXX,9999,3.503e-5,2.382e-5,1.427e-5,4.449e-6,3.771e-6,3.052e-6
Y,194660,978.9,298.7,294.6,55.1,13.0,5.7,0,0000
T,2014,08,26,18,13,42
B,265298,20889,91,3447,160735,6206,82,3448,978.8,298.7
G,3232862,131074,87,3447,1907319,36000,93,3448,978.8,298.7
R,1288408,61236,3623,3447,761065,27596,3571,3448,978.8,298.7
D,NBXX,9999,3.456e-5,2.365e-5,1.460e-5,3.726e-6,3.756e-6,2.971e-6
Y,194843,978.8,298.7,294.6,55.2,13.0,5.7,0,0000
T,2014,08,26,18,18,42
B,264831,20340,91,3447,160810,6216,81,3447,978.9,298.7
G,3230779,126779,81,3447,1909974,34787,64,3447,978.9,298.7
R,1286849,59755,3574,3447,763371,27196,3572,3447,978.9,298.7
D,NBXX,9999,3.299e-5,2.237e-5,1.376e-5,3.798e-6,3.408e-6,2.778e-6
Y,194717,978.9,298.7,294.6,54.4,13.0,5.7,0,0000
T,2014,08,26,18,23,42
B,263992,19646,88,3448,161366,6147,85,3447,978.9,298.7
G,3230303,122980,84,3448,1903423,34798,76,3447,978.9,298.7
R,1286969,58437,3501,3448,761576,27092,3543,3447,978.9,298.7
D,NBXX,9999,3.104e-5,2.121e-5,1.302e-5,3.646e-6,3.411e-6,2.790e-6
Y,194631,978.9,298.7,294.6,52.6,13.0,5.7,0,0000
T,2014,08,26,18,28,42
B,265685,19571,102,3447,160572,6183,99,3447,978.9,298.7
G,3228627,122970,107,3447,1903684,35041,71,3447,978.9,298.7
R,1284849,58834,3535,3447,758829,26931,3423,3447,978.9,298.7
D,NBXX,9999,3.033e-5,2.122e-5,1.338e-5,3.534e-6,3.481e-6,2.767e-6
Y,194587,978.9,298.7,294.6,52.3,13.0,5.7,0,0000
T,2014,08,26,18,33,42
B,264646,19665,73,3447,160152,6362,100,3448,978.9,298.8
G,3230291,125002,89,3447,1893581,34894,70,3448,978.9,298.8
R,1287434,58711,3558,3447,756513,27602,3619,3448,978.9,298.8
D,NBXX,9999,3.095e-5,2.183e-5,1.309e-5,4.251e-6,3.434e-6,2.996e-6
Y,194687,978.9,298.8,294.7,53.3,13.0,5.7,0,0000
T,2014,08,26,18,38,42
B,265726,19796,105,3447,160294,6353,102,3447,978.9,298.8
G,3227458,123427,89,3447,1903767,34925,98,3447,978.9,298.8
R,1284301,58351,3548,3447,760177,27589,3459,3447,978.9,298.8
D,NBXX,9999,3.099e-5,2.137e-5,1.306e-5,4.031e-6,3.446e-6,3.143e-6
Y,194516,978.9,298.8,294.6,53.1,13.1,5.7,0,0000
T,2014,08,26,18,43,42
B,266727,19665,129,3448,160690,6204,115,3447,978.9,298.8
G,3230437,122584,66,3448,1900723,34819,66,3447,978.9,298.8
R,1286523,58564,3557,3448,759862,26947,3596,3447,978.9,298.8
D,NBXX,9999,3.024e-5,2.110e-5,1.303e-5,3.380e-6,3.427e-6,2.626e-6
Y,194639,978.9,298.8,294.6,52.3,13.0,5.7,0,0000
T,2014,08,26,18,48,42
B,265482,19441,88,3447,160505,6042,83,3447,978.9,298.7
G,3228138,122458,59,3447,1901014,34740,82,3447,978.9,298.7
R,1285293,59131,3520,3447,759904,27565,3475,3447,978.9,298.7
D,NBXX,9999,3.008e-5,2.108e-5,1.353e-5,3.223e-6,3.404e-6,3.127e-6
Y,194557,978.9,298.7,294.6,51.5,13.1,5.7,0,0000
T,2014,08,26,18,53,42
B,263416,19429,95,3413,159238,6059,94,3413,979.0,298.7
G,3205100,121227,95,3413,1885419,34602,48,3413,979.0,298.7
R,1275913,57734,3566,3413,753485,27032,3475,3413,979.0,298.7
D,NBXX,9999,3.044e-5,2.097e-5,1.286e-5,3.351e-6,3.436e-6,2.851e-6
Y,195095,979.0,298.7,294.6,51.8,13.0,5.7,0,0008
T,2014,08,26,18,58,42
B,260777,19491,75,3390,157328,5975,90,3390,979.0,298.7
G,3165873,123270,71,3390,1864814,34335,64,3390,979.0,298.7
R,1260357,57299,3560,3390,743672,26894,3523,3390,979.0,298.7
D,NBXX,9999,3.132e-5,2.208e-5,1.293e-5,3.359e-6,3.488e-6,2.878e-6
Y,194010,979.0,298.7,294.6,52.5,13.0,5.7,0,0008
T,2014,08,26,19,03,42
B,266810,19677,112,3448,161228,6220,112,3447,979.0,298.7
G,3227111,121855,87,3448,1896007,35083,77,3447,979.0,298.7
R,1287171,57762,3631,3448,757865,27374,3590,3447,979.0,298.7
D,NBXX,9999,3.032e-5,2.090e-5,1.248e-5,3.494e-6,3.507e-6,2.835e-6
Y,194438,979.0,298.7,294.6,52.1,13.0,5.7,0,0000
T,2014,08,26,19,08,42
B,265419,18834,85,3447,159859,6021,98,3447,979.0,298.7
G,3226796,118531,82,3447,1893640,34491,61,3447,979.0,298.7
R,1286433,57122,3681,3447,756083,27035,3628,3447,979.0,298.7
D,NBXX,9999,2.819e-5,1.990e-5,1.204e-5,3.120e-6,3.331e-6,2.566e-6
Y,194476,979.0,298.7,294.6,50.8,13.0,5.7,0,0000
T,2014,08,26,19,13,42
B,266823,18926,98,3447,160600,6108,107,3448,979.0,298.7
G,3228018,117389,74,3447,1904450,34085,79,3448,979.0,298.7
R,1285716,57375,3610,3447,761271,27173,3654,3448,979.0,298.7
D,NBXX,9999,2.810e-5,1.953e-5,1.224e-5,3.208e-6,3.197e-6,2.685e-6
Y,194550,979.0,298.7,294.6,50.0,13.1,5.7,0,0000
T,2014,08,26,19,18,42
B,261256,18495,83,3379,157546,6000,85,3378,979.0,298.7
G,3160960,113920,87,3379,1864631,33292,72,3378,979.0,298.7
R,1261479,55826,3612,3379,744490,26305,3528,3378,979.0,298.7
D,NBXX,9999,2.810e-5,1.921e-5,1.194e-5,3.398e-6,3.173e-6,2.461e-6
Y,194341,979.0,298.7,294.5,49.5,13.0,5.7,0,0008
T,2014,08,26,19,23,42
B,266068,18574,82,3448,161074,6255,86,3447,979.0,298.7
G,3221754,115440,69,3448,1896262,33557,71,3447,979.0,298.7
R,1286182,56665,3626,3448,759172,26843,3521,3447,979.0,298.7
D,NBXX,9999,2.731e-5,1.901e-5,1.188e-5,3.851e-6,3.066e-6,2.570e-6
Y,194114,979.0,298.7,294.5,49.7,13.1,5.7,0,0000
T,2014,08,26,19,28,42
B,265813,18338,112,3447,161123,6065,91,3447,979.0,298.7
G,3225950,114945,91,3447,1904958,34094,54,3447,979.0,298.7
R,1283360,56361,3644,3447,760890,26841,3731,3447,979.0,298.7
D,NBXX,9999,2.652e-5,1.881e-5,1.159e-5,3.157e-6,3.212e-6,2.426e-6
Y,194425,979.0,298.7,294.6,49.2,13.0,5.7,0,0000
T,2014,08,26,19,33,42
B,265816,18268,118,3447,161549,5991,84,3448,979.1,298.7
G,3224586,114370,78,3447,1904278,33380,84,3448,979.1,298.7
R,1285750,56068,3593,3447,762286,26973,3700,3448,979.1,298.7
D,NBXX,9999,2.631e-5,1.864e-5,1.142e-5,2.929e-6,2.989e-6,2.541e-6
Y,194342,979.1,298.7,294.6,48.7,13.0,5.7,0,0000
T,2014,08,26,19,38,42
B,265187,18026,103,3447,160887,5855,88,3447,979.1,298.7
G,3226375,111503,85,3447,1909565,33444,76,3447,979.1,298.7
R,1285069,55811,3641,3447,763291,26485,3565,3447,979.1,298.7
D,NBXX,9999,2.573e-5,1.775e-5,1.134e-5,2.597e-6,3.006e-6,2.313e-6
Y,194450,979.1,298.7,294.5,48.1,13.0,5.7,0,0000
T,2014,08,26,19,43,42
B,252664,16988,104,3269,152880,5639,87,3268,979.1,298.7
G,3060175,106789,88,3269,1804568,31771,64,3268,979.1,298.7
R,1219644,52698,3417,3269,720832,25468,3324,3268,979.1,298.7
D,NBXX,9999,2.510e-5,1.808e-5,1.123e-5,2.764e-6,3.025e-6,2.606e-6
Y,194476,979.1,298.7,294.5,48.4,13.0,5.7,0,0008
T,2014,08,26,19,48,42
B,250600,17080,87,3267,152296,5747,84,3265,979.1,298.7
G,3063186,107792,98,3267,1795381,31916,59,3265,979.1,298.7
R,1221588,53111,3374,3267,715238,25053,3437,3265,979.1,298.7
D,NBXX,9999,2.592e-5,1.837e-5,1.140e-5,3.340e-6,3.063e-6,2.270e-6
Y,194788,979.1,298.7,294.5,49.1,13.0,5.7,0,0008
T,2014,08,26,19,53,42
B,265323,18011,103,3447,162214,5893,83,3447,979.1,298.6
G,3221446,112666,85,3447,1892480,33753,55,3447,979.1,298.6
R,1283113,55624,3723,3447,756537,26665,3712,3447,979.1,298.6
D,NBXX,9999,2.565e-5,1.816e-5,1.110e-5,2.709e-6,3.124e-6,2.276e-6
Y,194152,979.1,298.6,294.4,49.1,13.0,5.7,0,0000
T,2014,08,26,19,58,42
B,264456,18389,74,3447,160828,5915,123,3448,979.2,298.6
G,3224812,114167,77,3447,1895488,33580,59,3448,979.2,298.6
R,1283970,56032,3564,3447,759121,26918,3700,3448,979.2,298.6
D,NBXX,9999,2.695e-5,1.859e-5,1.146e-5,2.790e-6,3.058e-6,2.544e-6
Y,194356,979.2,298.6,294.4,49.1,13.0,5.7,0,0000
T,2014,08,26,20,03,42
B,264663,18871,101,3447,159724,5970,98,3447,979.2,298.6
G,3226171,116505,90,3447,1891555,34502,55,3447,979.2,298.6
R,1286355,56996,3673,3447,756568,26871,3623,3447,979.2,298.6
D,NBXX,9999,2.839e-5,1.928e-5,1.197e-5,2.943e-6,3.336e-6,2.475e-6
Y,194438,979.2,298.6,294.3,48.4,13.0,5.7,0,0000
T,2014,08,26,20,08,42
B,265589,18781,81,3448,160187,6128,85,3447,979.2,298.6
G,3222989,118178,69,3448,1891945,33887,63,3447,979.2,298.6
R,1286700,57312,3503,3448,757940,27175,3589,3447,979.2,298.6
D,NBXX,9999,2.803e-5,1.984e-5,1.230e-5,3.488e-6,3.166e-6,2.809e-6
Y,194189,979.2,298.6,294.3,48.6,13.0,5.7,0,0000
T,2014,08,26,20,13,42
B,265273,18794,105,3447,160133,6204,94,3447,979.2,298.5
G,3222209,116350,83,3447,1887329,34343,97,3447,979.2,298.5
R,1284892,56421,3709,3447,754746,27152,3580,3447,979.2,298.5
D,NBXX,9999,2.802e-5,1.927e-5,1.166e-5,3.620e-6,3.288e-6,2.666e-6
Y,194198,979.2,298.5,294.3,49.1,13.0,5.7,0,0000
T,2014,08,26,20,18,42
B,265978,18678,80,3447,160430,6174,89,3448,979.2,298.5
G,3223936,115906,82,3447,1891528,33623,79,3448,979.2,298.5
R,1284076,57228,3647,3447,756116,26983,3606,3448,979.2,298.5
D,NBXX,9999,2.762e-5,1.912e-5,1.220e-5,3.581e-6,3.065e-6,2.591e-6
Y,194303,979.2,298.5,294.3,49.1,13.1,5.7,0,0000
T,2014,08,26,20,23,42
B,264970,18524,88,3447,161143,6168,87,3447,979.2,298.5
G,3224385,115494,79,3447,1891248,34046,64,3447,979.2,298.5
R,1284606,56617,3561,3447,755914,26864,3585,3447,979.2,298.5
D,NBXX,9999,2.734e-5,1.900e-5,1.189e-5,3.616e-6,3.203e-6,2.593e-6
Y,194330,979.2,298.5,294.2,49.4,13.0,5.7,0,0000
T,2014,08,26,20,28,42
B,265344,18807,109,3448,159095,6064,84,3447,979.3,298.5
G,3224199,117347,74,3448,1886205,34434,84,3447,979.3,298.5
R,1283859,56898,3598,3448,756767,27001,3578,3447,979.3,298.5
D,NBXX,9999,2.806e-5,1.956e-5,1.205e-5,3.213e-6,3.320e-6,2.667e-6
Y,194262,979.3,298.5,294.2,50.2,13.0,5.7,0,0000
T,2014,08,26,20,33,42
B,265235,19156,99,3447,161046,5999,90,3447,979.3,298.5
G,3226735,117898,74,3447,1893866,34585,69,3447,979.3,298.5
R,1282191,57509,3621,3447,755202,26853,3551,3447,979.3,298.5
D,NBXX,9999,2.917e-5,1.971e-5,1.247e-5,3.030e-6,3.360e-6,2.589e-6
Y,194472,979.3,298.5,294.2,50.4,13.0,5.7,0,0000
T,2014,08,26,20,38,42
B,254850,18111,87,3320,154132,5814,119,3321,979.4,298.4
G,3104725,113435,75,3320,1827404,33308,73,3321,979.4,298.4
R,1235619,54771,3515,3320,728843,26055,3356,3321,979.4,298.4
D,NBXX,9999,2.814e-5,1.970e-5,1.209e-5,3.093e-6,3.363e-6,2.729e-6
Y,194276,979.4,298.4,294.1,50.7,13.0,5.7,0,0008
T,2014,08,26,20,43,42
B,252302,18348,83,3289,153511,5797,87,3289,979.4,298.4
G,3079816,113598,82,3289,1814163,33416,49,3289,979.4,298.4
R,1227861,54823,3349,3289,724676,25848,3340,3289,979.4,298.4
D,NBXX,9999,2.961e-5,2.005e-5,1.245e-5,3.358e-6,3.492e-6,2.809e-6
Y,194535,979.4,298.4,294.1,50.8,13.0,5.7,0,0008
T,2014,08,26,20,48,42
B,265774,19202,98,3448,160842,6093,89,3447,979.4,298.4
G,3227741,120925,88,3448,1911252,34608,58,3447,979.4,298.4
R,1285636,57909,3522,3448,761306,27133,3676,3447,979.4,298.4
D,NBXX,9999,2.920e-5,2.062e-5,1.262e-5,3.294e-6,3.366e-6,2.717e-6
Y,194476,979.4,298.4,294.1,51.5,13.0,5.7,0,0000
T,2014,08,26,20,53,42
B,264462,19341,88,3447,161356,6080,83,3447,979.4,298.4
G,3226377,123566,89,3447,1905435,35411,54,3447,979.4,298.4
R,1286954,58861,3499,3447,761168,27317,3519,3447,979.4,298.4
D,NBXX,9999,2.997e-5,2.144e-5,1.330e-5,3.395e-6,3.614e-6,2.943e-6
Y,194450,979.4,298.4,294.1,51.5,13.0,5.7,0,0000
T,2014,08,26,20,58,42
B,265907,19827,75,3447,161911,6220,85,3448,979.5,298.4
G,3229300,124674,109,3447,1907493,35195,89,3448,979.5,298.4
R,1284474,58914,3480,3447,765426,27160,3656,3448,979.5,298.4
D,NBXX,9999,3.118e-5,2.173e-5,1.331e-5,3.759e-6,3.516e-6,2.780e-6
Y,194627,979.5,298.4,294.1,51.7,13.0,5.7,0,0000
T,2014,08,26,21,03,42
B,265426,19729,91,3447,161457,6315,88,3447,979.4,298.4
G,3230794,124258,85,3447,1906200,34959,65,3447,979.4,298.4
R,1282835,58870,3509,3447,761605,27360,3542,3447,979.4,298.4
D,NBXX,9999,3.092e-5,2.160e-5,1.339e-5,4.021e-6,3.459e-6,2.983e-6
Y,194718,979.4,298.4,294.1,51.5,13.0,5.7,0,0000
T,2014,08,26,21,08,42
B,264749,19877,98,3448,161704,6339,92,3447,979.5,298.4
G,3225388,124528,87,3448,1908495,35401,59,3447,979.5,298.4
R,1284760,59105,3511,3448,758724,27594,3557,3447,979.5,298.4
D,NBXX,9999,3.149e-5,2.175e-5,1.347e-5,4.109e-6,3.616e-6,3.102e-6
Y,194334,979.5,298.4,294.1,51.8,13.0,5.7,0,0000
T,2014,08,26,21,13,42
B,263931,19631,98,3425,159952,6295,55,3425,979.6,298.4
G,3211597,123646,99,3425,1896862,35284,87,3425,979.6,298.4
R,1274986,58313,3521,3425,756448,27149,3607,3425,979.6,298.4
D,NBXX,9999,3.105e-5,2.163e-5,1.318e-5,4.159e-6,3.609e-6,2.870e-6
Y,194804,979.6,298.4,294.0,52.1,13.0,5.7,0,0008
T,2014,08,26,21,18,42
B,265005,19960,92,3447,161105,6284,89,3448,979.7,298.3
G,3227773,123664,93,3447,1903277,35627,65,3448,979.7,298.3
R,1285115,59113,3552,3447,760616,27211,3449,3448,979.7,298.3
D,NBXX,9999,3.169e-5,2.145e-5,1.352e-5,3.929e-6,3.667e-6,2.902e-6
Y,194535,979.7,298.3,294.0,52.3,13.0,5.7,0,0000
T,2014,08,26,21,23,42
B,265363,20134,74,3447,160942,6282,94,3447,979.7,298.3
G,3229556,125495,68,3447,1904168,35749,74,3447,979.7,298.3
R,1283710,59204,3400,3447,761163,27576,3412,3447,979.7,298.3
D,NBXX,9999,3.219e-5,2.200e-5,1.374e-5,3.950e-6,3.707e-6,3.280e-6
Y,194643,979.7,298.3,294.0,52.8,13.0,5.7,0,0000
T,2014,08,26,21,28,42
B,265359,20322,102,3448,161660,6374,85,3447,979.8,298.3
G,3233845,128021,87,3448,1907095,35932,78,3447,979.8,298.3
R,1286698,59865,3467,3448,762430,27273,3516,3447,979.8,298.3
D,NBXX,9999,3.270e-5,2.271e-5,1.395e-5,4.170e-6,3.744e-6,2.947e-6
Y,194846,979.8,298.3,294.0,53.0,13.0,5.7,0,0000
T,2014,08,26,21,33,42
B,265520,20710,101,3447,159888,6555,101,3447,979.8,298.3
G,3223242,130687,80,3447,1890359,36593,70,3447,979.8,298.3
R,1282570,60548,3513,3447,756330,27633,3415,3447,979.8,298.3
D,NBXX,9999,3.380e-5,2.366e-5,1.452e-5,4.655e-6,3.984e-6,3.243e-6
Y,194261,979.8,298.3,294.0,53.1,13.0,5.7,0,0000
T,2014,08,26,21,38,42
B,265793,20802,82,3447,160190,6449,96,3448,979.9,298.3
G,3227780,130224,88,3447,1901154,36423,33,3448,979.9,298.3
R,1284405,60545,3446,3447,757275,27520,3417,3448,979.9,298.3
D,NBXX,9999,3.410e-5,2.347e-5,1.451e-5,4.390e-6,3.923e-6,3.198e-6
Y,194535,979.9,298.3,294.0,53.4,13.0,5.7,0,0000
T,2014,08,26,21,43,42
B,259418,20903,77,3384,157958,6401,88,3384,979.9,298.3
G,3168929,130090,97,3384,1863814,36708,70,3384,979.9,298.3
R,1259265,59612,3484,3384,743930,27209,3455,3384,979.9,298.3
D,NBXX,9999,3.602e-5,2.415e-5,1.452e-5,4.762e-6,4.205e-6,3.192e-6
Y,194544,979.9,298.3,294.0,53.6,13.0,5.7,0,0008
T,2014,08,26,21,48,42
B,261593,20764,93,3380,157602,6397,88,3380,980.0,298.3
G,3170707,129648,68,3380,1868056,36139,72,3380,980.0,298.3
R,1263924,59400,3435,3380,746475,26821,3480,3380,980.0,298.3
D,NBXX,9999,3.499e-5,2.400e-5,1.428e-5,4.530e-6,4.031e-6,2.922e-6
Y,194885,980.0,298.3,294.0,53.9,13.0,5.7,0,0008
T,2014,08,26,21,53,42
B,261619,20822,89,3393,157280,6308,93,3393,980.0,298.3
G,3183674,130740,79,3393,1865984,36816,80,3393,980.0,298.3
R,1265708,59836,3389,3393,743514,27232,3564,3393,980.0,298.3
D,NBXX,9999,3.516e-5,2.417e-5,1.448e-5,4.247e-6,4.188e-6,3.135e-6
Y,194932,980.0,298.3,294.0,54.3,13.0,5.7,0,0008
T,2014,08,26,21,58,42
B,263642,21915,104,3420,159301,6594,102,3420,980.0,298.4
G,3205169,136521,71,3420,1890275,37541,62,3420,980.0,298.4
R,1276288,61992,3377,3420,754416,27916,3471,3420,980.0,298.4
D,NBXX,9999,3.795e-5,2.569e-5,1.563e-5,4.899e-6,4.345e-6,3.535e-6
Y,194698,980.0,298.4,294.0,54.4,13.0,5.7,0,0008
T,2014,08,26,22,03,42
B,264485,23337,81,3447,160166,6956,83,3447,980.1,298.4
G,3228542,147243,71,3447,1899974,39325,55,3447,980.1,298.4
R,1284954,64918,3400,3447,758556,28411,3462,3447,980.1,298.4
D,NBXX,9999,4.226e-5,2.866e-5,1.720e-5,6.100e-6,4.810e-6,3.747e-6
Y,194581,980.1,298.4,294.0,54.4,13.0,5.7,0,0000
T,2014,08,26,22,08,42
B,265123,24404,119,3447,160626,7291,92,3447,980.0,298.3
G,3228644,153463,54,3447,1901479,40578,89,3447,980.0,298.3
R,1283101,67095,3537,3447,758483,28736,3463,3447,980.0,298.3
D,NBXX,9999,4.520e-5,3.056e-5,1.849e-5,6.911e-6,5.186e-6,3.867e-6
Y,194588,980.0,298.3,294.0,54.7,13.0,5.7,0,0000
T,2014,08,26,22,13,42
B,265904,23903,97,3448,161143,7033,67,3447,980.1,298.3
G,3227435,150152,70,3448,1896926,40448,47,3447,980.1,298.3
R,1282016,65935,3468,3448,758445,28534,3540,3447,980.1,298.3
D,NBXX,9999,4.362e-5,2.957e-5,1.780e-5,6.231e-6,5.164e-6,3.751e-6
Y,194458,980.1,298.3,294.0,54.9,13.0,5.7,0,0000
T,2014,08,26,22,18,42
B,265909,23553,109,3447,160781,6973,92,3447,980.1,298.3
G,3229352,148407,88,3447,1904492,40323,56,3447,980.1,298.3
R,1285676,66280,3568,3447,757865,28566,3449,3447,980.1,298.3
D,NBXX,9999,4.241e-5,2.900e-5,1.790e-5,5.910e-6,5.105e-6,3.724e-6
Y,194630,980.1,298.3,294.0,55.2,13.0,5.7,0,0000
T,2014,08,26,22,23,42
B,265738,24747,104,3447,161117,7194,72,3448,980.1,298.3
G,3229393,156095,64,3447,1904073,41724,88,3448,980.1,298.3
R,1284681,67397,3455,3447,760732,29168,3470,3448,980.1,298.3
D,NBXX,9999,4.621e-5,3.135e-5,1.869e-5,6.682e-6,5.527e-6,4.167e-6
Y,194633,980.1,298.3,293.9,55.6,13.0,5.7,0,0000
T,2014,08,26,22,28,42
B,265688,25484,67,3447,161358,7454,94,3447,980.1,298.3
G,3225826,161146,84,3447,1903156,43067,71,3447,980.1,298.3
R,1285378,69638,3384,3447,759640,29688,3545,3447,980.1,298.3
D,NBXX,9999,4.853e-5,3.295e-5,2.004e-5,7.542e-6,5.954e-6,4.482e-6
Y,194417,980.1,298.3,293.9,55.9,13.0,5.7,0,0000
T,2014,08,26,22,33,42
B,265281,24591,94,3448,160222,7350,100,3447,980.1,298.3
G,3231263,154466,88,3448,1899946,41342,72,3447,980.1,298.3
R,1283248,66824,3490,3448,757536,29056,3397,3447,980.1,298.3
D,NBXX,9999,4.579e-5,3.082e-5,1.840e-5,7.146e-6,5.407e-6,4.148e-6
Y,194689,980.1,298.3,293.9,56.0,13.0,5.7,0,0000
T,2014,08,26,22,38,42
B,266012,24559,119,3447,160978,7228,69,3447,980.1,298.3
G,3227503,153419,80,3447,1900310,41259,65,3447,980.1,298.3
R,1284186,67366,3368,3447,759587,28732,3532,3447,980.1,298.3
D,NBXX,9999,4.551e-5,3.056e-5,1.870e-5,6.728e-6,5.398e-6,3.925e-6
Y,194519,980.1,298.3,293.9,56.4,13.0,5.7,0,0000
T,2014,08,26,22,43,42
B,265563,24290,86,3447,161138,7299,106,3448,980.1,298.3
G,3230000,152412,96,3447,1901608,40757,61,3448,980.1,298.3
R,1285593,66843,3379,3447,759892,28746,3435,3448,980.1,298.3
D,NBXX,9999,4.480e-5,3.021e-5,1.840e-5,6.961e-6,5.227e-6,3.977e-6
Y,194670,980.1,298.3,293.9,56.5,13.0,5.7,0,0000
T,2014,08,26,22,48,42
B,262113,22983,87,3416,158915,6717,88,3415,980.1,298.3
G,3196873,145547,81,3416,1885419,38838,63,3415,980.1,298.3
R,1273628,64359,3376,3416,750056,28109,3378,3415,980.1,298.3
D,NBXX,9999,4.177e-5,2.858e-5,1.724e-5,5.513e-6,4.775e-6,3.754e-6
Y,194421,980.1,298.3,293.9,56.7,13.0,5.7,0,0008
T,2014,08,26,22,53,42
B,265820,24528,67,3448,159844,7034,88,3447,980.1,298.3
G,3232196,156518,73,3448,1892799,41041,47,3447,980.1,298.3
R,1281511,67845,3420,3448,754900,28928,3421,3447,980.1,298.3
D,NBXX,9999,4.558e-5,3.145e-5,1.911e-5,6.273e-6,5.326e-6,4.120e-6
Y,194746,980.1,298.3,293.9,56.9,13.0,5.7,0,0000
T,2014,08,26,22,58,42
B,264464,25313,91,3447,160166,7351,103,3447,980.1,298.3
G,3222344,160339,70,3447,1893518,42893,64,3447,980.1,298.3
R,1283360,69337,3371,3447,756385,29325,3355,3447,980.1,298.3
D,NBXX,9999,4.825e-5,3.276e-5,2.006e-5,7.211e-6,5.923e-6,4.424e-6
Y,194206,980.1,298.3,293.9,57.0,13.0,5.7,0,0000
T,2014,08,26,23,03,42
B,264610,24007,94,3447,160420,6763,84,3448,980.1,298.3
G,3227622,153166,86,3447,1895288,40538,67,3448,980.1,298.3
R,1283833,67063,3358,3447,755982,29069,3403,3448,980.1,298.3
D,NBXX,9999,4.424e-5,3.048e-5,1.862e-5,5.441e-6,5.171e-6,4.232e-6
Y,194526,980.1,298.3,293.9,57.2,13.0,5.7,0,0000
T,2014,08,26,23,08,42
B,265903,23536,91,3447,160761,6848,58,3447,980.1,298.3
G,3230219,150507,100,3447,1896263,39843,68,3447,980.1,298.3
R,1284133,66400,3377,3447,755915,28719,3427,3447,980.1,298.3
D,NBXX,9999,4.255e-5,2.962e-5,1.817e-5,5.712e-6,4.947e-6,3.986e-6
Y,194683,980.1,298.3,293.9,57.3,13.1,5.7,0,0000
T,2014,08,26,23,13,42
B,265706,24176,84,3448,160364,6826,61,3447,980.1,298.3
G,3228869,153796,72,3448,1898393,39575,56,3447,980.1,298.3
R,1283453,68927,3463,3448,757487,29043,3425,3447,980.1,298.3
D,NBXX,9999,4.457e-5,3.066e-5,1.969e-5,5.680e-6,4.888e-6,4.138e-6
Y,194545,980.1,298.3,293.9,57.3,13.0,5.7,0,0000
T,2014,08,26,23,18,42
B,255097,23092,92,3297,153087,6557,64,3298,980.1,298.3
G,3094109,152969,71,3297,1817372,38783,52,3298,980.1,298.3
R,1234063,68323,3183,3297,725299,28132,3302,3298,980.1,298.3
D,NBXX,9999,4.413e-5,3.244e-5,2.111e-5,5.617e-6,5.154e-6,4.364e-6
Y,194965,980.1,298.3,293.9,57.7,13.0,5.7,0,0008
T,2014,08,26,23,23,42
B,266732,24472,96,3447,160212,6929,68,3448,980.1,298.3
G,3224868,159726,74,3447,1901738,40245,52,3448,980.1,298.3
R,1284382,71267,3409,3447,758419,28955,3379,3448,980.1,298.3
D,NBXX,9999,4.513e-5,3.254e-5,2.118e-5,5.836e-6,5.101e-6,4.136e-6
Y,194359,980.1,298.3,293.9,57.7,13.0,5.7,0,0000
T,2014,08,26,23,28,42
B,265126,24204,105,3447,160918,6821,110,3447,980.1,298.3
G,3229325,158906,61,3447,1899706,40150,71,3447,980.1,298.3
R,1284730,71651,3461,3447,762354,29047,3501,3447,980.1,298.3
D,NBXX,9999,4.458e-5,3.222e-5,2.128e-5,5.454e-6,5.057e-6,4.070e-6
Y,194629,980.1,298.3,293.9,57.8,13.0,5.7,0,0000
T,2014,08,26,23,33,42
B,266544,24175,83,3448,160667,7033,88,3447,980.1,298.3
G,3228741,159328,75,3448,1905264,40555,70,3447,980.1,298.3
R,1283828,70938,3415,3448,759267,29244,3400,3447,980.1,298.3
D,NBXX,9999,4.425e-5,3.235e-5,2.097e-5,6.156e-6,5.182e-6,4.310e-6
Y,194537,980.1,298.3,293.9,57.8,13.0,5.7,0,0000
T,2014,08,26,23,38,42
B,266360,24680,104,3447,160501,6973,109,3447,980.1,298.3
G,3229376,163463,80,3447,1901978,40990,57,3447,980.1,298.3
R,1286443,72221,3414,3447,759148,29227,3484,3447,980.1,298.3
D,NBXX,9999,4.570e-5,3.361e-5,2.163e-5,5.832e-6,5.311e-6,4.209e-6
Y,194632,980.1,298.3,293.9,58.0,13.0,5.7,0,0000
T,2014,08,26,23,43,42
B,265338,25468,107,3447,160939,6967,79,3448,980.1,298.3
G,3230636,165872,63,3447,1902353,40907,60,3448,980.1,298.3
R,1285174,73868,3493,3447,757733,29561,3286,3448,980.1,298.3
D,NBXX,9999,4.850e-5,3.433e-5,2.276e-5,5.983e-6,5.283e-6,4.508e-6
Y,194708,980.1,298.3,293.9,58.1,13.0,5.7,0,0000
T,2014,08,26,23,48,42
B,267108,25348,83,3447,161216,6878,93,3447,980.1,298.3
G,3227097,167505,80,3447,1901333,41920,64,3447,980.1,298.3
R,1282723,74754,3422,3447,757721,29695,3466,3447,980.1,298.3
D,NBXX,9999,4.765e-5,3.488e-5,2.331e-5,5.616e-6,5.602e-6,4.543e-6
Y,194494,980.1,298.3,293.9,58.3,13.0,5.7,0,0000
T,2014,08,26,23,53,42
B,265291,25345,96,3448,161369,7132,82,3447,980.0,298.3
G,3230190,167038,67,3448,1902040,41509,80,3447,980.0,298.3
R,1283656,74394,3387,3448,758914,29795,3397,3447,980.0,298.3
D,NBXX,9999,4.816e-5,3.468e-5,2.313e-5,6.533e-6,5.467e-6,4.674e-6
Y,194624,980.0,298.3,293.9,58.5,13.0,5.7,0,0000
T,2014,08,26,23,58,42
B,266199,24682,112,3447,161641,6893,89,3447,980.0,298.3
G,3228320,162601,96,3447,1893729,40555,50,3447,980.0,298.3
R,1283596,72315,3378,3447,756124,29302,3416,3447,980.0,298.3
D,NBXX,9999,4.579e-5,3.336e-5,2.184e-5,5.642e-6,5.179e-6,4.359e-6
Y,194568,980.0,298.3,293.9,58.5,13.0,5.7,0,0000
