T,2014,08,21,00,06,28
B,270600,22332,168,3448,162960,6475,143,3447,980.3,300.3
G,3246248,147986,221,3448,1907891,36824,196,3447,980.3,300.3
R,1317975,73504,5138,3448,776887,32128,5131,3447,980.3,300.3
D,NBXX,9999,3.729e-5,2.860e-5,1.912e-5,3.759e-6,3.910e-6,3.291e-6
Y,195596,980.3,300.3,295.9,65.9,13.0,5.7,0,0000
T,2014,08,21,00,11,28
B,270727,22588,194,3447,163339,6557,124,3447,980.3,300.3
G,3244605,147656,151,3447,1910785,36635,133,3447,980.3,300.3
R,1316962,73656,4994,3447,779064,32332,5242,3447,980.3,300.3
D,NBXX,9999,3.801e-5,2.856e-5,1.926e-5,3.967e-6,3.902e-6,3.442e-6
Y,195553,980.3,300.3,295.9,66.1,13.1,5.7,0,0000
T,2014,08,21,00,16,28
B,271348,22657,166,3447,162620,6450,150,3448,980.4,300.3
G,3248971,149530,120,3447,1919885,37075,121,3448,980.4,300.3
R,1318232,73940,4931,3447,779046,32156,5114,3448,980.4,300.3
D,NBXX,9999,3.807e-5,2.909e-5,1.953e-5,3.605e-6,4.033e-6,3.453e-6
Y,195817,980.4,300.3,295.9,66.3,13.1,5.7,0,0000
T,2014,08,21,00,21,28
B,270442,22379,139,3447,163962,6451,165,3447,980.4,300.3
G,3249167,148916,134,3447,1914113,36699,92,3447,980.4,300.3
R,1316010,74005,5014,3447,777202,32006,5241,3447,980.4,300.3
D,NBXX,9999,3.750e-5,2.890e-5,1.948e-5,3.716e-6,3.927e-6,3.241e-6
Y,195829,980.4,300.3,295.9,66.4,13.1,5.7,0,0000
T,2014,08,21,00,26,28
B,268155,21843,131,3426,162735,6499,147,3425,980.4,300.3
G,3228849,144882,135,3426,1903438,35841,119,3425,980.4,300.3
R,1311320,72432,5113,3426,773706,31617,5061,3425,980.4,300.3
D,NBXX,9999,3.652e-5,2.795e-5,1.872e-5,4.116e-6,3.727e-6,3.110e-6
Y,195797,980.4,300.3,295.9,66.4,13.1,5.7,0,0008
T,2014,08,21,00,31,28
B,269842,22247,160,3447,164098,6548,163,3447,980.5,300.3
G,3250076,147633,172,3447,1911628,36979,145,3447,980.5,300.3
R,1317563,74017,4927,3447,778159,31860,5037,3447,980.5,300.3
D,NBXX,9999,3.718e-5,2.847e-5,1.965e-5,3.983e-6,3.976e-6,3.342e-6
Y,195884,980.5,300.3,295.9,66.7,13.1,5.7,0,0000
T,2014,08,21,00,36,28
B,270081,22339,126,3447,163649,6637,134,3448,980.4,300.2
G,3248386,147640,200,3447,1912197,36904,177,3448,980.4,300.2
R,1315939,72661,5106,3447,778112,31770,5079,3448,980.4,300.2
D,NBXX,9999,3.759e-5,2.847e-5,1.873e-5,4.436e-6,3.935e-6,3.144e-6
Y,195782,980.4,300.2,295.9,66.7,13.1,5.7,0,0000
T,2014,08,21,00,41,28
B,270205,22756,162,3447,164029,6511,136,3447,980.3,300.2
G,3243525,147854,264,3447,1909130,36683,221,3447,980.3,300.2
R,1313393,73528,5122,3447,775734,31971,4990,3447,980.3,300.2
D,NBXX,9999,3.868e-5,2.857e-5,1.937e-5,3.920e-6,3.849e-6,3.344e-6
Y,195488,980.3,300.2,295.8,67.1,13.1,5.7,0,0000
T,2014,08,21,00,46,28
B,269080,22657,164,3448,163971,6532,139,3447,980.3,300.2
G,3247260,149132,184,3448,1911398,36927,169,3447,980.3,300.2
R,1315309,74459,5012,3448,777259,31866,4952,3447,980.3,300.2
D,NBXX,9999,3.865e-5,2.895e-5,1.998e-5,4.049e-6,3.961e-6,3.371e-6
Y,195657,980.3,300.2,295.8,67.2,13.0,5.7,0,0000
T,2014,08,21,00,51,28
B,270053,23397,173,3447,163719,6606,102,3447,980.3,300.2
G,3247378,154302,254,3447,1913555,37477,270,3447,980.3,300.2
R,1315420,75355,5000,3447,778798,32233,5000,3447,980.3,300.2
D,NBXX,9999,4.073e-5,3.046e-5,2.049e-5,4.297e-6,4.064e-6,3.562e-6
Y,195721,980.3,300.2,295.8,68.0,13.1,5.7,0,0000
T,2014,08,21,00,56,28
B,269624,23667,195,3447,163495,6441,119,3448,980.3,300.2
G,3248994,156731,180,3447,1916742,37410,106,3448,980.3,300.2
R,1317748,76496,4852,3447,778885,32312,4988,3448,980.3,300.2
D,NBXX,9999,4.152e-5,3.126e-5,2.122e-5,3.687e-6,4.119e-6,3.694e-6
Y,195819,980.3,300.2,295.8,68.2,13.0,5.7,0,0000
T,2014,08,21,01,01,28
B,271428,23585,143,3447,163161,6797,141,3447,980.3,300.2
G,3250096,160008,97,3447,1912739,38023,80,3447,980.3,300.2
R,1313807,77844,4957,3447,777732,32314,5094,3447,980.3,300.2
D,NBXX,9999,4.091e-5,3.228e-5,2.200e-5,4.743e-6,4.343e-6,3.590e-6
Y,195886,980.3,300.2,295.8,68.9,13.1,5.7,0,0000
T,2014,08,21,01,06,28
B,269771,23663,139,3448,163162,6657,163,3447,980.3,300.2
G,3246307,158559,137,3448,1913079,37761,131,3447,980.3,300.2
R,1315473,77432,5055,3448,776948,32370,4876,3447,980.3,300.2
D,NBXX,9999,4.151e-5,3.186e-5,2.179e-5,4.382e-6,4.248e-6,3.696e-6
Y,195599,980.3,300.2,295.8,68.7,13.0,5.7,0,0000
T,2014,08,21,01,11,28
B,269840,23890,158,3447,163174,6628,135,3447,980.3,300.2
G,3248611,157046,146,3447,1908387,37892,163,3447,980.3,300.2
R,1317711,76485,4942,3447,776578,32064,4969,3447,980.3,300.2
D,NBXX,9999,4.221e-5,3.135e-5,2.116e-5,4.316e-6,4.262e-6,3.500e-6
Y,195796,980.3,300.2,295.8,68.4,13.0,5.7,0,0000
T,2014,08,21,01,16,28
B,269545,23892,130,3447,164186,6613,132,3448,980.3,300.1
G,3249106,158300,219,3447,1914965,38249,231,3448,980.3,300.1
R,1315072,77144,4931,3447,777671,32100,4834,3448,980.3,300.1
D,NBXX,9999,4.240e-5,3.168e-5,2.174e-5,4.394e-6,4.315e-6,3.645e-6
Y,195826,980.3,300.1,295.8,68.5,13.1,5.7,0,0000
T,2014,08,21,01,21,28
B,270534,23823,141,3447,163727,6516,138,3447,980.3,300.1
G,3247373,159506,271,3447,1913809,37899,227,3447,980.3,300.1
R,1317406,77438,4994,3447,777619,32025,4965,3447,980.3,300.1
D,NBXX,9999,4.188e-5,3.205e-5,2.171e-5,3.979e-6,4.201e-6,3.446e-6
Y,195721,980.3,300.1,295.8,68.9,13.0,5.7,0,0000
T,2014,08,21,01,26,28
B,270819,23957,150,3448,163046,6630,167,3447,980.3,300.1
G,3244965,162712,191,3448,1913563,38204,185,3447,980.3,300.1
R,1314822,78344,4830,3448,774138,32367,4967,3447,980.3,300.1
D,NBXX,9999,4.207e-5,3.311e-5,2.245e-5,4.175e-6,4.349e-6,3.795e-6
Y,195518,980.3,300.1,295.8,69.7,13.1,5.7,0,0000
T,2014,08,21,01,31,28
B,270896,23703,127,3447,164338,6653,129,3447,980.3,300.1
G,3248240,163410,167,3447,1916243,38377,210,3447,980.3,300.1
R,1314770,78762,4922,3447,777675,32461,4850,3447,980.3,300.1
D,NBXX,9999,4.150e-5,3.327e-5,2.272e-5,4.446e-6,4.386e-6,3.865e-6
Y,195773,980.3,300.1,295.8,69.8,13.0,5.7,0,0000
T,2014,08,21,01,36,28
B,270089,23492,131,3447,163502,6837,119,3448,980.3,300.1
G,3252780,160004,249,3447,1918677,38635,240,3448,980.3,300.1
R,1314812,77315,4724,3447,778321,32186,4834,3448,980.3,300.1
D,NBXX,9999,4.109e-5,3.213e-5,2.200e-5,5.072e-6,4.406e-6,3.844e-6
Y,196048,980.3,300.1,295.8,69.3,13.1,5.7,0,0000
T,2014,08,21,01,41,28
B,271201,23350,141,3447,162911,6721,128,3447,980.2,300.1
G,3247689,157417,285,3447,1913813,38217,254,3447,980.2,300.1
R,1317115,76180,4728,3447,776214,31891,4794,3447,980.2,300.1
D,NBXX,9999,4.032e-5,3.140e-5,2.127e-5,4.583e-6,4.282e-6,3.674e-6
Y,195740,980.2,300.1,295.7,69.2,13.0,5.7,0,0000
T,2014,08,21,01,46,28
B,269686,23425,132,3447,164040,6549,161,3447,980.2,300.1
G,3253247,154897,195,3447,1913014,37983,201,3447,980.2,300.1
R,1314380,75437,4780,3447,777298,31484,4906,3447,980.2,300.1
D,NBXX,9999,4.085e-5,3.060e-5,2.079e-5,4.088e-6,4.242e-6,3.340e-6
Y,196076,980.2,300.1,295.7,69.2,13.1,5.7,0,0000
T,2014,08,21,01,51,28
B,269745,23503,144,3448,164322,6526,126,3447,980.2,300.0
G,3249125,155048,124,3448,1913568,37870,138,3447,980.2,300.0
R,1315057,75248,4732,3448,777320,31571,4767,3447,980.2,300.0
D,NBXX,9999,4.115e-5,3.076e-5,2.078e-5,4.101e-6,4.273e-6,3.521e-6
Y,195770,980.2,300.0,295.7,69.2,13.1,5.7,0,0000
T,2014,08,21,01,56,28
B,270181,23276,124,3447,163241,6604,150,3447,980.1,300.0
G,3249553,154245,128,3447,1912021,37499,108,3447,980.1,300.0
R,1313915,75003,4795,3447,776747,31868,4690,3447,980.1,300.0
D,NBXX,9999,4.034e-5,3.051e-5,2.071e-5,4.286e-6,4.165e-6,3.730e-6
Y,195853,980.1,300.0,295.7,69.0,13.0,5.7,0,0000
T,2014,08,21,02,01,28
B,269537,23634,139,3447,163008,6447,134,3448,980.0,300.0
G,3247803,154836,111,3447,1912092,37701,152,3448,980.0,300.0
R,1313373,74693,4730,3447,774519,31385,4750,3448,980.0,300.0
D,NBXX,9999,4.159e-5,3.071e-5,2.054e-5,3.855e-6,4.219e-6,3.443e-6
Y,195747,980.0,300.0,295.7,68.9,13.1,5.7,0,0000
T,2014,08,21,02,06,28
B,269410,23722,135,3425,161979,6665,136,3425,979.8,300.0
G,3230129,158340,111,3425,1900144,37920,95,3425,979.8,300.0
R,1303982,76292,4653,3425,770278,31255,4731,3425,979.8,300.0
D,NBXX,9999,4.189e-5,3.206e-5,2.186e-5,4.535e-6,4.372e-6,3.524e-6
Y,195933,979.8,300.0,295.7,70.0,13.0,5.7,0,0008
T,2014,08,21,02,16,28
B,270692,23129,129,3447,163188,6560,138,3447,979.9,300.0
G,3253181,153636,149,3447,1915803,37302,132,3447,979.9,300.0
R,1317739,74333,4650,3447,776586,31188,4791,3447,979.9,300.0
D,NBXX,9999,3.979e-5,3.026e-5,2.022e-5,4.142e-6,4.076e-6,3.315e-6
Y,196072,979.9,300.0,295.7,69.2,13.0,5.7,0,0000
T,2014,08,21,02,21,28
B,269288,23354,143,3447,163233,6516,139,3448,979.9,300.0
G,3253496,154567,178,3447,1915484,37771,169,3448,979.9,300.0
R,1315021,74876,4706,3447,777965,31404,4626,3448,979.9,300.0
D,NBXX,9999,4.078e-5,3.052e-5,2.070e-5,4.049e-6,4.191e-6,3.542e-6
Y,196091,979.9,300.0,295.7,69.2,13.1,5.7,0,0000
T,2014,08,21,02,26,28
B,269031,23014,145,3447,163422,6560,130,3447,979.8,300.0
G,3248033,154203,249,3447,1913648,37923,201,3447,979.8,300.0
R,1314422,75473,4772,3447,775817,31425,4660,3447,979.8,300.0
D,NBXX,9999,3.984e-5,3.045e-5,2.101e-5,4.230e-6,4.223e-6,3.495e-6
Y,195761,979.8,300.0,295.7,69.5,13.0,5.7,0,0000
T,2014,08,21,02,36,28
B,271425,23035,120,3447,163692,6592,139,3447,979.7,299.9
G,3251092,153027,212,3447,1917062,37354,191,3447,979.7,299.9
R,1314005,74726,4737,3447,775559,31496,4749,3447,979.7,299.9
D,NBXX,9999,3.935e-5,3.006e-5,2.054e-5,4.215e-6,4.056e-6,3.504e-6
Y,195946,979.7,299.9,295.7,69.5,13.0,5.7,0,0000
T,2014,08,21,02,46,28
B,269772,22587,151,3447,163371,6585,112,3447,979.6,299.9
G,3249847,150324,160,3447,1915242,37114,119,3447,979.6,299.9
R,1313415,72652,4693,3447,776776,31106,4540,3447,979.6,299.9
D,NBXX,9999,3.840e-5,2.930e-5,1.948e-5,4.296e-6,4.032e-6,3.451e-6
Y,195870,979.6,299.9,295.6,68.9,13.1,5.7,0,0000
T,2014,08,21,02,51,28
B,270076,22863,165,3448,164411,6373,144,3447,979.6,299.9
G,3253042,150324,101,3448,1919540,37225,101,3447,979.6,299.9
R,1314238,73284,4705,3448,776018,31264,4639,3447,979.6,299.9
D,NBXX,9999,3.900e-5,2.929e-5,1.976e-5,3.480e-6,4.085e-6,3.466e-6
Y,196007,979.6,299.9,295.6,68.9,13.0,5.7,0,0000
T,2014,08,21,02,56,28
B,269937,22888,138,3447,162809,6544,106,3447,979.5,299.9
G,3253608,150907,130,3447,1915134,37378,135,3447,979.5,299.9
R,1312149,73215,4550,3447,775569,31019,4604,3447,979.5,299.9
D,NBXX,9999,3.933e-5,2.943e-5,1.991e-5,4.227e-6,4.104e-6,3.466e-6
Y,196098,979.5,299.9,295.6,68.9,13.0,5.7,0,0000
T,2014,08,21,03,01,28
B,270442,23394,119,3447,163518,6610,121,3448,979.4,299.9
G,3251585,152795,191,3447,1917645,37621,218,3448,979.4,299.9
R,1316739,73953,4554,3447,777289,31170,4663,3448,979.4,299.9
D,NBXX,9999,4.077e-5,2.998e-5,2.018e-5,4.412e-6,4.130e-6,3.466e-6
Y,195976,979.4,299.9,295.6,68.7,13.0,5.7,0,0000
T,2014,08,21,03,06,28
B,270821,22872,179,3447,164498,6619,107,3447,979.4,299.9
G,3250914,149957,230,3447,1919290,37335,200,3447,979.4,299.9
R,1314046,72834,4760,3447,778278,30918,4623,3447,979.4,299.9
D,NBXX,9999,3.895e-5,2.912e-5,1.947e-5,4.258e-6,4.042e-6,3.227e-6
Y,195935,979.4,299.9,295.6,68.9,13.1,5.7,0,0000
T,2014,08,21,03,11,28
B,271108,22789,133,3448,162935,6295,108,3447,979.4,299.8
G,3254848,151198,245,3448,1912267,37387,224,3447,979.4,299.8
R,1312932,72726,4537,3448,777379,30683,4515,3447,979.4,299.8
D,NBXX,9999,3.875e-5,2.943e-5,1.966e-5,3.414e-6,4.033e-6,3.332e-6
Y,196116,979.4,299.8,295.6,69.2,13.0,5.7,0,0000
T,2014,08,21,03,16,28
B,270238,22677,138,3447,163496,6484,125,3447,979.4,299.8
G,3250528,149916,276,3447,1917552,37325,255,3447,979.4,299.8
R,1314323,72184,4495,3447,778683,31138,4646,3447,979.4,299.8
D,NBXX,9999,3.856e-5,2.908e-5,1.923e-5,3.959e-6,4.004e-6,3.527e-6
Y,195912,979.4,299.8,295.5,68.5,13.0,5.7,0,0000
T,2014,08,21,03,21,28
B,269781,22426,133,3447,163903,6371,126,3448,979.4,299.8
G,3254388,149213,308,3447,1917860,37402,249,3448,979.4,299.8
R,1314427,71718,4585,3447,775827,30937,4615,3448,979.4,299.8
D,NBXX,9999,3.793e-5,2.881e-5,1.891e-5,3.658e-6,4.002e-6,3.359e-6
Y,196145,979.4,299.8,295.5,68.2,13.0,5.7,0,0000
T,2014,08,21,03,26,28
B,271268,22999,153,3447,163006,6424,124,3447,979.4,299.8
G,3251736,150983,280,3447,1914476,37590,265,3447,979.4,299.8
R,1313509,73056,4385,3447,776191,30976,4519,3447,979.4,299.8
D,NBXX,9999,3.922e-5,2.938e-5,1.995e-5,3.659e-6,4.076e-6,3.603e-6
Y,195985,979.4,299.8,295.5,68.4,13.0,5.7,0,0000
T,2014,08,21,03,31,28
B,271222,22857,135,3448,164092,6552,145,3447,979.4,299.8
G,3257164,150665,268,3448,1914869,37690,225,3447,979.4,299.8
R,1312917,72633,4685,3448,774938,31083,4618,3447,979.4,299.8
D,NBXX,9999,3.879e-5,2.923e-5,1.943e-5,4.042e-6,4.109e-6,3.398e-6
Y,196256,979.4,299.8,295.5,68.5,13.0,5.7,0,0000
T,2014,08,21,03,36,28
B,269141,22695,146,3447,164200,6643,138,3447,979.4,299.8
G,3253822,151578,189,3447,1919890,37682,189,3447,979.4,299.8
R,1315064,73568,4622,3447,777961,31013,4540,3447,979.4,299.8
D,NBXX,9999,3.881e-5,2.959e-5,2.003e-5,4.442e-6,4.155e-6,3.430e-6
Y,196111,979.4,299.8,295.5,68.9,13.0,5.7,0,0000
T,2014,08,21,03,41,28
B,270724,22745,127,3447,162335,6619,144,3448,979.4,299.8
G,3255438,149952,200,3447,1912099,36855,240,3448,979.4,299.8
R,1313709,72081,4517,3447,775807,30455,4320,3448,979.4,299.8
D,NBXX,9999,3.861e-5,2.906e-5,1.940e-5,4.298e-6,3.874e-6,3.329e-6
Y,196209,979.4,299.8,295.5,68.9,13.1,5.7,0,0000
T,2014,08,21,03,46,28
B,270486,22909,123,3447,162883,6698,126,3447,979.4,299.8
G,3254549,151233,218,3447,1918529,37478,242,3447,979.4,299.8
R,1312854,72759,4528,3447,776694,30906,4491,3447,979.4,299.8
D,NBXX,9999,3.924e-5,2.945e-5,1.971e-5,4.635e-6,4.062e-6,3.486e-6
Y,196155,979.4,299.8,295.5,69.0,13.0,5.7,0,0000
T,2014,08,21,03,51,28
B,270296,22749,134,3448,164107,6458,146,3447,979.4,299.8
G,3258833,149550,211,3448,1914055,37005,176,3447,979.4,299.8
R,1313680,72382,4324,3448,774210,30677,4514,3447,979.4,299.8
D,NBXX,9999,3.870e-5,2.891e-5,1.958e-5,3.823e-6,3.933e-6,3.471e-6
Y,196357,979.4,299.8,295.5,68.9,13.1,5.7,0,0000
T,2014,08,21,03,56,28
B,269744,22873,128,3447,163676,6522,141,3447,979.3,299.8
G,3253029,151008,151,3447,1915359,37310,137,3447,979.3,299.8
R,1313313,72923,4500,3447,776210,30902,4488,3447,979.3,299.8
D,NBXX,9999,3.925e-5,2.946e-5,1.981e-5,4.087e-6,4.077e-6,3.501e-6
Y,196063,979.3,299.8,295.5,68.7,13.0,5.7,0,0000
T,2014,08,21,04,01,28
B,269875,22702,125,3447,163904,6526,118,3447,979.4,299.8
G,3255800,150240,186,3447,1919853,36829,134,3447,979.4,299.8
R,1314847,72077,4447,3447,776850,30368,4469,3447,979.4,299.8
D,NBXX,9999,3.879e-5,2.918e-5,1.931e-5,4.180e-6,3.910e-6,3.215e-6
Y,196231,979.4,299.8,295.5,68.7,13.1,5.7,0,0000
T,2014,08,21,04,06,28
B,270448,22846,140,3447,163100,6488,96,3448,979.3,299.8
G,3260373,151493,125,3447,1917672,37210,110,3448,979.3,299.8
R,1314553,72509,4481,3447,775476,30365,4522,3448,979.3,299.8
D,NBXX,9999,3.911e-5,2.953e-5,1.952e-5,4.045e-6,4.037e-6,3.151e-6
Y,196507,979.3,299.8,295.5,68.9,13.1,5.7,0,0000
T,2014,08,21,04,11,28
B,270160,22506,122,3447,162994,6591,135,3447,979.3,299.8
G,3252592,150288,183,3447,1915294,37592,202,3447,979.3,299.8
R,1312583,72361,4397,3447,776319,30533,4493,3447,979.3,299.8
D,NBXX,9999,3.808e-5,2.922e-5,1.956e-5,4.308e-6,4.130e-6,3.354e-6
Y,196037,979.3,299.8,295.5,68.9,13.0,5.7,0,0000
T,2014,08,21,04,16,28
B,269200,22988,145,3448,162612,6637,117,3447,979.4,299.8
G,3252571,148960,188,3448,1915991,37402,186,3447,979.4,299.8
R,1311432,71904,4447,3448,777362,30691,4528,3447,979.4,299.8
D,NBXX,9999,3.976e-5,2.882e-5,1.926e-5,4.502e-6,4.079e-6,3.405e-6
Y,195978,979.4,299.8,295.5,68.9,13.0,5.7,0,0000
T,2014,08,21,04,21,28
B,268677,22601,138,3418,163210,6550,89,3418,979.4,299.8
G,3227036,149035,117,3418,1898846,36472,105,3418,979.4,299.8
R,1302059,72081,4375,3418,768840,29884,4492,3418,979.4,299.8
D,NBXX,9999,3.884e-5,2.925e-5,1.971e-5,4.393e-6,3.934e-6,3.074e-6
Y,196147,979.4,299.8,295.5,68.5,13.1,5.7,0,0008
T,2014,08,21,04,26,28
B,269982,22746,132,3447,163865,6560,148,3448,979.4,299.8
G,3259897,150351,119,3447,1917692,37312,129,3448,979.4,299.8
R,1313400,72495,4419,3447,774653,30461,4505,3448,979.4,299.8
D,NBXX,9999,3.877e-5,2.918e-5,1.960e-5,4.141e-6,4.065e-6,3.275e-6
Y,196479,979.4,299.8,295.5,68.5,13.1,5.7,0,0000
T,2014,08,21,04,31,28
B,270174,22952,150,3447,163568,6556,144,3447,979.5,299.8
G,3256413,149789,128,3447,1912431,37033,108,3447,979.5,299.8
R,1313660,72205,4504,3447,777202,30322,4480,3447,979.5,299.8
D,NBXX,9999,3.929e-5,2.906e-5,1.937e-5,4.072e-6,4.000e-6,3.151e-6
Y,196268,979.5,299.8,295.5,68.2,13.0,5.7,0,0000
T,2014,08,21,04,36,28
B,271688,22811,119,3448,163846,6537,133,3447,979.5,299.8
G,3259338,148860,148,3448,1913962,37358,102,3447,979.5,299.8
R,1313950,71707,4519,3448,774533,30643,4465,3447,979.5,299.8
D,NBXX,9999,3.864e-5,2.874e-5,1.906e-5,4.062e-6,4.086e-6,3.346e-6
Y,196388,979.5,299.8,295.5,68.4,13.1,5.7,0,0000
T,2014,08,21,04,41,28
B,269670,22231,149,3447,164034,6828,142,3447,979.5,299.8
G,3256859,148325,147,3447,1922243,37281,134,3447,979.5,299.8
R,1313635,71607,4373,3447,776539,30415,4458,3447,979.5,299.8
D,NBXX,9999,3.726e-5,2.860e-5,1.912e-5,4.938e-6,4.057e-6,3.314e-6
Y,196295,979.5,299.8,295.6,68.2,13.0,5.7,0,0000
T,2014,08,21,04,46,28
B,269945,22644,122,3447,163501,6448,118,3448,979.5,299.8
G,3253425,148030,126,3447,1919688,36914,156,3448,979.5,299.8
R,1315248,71894,4452,3447,777167,30454,4430,3448,979.5,299.8
D,NBXX,9999,3.861e-5,2.856e-5,1.921e-5,3.945e-6,3.954e-6,3.283e-6
Y,196087,979.5,299.8,295.6,68.2,13.0,5.7,0,0000
T,2014,08,21,04,51,28
B,271236,22558,132,3447,163751,6561,134,3447,979.6,299.8
G,3255346,148583,125,3447,1919053,37487,158,3447,979.6,299.8
R,1312202,71428,4424,3447,774790,30702,4327,3447,979.6,299.8
D,NBXX,9999,3.791e-5,2.870e-5,1.911e-5,4.097e-6,4.124e-6,3.557e-6
Y,196203,979.6,299.8,295.6,68.2,13.0,5.7,0,0000
T,2014,08,21,04,56,28
B,270460,22617,111,3448,163464,6609,149,3447,979.6,299.8
G,3257279,148092,216,3448,1917396,37217,211,3447,979.6,299.8
R,1315485,71600,4391,3448,776068,30263,4476,3447,979.6,299.8
D,NBXX,9999,3.830e-5,2.847e-5,1.904e-5,4.322e-6,3.988e-6,3.185e-6
Y,196263,979.6,299.8,295.6,67.9,13.0,5.7,0,0000
T,2014,08,21,05,01,28
B,269562,22626,131,3447,164107,6451,118,3447,979.7,299.8
G,3257261,148769,247,3447,1914995,37519,215,3447,979.7,299.8
R,1313641,71836,4338,3447,775360,30406,4386,3447,979.7,299.8
D,NBXX,9999,3.859e-5,2.866e-5,1.933e-5,3.941e-6,4.064e-6,3.384e-6
Y,196319,979.7,299.8,295.6,68.0,13.0,5.7,0,0000
T,2014,08,21,05,06,29
B,270201,22393,130,3447,163512,6484,136,3448,979.6,299.8
G,3258701,147520,114,3447,1918923,36777,104,3448,979.6,299.8
R,1314601,70862,4466,3447,776118,30634,4557,3448,979.6,299.8
D,NBXX,9999,3.767e-5,2.835e-5,1.851e-5,3.932e-6,3.917e-6,3.298e-6
Y,196406,979.6,299.8,295.5,68.2,13.0,5.7,0,0000
T,2014,08,21,05,11,28
B,270156,22190,126,3447,163672,6596,144,3447,979.6,299.8
G,3255187,145604,89,3447,1915641,36977,101,3447,979.6,299.8
R,1310914,70852,4491,3447,775059,30460,4422,3447,979.6,299.8
D,NBXX,9999,3.706e-5,2.783e-5,1.868e-5,4.264e-6,4.003e-6,3.309e-6
Y,196194,979.6,299.8,295.5,68.0,13.1,5.7,0,0000
T,2014,08,21,05,16,29
B,270204,21905,154,3448,163820,6414,132,3447,979.6,299.8
G,3260652,144294,111,3448,1918797,36891,95,3447,979.6,299.8
R,1315757,70408,4483,3448,774387,30218,4420,3447,979.6,299.8
D,NBXX,9999,3.613e-5,2.735e-5,1.829e-5,3.662e-6,3.956e-6,3.130e-6
Y,196467,979.6,299.8,295.5,68.0,13.0,5.7,0,0000
T,2014,08,21,05,21,28
B,270606,22025,121,3447,163621,6413,118,3447,979.6,299.8
G,3254801,143285,103,3447,1916242,36632,88,3447,979.6,299.8
R,1314699,69405,4352,3447,776481,30107,4483,3447,979.6,299.8
D,NBXX,9999,3.656e-5,2.713e-5,1.776e-5,3.790e-6,3.899e-6,3.116e-6
Y,196170,979.6,299.8,295.5,67.9,13.0,5.7,0,0000
T,2014,08,21,05,26,29
B,268852,21614,116,3447,163279,6324,122,3448,979.7,299.8
G,3252278,139790,127,3447,1914573,36182,97,3448,979.7,299.8
R,1312446,68794,4377,3447,773552,29752,4423,3448,979.7,299.8
D,NBXX,9999,3.574e-5,2.609e-5,1.748e-5,3.639e-6,3.757e-6,2.942e-6
Y,196018,979.7,299.8,295.5,67.7,13.0,5.7,0,0000
T,2014,08,21,05,31,28
B,269106,21652,137,3447,163685,6463,141,3447,979.6,299.8
G,3253840,141090,150,3447,1915694,36724,119,3447,979.6,299.8
R,1312029,68859,4376,3447,773874,30232,4379,3447,979.6,299.8
D,NBXX,9999,3.566e-5,2.645e-5,1.756e-5,3.907e-6,3.903e-6,3.272e-6
Y,196112,979.6,299.8,295.5,67.9,13.0,5.7,0,0000
T,2014,08,21,05,36,29
B,268697,21459,138,3448,162620,6522,118,3447,979.7,299.7
G,3256385,141388,147,3448,1913859,36358,114,3447,979.7,299.7
R,1310996,69610,4501,3448,774073,30079,4450,3447,979.7,299.7
D,NBXX,9999,3.525e-5,2.648e-5,1.790e-5,4.197e-6,3.776e-6,3.056e-6
Y,196209,979.7,299.7,295.5,67.7,13.1,5.7,0,0000
T,2014,08,21,05,41,28
B,262902,21243,137,3363,158915,6280,141,3363,979.7,299.7
G,3166961,139476,115,3363,1869982,35958,109,3363,979.7,299.7
R,1275889,67614,4263,3363,756137,29441,4255,3363,979.7,299.7
D,NBXX,9999,3.592e-5,2.711e-5,1.796e-5,3.779e-6,3.971e-6,3.295e-6
Y,195642,979.7,299.7,295.5,67.6,13.0,5.7,0,0008
T,2014,08,21,05,46,29
B,269795,22053,163,3447,163319,6651,128,3448,979.8,299.7
G,3245507,142634,104,3447,1912037,36776,117,3448,979.8,299.7
R,1310210,69204,4416,3447,771662,30454,4402,3448,979.8,299.7
D,NBXX,9999,3.666e-5,2.702e-5,1.777e-5,4.376e-6,3.948e-6,3.374e-6
Y,195608,979.8,299.7,295.5,67.6,13.1,5.7,0,0000
T,2014,08,21,05,51,29
B,268645,21644,94,3424,161731,6438,153,3424,979.9,299.7
G,3223657,142210,110,3424,1901665,35834,100,3424,979.9,299.7
R,1303091,69157,4453,3424,770014,30127,4421,3424,979.9,299.7
D,NBXX,9999,3.585e-5,2.719e-5,1.790e-5,3.972e-6,3.742e-6,3.207e-6
Y,195596,979.9,299.7,295.5,67.6,13.0,5.7,0,0008
T,2014,08,21,05,56,29
B,270635,22133,139,3448,163169,6588,110,3447,979.9,299.7
G,3254877,144561,106,3448,1922431,36991,107,3447,979.9,299.7
R,1310407,69828,4396,3448,776295,30133,4475,3447,979.9,299.7
D,NBXX,9999,3.684e-5,2.748e-5,1.811e-5,4.285e-6,3.990e-6,3.150e-6
Y,196118,979.9,299.7,295.5,67.7,13.0,5.7,0,0000
T,2014,08,21,06,01,29
B,270604,22197,149,3447,164334,6442,144,3447,979.9,299.8
G,3251247,144331,114,3447,1913863,36969,102,3447,979.9,299.8
R,1311688,69876,4402,3447,772948,29928,4322,3447,979.9,299.8
D,NBXX,9999,3.689e-5,2.749e-5,1.820e-5,3.689e-6,4.005e-6,3.113e-6
Y,195955,979.9,299.8,295.5,67.7,13.0,5.7,0,0000
T,2014,08,21,06,06,28
B,270167,22303,149,3447,163946,6808,123,3447,979.9,299.8
G,3254140,145696,164,3447,1914295,37462,140,3447,979.9,299.8
R,1313631,70287,4454,3447,773732,30413,4397,3447,979.9,299.8
D,NBXX,9999,3.739e-5,2.783e-5,1.831e-5,4.895e-6,4.114e-6,3.299e-6
Y,196130,979.9,299.8,295.5,67.7,13.1,5.7,0,0000
T,2014,08,21,06,11,29
B,269635,22981,116,3447,163014,6764,123,3448,979.9,299.8
G,3250678,150668,141,3447,1915996,37900,196,3448,979.9,299.8
R,1308656,71793,4389,3447,774353,30699,4441,3448,979.9,299.8
D,NBXX,9999,3.968e-5,2.938e-5,1.938e-5,4.910e-6,4.244e-6,3.529e-6
Y,195921,979.9,299.8,295.5,67.7,13.0,5.7,0,0000
T,2014,08,21,06,16,28
B,270608,21758,140,3447,163584,6525,136,3447,979.9,299.8
G,3252272,141199,195,3447,1915236,36953,166,3447,979.9,299.8
R,1311193,68743,4350,3447,773983,30127,4380,3447,979.9,299.8
D,NBXX,9999,3.563e-5,2.647e-5,1.753e-5,3.998e-6,3.945e-6,3.234e-6
Y,196017,979.9,299.8,295.5,67.4,13.1,5.7,0,0000
T,2014,08,21,06,21,29
B,269031,21552,124,3448,162645,6393,130,3447,980.0,299.8
G,3254653,140611,208,3448,1910568,36694,179,3447,980.0,299.8
R,1309401,69328,4417,3448,775592,29795,4406,3447,980.0,299.8
D,NBXX,9999,3.546e-5,2.625e-5,1.787e-5,3.790e-6,3.853e-6,2.988e-6
Y,196104,980.0,299.8,295.5,67.4,13.1,5.7,0,0000
T,2014,08,21,06,26,29
B,270909,21917,129,3447,163642,6506,113,3447,980.0,299.7
G,3251617,141972,198,3447,1911692,37003,208,3447,980.0,299.7
R,1308880,69251,4300,3447,773686,29977,4533,3447,980.0,299.7
D,NBXX,9999,3.615e-5,2.667e-5,1.783e-5,4.038e-6,3.934e-6,3.092e-6
Y,195978,980.0,299.7,295.5,67.4,13.0,5.7,0,0000
T,2014,08,21,06,31,29
B,269779,21574,131,3447,162900,6387,145,3448,980.0,299.7
G,3254453,141730,142,3447,1912681,36199,122,3448,980.0,299.7
R,1309927,68908,4340,3447,773104,30175,4337,3448,980.0,299.7
D,NBXX,9999,3.527e-5,2.661e-5,1.770e-5,3.633e-6,3.727e-6,3.307e-6
Y,196149,980.0,299.7,295.4,67.4,13.0,5.7,0,0000
T,2014,08,21,06,36,29
B,270572,21752,149,3447,163567,6496,139,3447,980.0,299.7
G,3254932,142155,94,3447,1915980,36363,89,3447,980.0,299.7
R,1312457,69570,4433,3447,774419,30339,4477,3447,980.0,299.7
D,NBXX,9999,3.558e-5,2.676e-5,1.787e-5,3.871e-6,3.807e-6,3.224e-6
Y,196178,980.0,299.7,295.4,67.6,13.0,5.7,0,0000
T,2014,08,21,06,41,29
B,269858,21975,141,3448,164181,6530,132,3447,980.1,299.7
G,3251990,143737,111,3448,1918323,36787,99,3447,980.1,299.7
R,1310985,69846,4230,3448,776159,29977,4404,3447,980.1,299.7
D,NBXX,9999,3.647e-5,2.727e-5,1.827e-5,4.081e-6,3.939e-6,3.217e-6
Y,195943,980.1,299.7,295.4,67.6,13.1,5.7,0,0000
T,2014,08,21,06,46,29
B,270801,22094,128,3447,163672,6557,119,3447,980.1,299.7
G,3250418,144272,111,3447,1916488,36978,111,3447,980.1,299.7
R,1310330,69928,4250,3447,775108,30168,4382,3447,980.1,299.7
D,NBXX,9999,3.669e-5,2.745e-5,1.834e-5,4.181e-6,3.995e-6,3.335e-6
Y,195905,980.1,299.7,295.4,67.6,13.0,5.7,0,0000
T,2014,08,21,06,51,29
B,269661,22189,114,3447,162487,6686,132,3448,980.1,299.6
G,3251204,144666,133,3447,1916046,36811,81,3448,980.1,299.6
R,1311376,70072,4442,3447,773637,30107,4347,3448,980.1,299.6
D,NBXX,9999,3.726e-5,2.756e-5,1.829e-5,4.648e-6,3.941e-6,3.174e-6
Y,195953,980.1,299.6,295.4,67.6,13.1,5.7,0,0000
T,2014,08,21,06,56,29
B,269298,22851,132,3447,163109,6695,138,3447,980.2,299.6
G,3254765,149545,122,3447,1916358,37469,95,3447,980.2,299.6
R,1308559,71687,4296,3447,774662,30173,4221,3447,980.2,299.6
D,NBXX,9999,3.927e-5,2.899e-5,1.950e-5,4.623e-6,4.131e-6,3.422e-6
Y,196168,980.2,299.6,295.3,67.6,13.0,5.7,0,0000
T,2014,08,21,07,01,29
B,270286,22539,122,3448,163380,6638,117,3447,980.2,299.6
G,3252970,148546,234,3448,1914856,37687,213,3447,980.2,299.6
R,1311610,71392,4368,3448,774607,30650,4297,3447,980.2,299.6
D,NBXX,9999,3.818e-5,2.863e-5,1.914e-5,4.495e-6,4.126e-6,3.583e-6
Y,196002,980.2,299.6,295.3,67.7,13.1,5.7,0,0000
T,2014,08,21,07,06,29
B,269945,22485,128,3447,163044,6548,113,3447,980.3,299.6
G,3253618,149099,236,3447,1910851,37513,235,3447,980.3,299.6
R,1310001,71687,4320,3447,772981,30468,4360,3447,980.3,299.6
D,NBXX,9999,3.810e-5,2.879e-5,1.935e-5,4.235e-6,4.059e-6,3.473e-6
Y,196099,980.3,299.6,295.3,67.7,13.1,5.7,0,0000
T,2014,08,21,07,11,29
B,269599,22765,123,3447,162820,6627,129,3448,980.3,299.6
G,3254948,151041,220,3447,1911431,37943,190,3448,980.3,299.6
R,1308963,72442,4382,3447,773299,30739,4328,3448,980.3,299.6
D,NBXX,9999,3.899e-5,2.938e-5,1.982e-5,4.454e-6,4.203e-6,3.621e-6
Y,196179,980.3,299.6,295.3,68.0,13.0,5.7,0,0000
T,2014,08,21,07,16,29
B,270592,22857,150,3447,163955,6558,127,3447,980.4,299.6
G,3247999,150366,196,3447,1914269,37947,240,3447,980.4,299.6
R,1310884,71743,4209,3447,774137,30725,4307,3447,980.4,299.6
D,NBXX,9999,3.893e-5,2.926e-5,1.947e-5,4.094e-6,4.222e-6,3.735e-6
Y,195759,980.4,299.6,295.3,67.9,13.1,5.7,0,0000
T,2014,08,21,07,21,29
B,270068,23166,116,3448,163365,6770,130,3447,980.5,299.7
G,3255848,152912,239,3448,1919577,38159,182,3447,980.5,299.7
R,1311231,72687,4377,3448,775679,30564,4277,3447,980.5,299.7
D,NBXX,9999,4.010e-5,2.993e-5,1.994e-5,4.884e-6,4.268e-6,3.542e-6
Y,196176,980.5,299.7,295.4,67.7,13.0,5.7,0,0000
T,2014,08,21,07,26,29
B,270376,23179,140,3447,162968,6854,126,3447,980.6,299.7
G,3247293,153021,158,3447,1910991,38481,215,3447,980.6,299.7
R,1309829,73374,4291,3447,770992,30734,4302,3447,980.6,299.7
D,NBXX,9999,4.000e-5,3.010e-5,2.044e-5,5.039e-6,4.410e-6,3.696e-6
Y,195716,980.6,299.7,295.4,67.6,13.0,5.7,0,0000
T,2014,08,21,07,31,29
B,269761,22954,162,3447,163231,6790,122,3448,980.6,299.7
G,3254535,152846,192,3447,1917992,38559,220,3448,980.6,299.7
R,1311289,72651,4252,3447,774865,30443,4257,3448,980.6,299.7
D,NBXX,9999,3.941e-5,2.993e-5,2.002e-5,4.822e-6,4.390e-6,3.561e-6
Y,196154,980.6,299.7,295.4,67.7,13.0,5.7,0,0000
T,2014,08,21,07,36,29
B,270473,23046,137,3447,163657,6726,120,3447,980.6,299.7
G,3253349,153801,232,3447,1921537,37852,219,3447,980.6,299.7
R,1309657,73596,4363,3447,775166,30756,4439,3447,980.6,299.7
D,NBXX,9999,3.960e-5,3.022e-5,2.043e-5,4.678e-6,4.170e-6,3.564e-6
Y,196082,980.6,299.7,295.4,68.5,13.1,5.7,0,0000
T,2014,08,21,07,41,29
B,269592,22996,149,3448,164516,6463,96,3447,980.7,299.7
G,3258351,152541,177,3448,1918533,38370,202,3447,980.7,299.7
R,1311914,72991,4236,3448,775524,30554,4311,3447,980.7,299.7
D,NBXX,9999,3.969e-5,2.979e-5,2.017e-5,3.981e-6,4.338e-6,3.604e-6
Y,196328,980.7,299.7,295.4,67.9,13.0,5.7,0,0000
T,2014,08,21,07,46,29
B,269315,23782,111,3447,163286,6754,136,3447,980.7,299.7
G,3253141,155894,210,3447,1921657,38113,199,3447,980.7,299.7
R,1310025,75091,4388,3447,778490,31152,4222,3447,980.7,299.7
D,NBXX,9999,4.213e-5,3.088e-5,2.146e-5,4.867e-6,4.264e-6,3.935e-6
Y,196070,980.7,299.7,295.4,68.5,13.1,5.7,0,0000
T,2014,08,21,07,51,29
B,270417,23104,145,3447,163220,6658,116,3448,980.7,299.7
G,3255008,154593,297,3447,1918104,38631,229,3448,980.7,299.7
R,1312829,74643,4305,3447,773645,30803,4292,3448,980.7,299.7
D,NBXX,9999,3.975e-5,3.041e-5,2.111e-5,4.444e-6,4.370e-6,3.702e-6
Y,196183,980.7,299.7,295.3,68.4,13.1,5.7,0,0000
T,2014,08,21,07,56,29
B,270141,23442,160,3447,163420,6848,131,3447,980.8,299.7
G,3252983,156035,172,3447,1914282,38292,123,3447,980.8,299.7
R,1309872,74444,4353,3447,775716,30956,4234,3447,980.8,299.7
D,NBXX,9999,4.073e-5,3.096e-5,2.109e-5,4.937e-6,4.359e-6,3.834e-6
Y,196060,980.8,299.7,295.3,69.3,13.0,5.7,0,0000
T,2014,08,21,08,01,29
B,269368,23076,122,3448,163410,6641,121,3447,980.8,299.7
G,3258505,153701,193,3448,1921705,38329,167,3447,980.8,299.7
R,1313922,73661,4501,3448,776134,30902,4313,3447,980.8,299.7
D,NBXX,9999,3.999e-5,3.015e-5,2.033e-5,4.541e-6,4.331e-6,3.608e-6
Y,196337,980.8,299.7,295.3,69.0,13.0,5.7,0,0000
T,2014,08,21,08,06,29
B,269448,23185,117,3447,162927,6746,103,3447,980.8,299.7
G,3255934,152806,215,3447,1920224,38495,184,3447,980.8,299.7
R,1313140,73235,4423,3447,775273,30300,4421,3447,980.8,299.7
D,NBXX,9999,4.038e-5,2.990e-5,2.008e-5,4.928e-6,4.374e-6,3.227e-6
Y,196239,980.8,299.7,295.3,69.0,13.0,5.7,0,0000
T,2014,08,21,08,11,29
B,271874,23033,144,3447,163386,6495,128,3448,980.9,299.7
G,3256450,151573,197,3447,1910685,38072,196,3448,980.9,299.7
R,1311509,73599,4457,3447,774707,30667,4468,3448,980.9,299.7
D,NBXX,9999,3.913e-5,2.952e-5,2.029e-5,3.815e-6,4.243e-6,3.402e-6
Y,196270,980.9,299.7,295.3,69.3,13.0,5.7,0,0000
T,2014,08,21,08,16,29
B,269136,25656,153,3447,163071,6877,136,3447,980.9,299.6
G,3254893,179797,193,3447,1918895,40770,247,3447,980.9,299.6
R,1310947,85234,4349,3447,774433,32190,4256,3447,980.9,299.6
D,NBXX,9999,4.770e-5,3.809e-5,2.756e-5,5.105e-6,5.053e-6,4.557e-6
Y,196176,980.9,299.6,295.3,69.2,13.0,5.7,0,0000
T,2014,08,21,08,21,29
B,271109,22593,165,3447,163643,6526,131,3447,980.9,299.6
G,3264267,150803,202,3447,1921682,37991,216,3447,980.9,299.6
R,1311352,72724,4354,3447,774152,30473,4412,3447,980.9,299.6
D,NBXX,9999,3.792e-5,2.917e-5,1.988e-5,3.883e-6,4.185e-6,3.403e-6
Y,196743,980.9,299.6,295.3,69.2,13.1,5.7,0,0000
T,2014,08,21,08,26,29
B,270334,22552,112,3448,164444,6379,133,3447,980.9,299.6
G,3255419,145504,258,3448,1919726,37226,215,3447,980.9,299.6
R,1313436,70790,4353,3448,775607,30585,4360,3447,980.9,299.6
D,NBXX,9999,3.816e-5,2.767e-5,1.869e-5,3.677e-6,3.968e-6,3.492e-6
Y,196150,980.9,299.6,295.2,69.0,13.0,5.7,0,0000
T,2014,08,21,08,31,29
B,268124,21804,143,3425,162057,6485,92,3425,980.9,299.6
G,3232272,148249,215,3425,1902460,36792,191,3425,980.9,299.6
R,1304708,71975,4248,3425,769234,30041,4301,3425,980.9,299.6
D,NBXX,9999,3.648e-5,2.885e-5,1.977e-5,4.179e-6,3.936e-6,3.356e-6
Y,196063,980.9,299.6,295.2,69.7,13.0,5.7,0,0008
T,2014,08,21,08,36,29
B,269474,22329,165,3447,164533,6527,121,3448,980.9,299.6
G,3256256,146701,252,3447,1916670,37138,224,3448,980.9,299.6
R,1312919,70793,4350,3447,772621,30230,4576,3448,980.9,299.6
D,NBXX,9999,3.756e-5,2.802e-5,1.856e-5,4.028e-6,3.931e-6,3.125e-6
Y,196258,980.9,299.6,295.2,69.5,13.0,5.7,0,0000
T,2014,08,21,08,41,29
B,269454,23333,127,3447,163045,6682,142,3447,980.9,299.6
G,3253939,153597,275,3447,1916176,38194,249,3447,980.9,299.6
R,1310226,74018,4375,3447,773152,31002,4426,3447,980.9,299.6
D,NBXX,9999,4.066e-5,3.013e-5,2.067e-5,4.562e-6,4.245e-6,3.709e-6
Y,196118,980.9,299.6,295.2,69.7,13.1,5.7,0,0000
T,2014,08,21,08,46,29
B,258589,21571,143,3301,156845,6359,106,3301,980.9,299.5
G,3124474,142066,135,3301,1842885,35570,109,3301,980.9,299.5
R,1258207,68351,4201,3301,743546,29132,4241,3301,980.9,299.5
D,NBXX,9999,3.808e-5,2.851e-5,1.896e-5,4.413e-6,3.992e-6,3.313e-6
Y,196646,980.9,299.5,295.2,69.3,13.0,5.7,0,0008
T,2014,08,21,08,51,29
B,392,42,0,6,286,8,0,6,980.9,299.6
G,5492,246,0,6,3134,42,0,6,980.9,299.6
R,2238,102,10,6,1194,42,4,6,980.9,299.6
D,NBXX,9999,5.831e-5,2.793e-5,1.244e-5,1.932e-6,3.944e-7,2.565e-7
Y,190142,980.9,299.6,295.1,70.0,13.0,5.7,0,0008
T,2014,08,21,08,56,29
B,72315,6896,11,1009,42099,1771,34,1017,980.9,299.5
G,873875,46542,24,1009,490817,10956,22,1017,980.9,299.5
R,352020,21458,1169,1009,198599,8373,1071,1017,980.9,299.5
D,NBXX,9999,4.812e-5,3.624e-5,2.456e-5,4.498e-6,5.066e-6,4.009e-6
Y,179874,980.9,299.5,295.1,69.8,13.0,5.7,0,0008
T,2014,08,21,09,01,29
B,257859,23259,126,3296,152855,6471,110,3297,980.9,299.5
G,3108254,156492,103,3296,1800853,37559,99,3297,980.9,299.5
R,1252054,74487,4125,3296,726911,29618,4133,3297,980.9,299.5
D,NBXX,9999,4.364e-5,3.334e-5,2.316e-5,4.863e-6,4.694e-6,3.811e-6
Y,195919,980.9,299.5,295.1,69.8,13.0,5.7,0,0008
T,2014,08,21,09,06,29
B,267308,22671,125,3399,160235,6528,106,3397,980.9,299.5
G,3215874,151278,111,3399,1882663,37370,103,3397,980.9,299.5
R,1294485,72808,4393,3399,761852,30212,4217,3397,980.9,299.5
D,NBXX,9999,3.931e-5,3.007e-5,2.053e-5,4.380e-6,4.245e-6,3.523e-6
Y,196563,980.9,299.5,295.1,70.6,13.0,5.7,0,0008
T,2014,08,21,09,11,29
B,270704,23074,140,3447,163008,6503,98,3447,980.9,299.5
G,3258751,151617,252,3447,1919467,37464,234,3447,980.9,299.5
R,1313867,72588,4252,3447,774048,30080,4392,3447,980.9,299.5
D,NBXX,9999,3.964e-5,2.947e-5,1.981e-5,4.030e-6,4.021e-6,3.228e-6
Y,196409,980.9,299.5,295.1,70.6,13.0,5.7,0,0000
T,2014,08,21,09,16,29
B,270592,22767,161,3447,163331,6463,115,3448,980.9,299.5
G,3262291,150818,173,3447,1921537,37639,186,3448,980.9,299.5
R,1311821,73074,4324,3447,777147,30310,4256,3448,980.9,299.5
D,NBXX,9999,3.861e-5,2.922e-5,2.021e-5,3.779e-6,4.103e-6,3.426e-6
Y,196623,980.9,299.5,295.1,70.8,13.0,5.7,0,0000
T,2014,08,21,09,21,29
B,270001,23138,161,3447,164226,6589,117,3447,980.9,299.5
G,3259411,153871,136,3447,1916498,37776,82,3447,980.9,299.5
R,1314976,74401,4302,3447,776425,31030,4366,3447,980.9,299.5
D,NBXX,9999,3.987e-5,3.024e-5,2.085e-5,4.198e-6,4.207e-6,3.773e-6
Y,196449,980.9,299.5,295.2,71.5,13.1,5.7,0,0000
T,2014,08,21,09,26,29
B,270039,22692,131,3448,163474,6643,117,3447,981.0,299.5
G,3258328,149534,127,3448,1912850,37551,94,3447,981.0,299.5
R,1312854,72235,4313,3448,775011,30085,4330,3447,981.0,299.5
D,NBXX,9999,3.862e-5,2.894e-5,1.962e-5,4.468e-6,4.145e-6,3.245e-6
Y,196326,981.0,299.5,295.2,70.2,13.0,5.7,0,0000
T,2014,08,21,09,31,29
B,270145,22587,121,3447,163680,6560,125,3447,981.0,299.5
G,3261532,149853,108,3447,1918459,37128,106,3447,981.0,299.5
R,1312117,72092,4247,3447,775481,30476,4201,3447,981.0,299.5
D,NBXX,9999,3.828e-5,2.899e-5,1.970e-5,4.212e-6,4.005e-6,3.620e-6
Y,196577,981.0,299.5,295.2,70.8,13.0,5.7,0,0000
T,2014,08,21,09,36,29
B,270076,22717,140,3447,164180,6498,133,3448,981.0,299.5
G,3260573,151232,129,3447,1917437,37589,78,3448,981.0,299.5
R,1313024,72766,4249,3447,773636,30406,4299,3448,981.0,299.5
D,NBXX,9999,3.860e-5,2.943e-5,2.001e-5,3.930e-6,4.147e-6,3.495e-6
Y,196519,981.0,299.5,295.2,70.3,13.0,5.7,0,0000
T,2014,08,21,09,41,29
B,270533,23207,124,3447,162960,6545,116,3447,981.0,299.6
G,3258801,150861,133,3447,1916199,37684,92,3447,981.0,299.6
R,1313447,72415,4365,3447,774914,30612,4307,3447,981.0,299.6
D,NBXX,9999,4.010e-5,2.933e-5,1.970e-5,4.175e-6,4.179e-6,3.533e-6
Y,196412,981.0,299.6,295.3,70.6,13.0,5.7,0,0000
T,2014,08,21,09,46,29
B,271308,22929,107,3448,163910,6537,121,3447,981.0,299.6
G,3257711,148219,137,3448,1922874,37507,128,3447,981.0,299.6
R,1313127,71308,4416,3448,776897,30396,4305,3447,981.0,299.6
D,NBXX,9999,3.911e-5,2.853e-5,1.900e-5,4.144e-6,4.119e-6,3.376e-6
Y,196289,981.0,299.6,295.3,69.8,13.0,5.7,0,0000
T,2014,08,21,09,51,29
B,269744,23204,122,3447,163834,6754,124,3447,981.0,299.6
G,3258242,153088,174,3447,1918933,37976,168,3447,981.0,299.6
R,1312327,73296,4481,3447,774806,30990,4335,3447,981.0,299.6
D,NBXX,9999,4.027e-5,2.997e-5,2.016e-5,4.839e-6,4.228e-6,3.671e-6
Y,196378,981.0,299.6,295.4,70.8,13.1,5.7,0,0000
T,2014,08,21,09,56,29
B,269759,22785,114,3447,163684,6566,85,3448,981.0,299.7
G,3257230,150890,254,3447,1923842,38150,230,3448,981.0,299.7
R,1313956,72013,4429,3447,777047,30821,4569,3448,981.0,299.7
D,NBXX,9999,3.917e-5,2.927e-5,1.921e-5,4.430e-6,4.231e-6,3.421e-6
Y,196317,981.0,299.7,295.4,69.3,13.0,5.7,0,0000
T,2014,08,21,10,01,29
B,270251,22813,89,3447,163101,6517,111,3447,981.0,299.7
G,3261801,152070,207,3447,1919881,37921,234,3447,981.0,299.7
R,1313782,72365,4303,3447,778134,30420,4358,3447,981.0,299.7
D,NBXX,9999,3.912e-5,2.958e-5,1.966e-5,4.250e-6,4.164e-6,3.422e-6
Y,196594,981.0,299.7,295.4,69.0,13.0,5.7,0,0000
T,2014,08,21,10,06,29
B,270814,23276,93,3448,164265,6728,125,3447,981.0,299.7
G,3258437,155276,200,3448,1922360,38823,196,3447,981.0,299.7
R,1313265,74440,4308,3448,775641,31248,4279,3447,981.0,299.7
D,NBXX,9999,4.031e-5,3.062e-5,2.098e-5,4.787e-6,4.469e-6,3.982e-6
Y,196333,981.0,299.7,295.5,69.3,13.1,5.7,0,0000
T,2014,08,21,10,11,29
B,269856,23166,99,3447,163393,6758,85,3447,981.0,299.7
G,3258101,156415,219,3447,1915766,38328,196,3447,981.0,299.7
R,1313178,74662,4277,3447,774080,31127,4448,3447,981.0,299.7
D,NBXX,9999,4.034e-5,3.096e-5,2.102e-5,5.060e-6,4.310e-6,3.809e-6
Y,196370,981.0,299.7,295.5,71.8,13.0,5.7,0,0000
T,2014,08,21,10,16,29
B,269606,23421,106,3447,163109,6768,109,3448,981.0,299.8
G,3261539,156931,237,3447,1923312,38503,218,3448,981.0,299.8
R,1313067,75110,4469,3447,775353,30828,4376,3448,981.0,299.8
D,NBXX,9999,4.107e-5,3.108e-5,2.121e-5,4.994e-6,4.346e-6,3.541e-6
Y,196578,981.0,299.8,295.6,71.9,13.1,5.7,0,0000
T,2014,08,21,10,21,29
B,270660,23845,123,3447,163794,6620,117,3447,981.1,299.9
G,3259705,159721,242,3447,1920104,39071,219,3447,981.1,299.9
R,1313397,75571,4417,3447,778211,30767,4533,3447,981.1,299.9
D,NBXX,9999,4.202e-5,3.192e-5,2.141e-5,4.405e-6,4.513e-6,3.432e-6
Y,196467,981.1,299.9,295.7,71.6,13.0,5.7,0,0000
T,2014,08,21,10,27,23
B,270457,23814,122,3447,163994,6695,116,3448,981.1,300.0
G,3261792,158855,200,3447,1918446,38276,198,3448,981.1,300.0
R,1315241,75794,4324,3447,776301,31151,4473,3448,981.1,300.0
D,NBXX,9999,4.198e-5,3.165e-5,2.159e-5,4.646e-6,4.284e-6,3.749e-6
Y,196593,981.1,300.0,295.8,71.3,13.0,5.7,0,0000
T,2014,08,21,10,32,23
B,271674,24441,144,3447,163305,6659,135,3447,981.1,300.0
G,3257734,162380,191,3447,1923848,39386,206,3447,981.1,300.0
R,1313708,77514,4463,3447,776916,31480,4428,3447,981.1,300.0
D,NBXX,9999,4.340e-5,3.278e-5,2.261e-5,4.315e-6,4.638e-6,3.900e-6
Y,196348,981.1,300.0,295.8,72.1,13.0,5.7,0,0000
T,2014,08,21,10,37,23
B,270442,24281,131,3447,164475,6631,110,3447,981.1,300.0
G,3258997,161806,228,3447,1919175,39889,176,3447,981.1,300.0
R,1313557,77228,4450,3447,776793,31909,4615,3447,981.1,300.0
D,NBXX,9999,4.338e-5,3.258e-5,2.232e-5,4.450e-6,4.783e-6,4.039e-6
Y,196424,981.1,300.0,295.8,69.8,13.0,5.7,0,0000
T,2014,08,21,10,42,23
B,269596,24896,121,3448,163756,6657,87,3447,981.1,300.1
G,3259028,168901,142,3448,1916391,40218,128,3447,981.1,300.1
R,1315410,80790,4536,3448,773366,32132,4505,3447,981.1,300.1
D,NBXX,9999,4.558e-5,3.478e-5,2.443e-5,4.710e-6,4.934e-6,4.176e-6
Y,196369,981.1,300.1,295.9,70.5,13.1,5.7,0,0000
T,2014,08,21,10,47,23
B,269920,24997,115,3447,164266,6655,138,3447,981.1,300.1
G,3259908,167894,136,3447,1918820,40157,129,3447,981.1,300.1
R,1313278,79337,4634,3447,776004,31674,4553,3447,981.1,300.1
D,NBXX,9999,4.564e-5,3.446e-5,2.352e-5,4.518e-6,4.910e-6,3.814e-6
Y,196479,981.1,300.1,296.0,69.7,13.0,5.7,0,0000
T,2014,08,21,10,52,23
B,269803,25516,123,3447,162833,6965,119,3448,981.1,300.2
G,3256575,170778,126,3447,1917856,40070,126,3448,981.1,300.2
R,1315444,81809,4588,3447,775628,32075,4680,3448,981.1,300.2
D,NBXX,9999,4.728e-5,3.539e-5,2.489e-5,5.494e-6,4.897e-6,3.974e-6
Y,196278,981.1,300.2,296.0,69.8,13.1,5.7,0,0000
T,2014,08,21,10,57,23
B,270279,25748,135,3447,163407,6738,90,3447,981.1,300.2
G,3258677,173610,148,3447,1919183,40005,126,3447,981.1,300.2
R,1317928,83364,4646,3447,778764,32372,4518,3447,981.1,300.2
D,NBXX,9999,4.790e-5,3.621e-5,2.581e-5,4.840e-6,4.865e-6,4.205e-6
Y,196405,981.1,300.2,296.1,70.5,13.0,5.7,0,0000
T,2014,08,21,11,02,23
B,271090,26465,124,3448,163765,7034,110,3447,981.2,300.3
G,3260479,179038,150,3448,1920217,40929,143,3447,981.2,300.3
R,1314700,84603,4573,3448,777308,32951,4614,3447,981.2,300.3
D,NBXX,9999,4.982e-5,3.782e-5,2.665e-5,5.659e-6,5.135e-6,4.575e-6
Y,196457,981.2,300.3,296.1,70.6,13.1,5.7,0,0000
T,2014,08,21,11,07,23
B,268897,26743,145,3447,162852,6956,123,3447,981.2,300.3
G,3261703,183297,142,3447,1916723,41445,155,3447,981.2,300.3
R,1314524,85223,4807,3447,775783,33314,4594,3447,981.2,300.3
D,NBXX,9999,5.118e-5,3.908e-5,2.688e-5,5.463e-6,5.282e-6,4.641e-6
Y,196588,981.2,300.3,296.2,71.9,13.0,5.7,0,0000
T,2014,08,21,11,12,23
B,270828,25931,131,3447,163517,6759,134,3448,981.2,300.3
G,3259877,174136,135,3447,1918747,40666,142,3448,981.2,300.3
R,1312371,81342,4620,3447,779239,32825,4753,3448,981.2,300.3
D,NBXX,9999,4.818e-5,3.635e-5,2.463e-5,4.732e-6,5.057e-6,4.383e-6
Y,196477,981.2,300.3,296.2,70.0,13.1,5.7,0,0000
T,2014,08,21,11,17,23
B,268902,26656,112,3447,164009,7007,105,3447,981.2,300.4
G,3253018,180953,208,3447,1918392,40878,171,3447,981.2,300.4
R,1316591,85044,4802,3447,778725,33083,4735,3447,981.2,300.4
D,NBXX,9999,5.109e-5,3.849e-5,2.661e-5,5.796e-6,5.114e-6,4.386e-6
Y,196062,981.2,300.4,296.3,71.8,13.0,5.7,0,0000
T,2014,08,21,11,22,23
B,271276,27173,123,3448,163987,7067,121,3447,981.3,300.4
G,3258626,187084,239,3448,1916436,41893,229,3447,981.3,300.4
R,1315883,87089,4814,3448,776374,33829,4931,3447,981.3,300.4
D,NBXX,9999,5.185e-5,4.022e-5,2.772e-5,5.709e-6,5.373e-6,4.702e-6
Y,196344,981.3,300.4,296.3,71.5,13.0,5.7,0,0000
T,2014,08,21,11,27,23
B,269577,27796,134,3447,165088,6933,102,3447,981.2,300.4
G,3257358,189336,213,3447,1914963,41847,242,3447,981.2,300.4
R,1316913,88711,4729,3447,777358,34234,4945,3447,981.2,300.4
D,NBXX,9999,5.427e-5,4.093e-5,2.871e-5,5.455e-6,5.365e-6,4.979e-6
Y,196325,981.2,300.4,296.3,72.1,13.1,5.7,0,0000
T,2014,08,21,11,32,23
B,270137,27373,155,3447,164070,7067,118,3448,981.3,300.4
G,3254666,185416,190,3447,1918221,41738,198,3448,981.3,300.4
R,1315468,86762,4948,3447,777402,33572,4745,3448,981.3,300.4
D,NBXX,9999,5.270e-5,3.981e-5,2.757e-5,5.682e-6,5.362e-6,4.578e-6
Y,196162,981.3,300.4,296.2,70.3,13.0,5.7,0,0000
T,2014,08,21,11,37,23
B,269699,27430,90,3447,163346,6841,145,3447,981.2,300.4
G,3256989,187753,118,3447,1916247,42126,97,3447,981.2,300.4
R,1317559,87551,5036,3447,777574,34053,4754,3447,981.2,300.4
D,NBXX,9999,5.313e-5,4.054e-5,2.791e-5,5.171e-6,5.535e-6,4.783e-6
Y,196303,981.2,300.4,296.3,71.1,13.1,5.7,0,0000
T,2014,08,21,11,42,23
B,269160,28431,131,3448,164195,7276,129,3447,981.2,300.5
G,3259068,194452,219,3448,1917558,42962,207,3447,981.2,300.5
R,1318352,90122,4931,3448,778741,34147,4862,3447,981.2,300.5
D,NBXX,9999,5.624e-5,4.249e-5,2.942e-5,6.445e-6,5.723e-6,4.834e-6
Y,196371,981.2,300.5,296.3,72.1,13.1,5.7,0,0000
T,2014,08,21,11,47,23
B,270903,28128,95,3447,164162,7092,120,3447,981.1,300.5
G,3253714,193816,161,3447,1919484,42584,136,3447,981.1,300.5
R,1317673,90196,4841,3447,778801,34051,4832,3447,981.1,300.5
D,NBXX,9999,5.493e-5,4.244e-5,2.958e-5,5.907e-6,5.671e-6,4.862e-6
Y,196104,981.1,300.5,296.4,71.5,13.0,5.7,0,0000
T,2014,08,21,11,52,23
B,270297,28659,124,3447,163526,7146,128,3448,981.1,300.5
G,3253030,195854,189,3447,1915972,43096,153,3448,981.1,300.5
R,1316976,91050,4859,3447,778678,34738,5105,3448,981.1,300.5
D,NBXX,9999,5.659e-5,4.305e-5,2.992e-5,5.981e-6,5.810e-6,5.074e-6
Y,196063,981.1,300.5,296.4,70.2,13.0,5.7,0,0000
T,2014,08,21,11,57,23
B,269822,28979,113,3447,163282,7198,98,3447,981.1,300.5
G,3253158,200583,167,3447,1916460,43605,156,3447,981.1,300.5
R,1318526,92877,4941,3447,775961,34842,4870,3447,981.1,300.5
D,NBXX,9999,5.785e-5,4.449e-5,3.106e-5,6.323e-6,5.974e-6,5.232e-6
Y,196071,981.1,300.5,296.4,70.5,13.1,5.7,0,0000
T,2014,08,21,12,02,23
B,271210,29388,131,3448,163563,7363,112,3447,981.0,300.5
G,3255888,202755,165,3448,1921328,43786,122,3447,981.0,300.5
R,1317514,93254,5008,3448,779321,35119,5097,3447,981.0,300.5
D,NBXX,9999,5.852e-5,4.511e-5,3.112e-5,6.606e-6,6.035e-6,5.209e-6
Y,196179,981.0,300.5,296.4,71.0,13.0,5.7,0,0000
T,2014,08,21,12,07,23
B,271140,28545,145,3447,163325,7010,101,3447,981.0,300.5
G,3257170,196329,117,3447,1917478,42763,131,3447,981.0,300.5
R,1316767,91081,5090,3447,778875,34862,5024,3447,981.0,300.5
D,NBXX,9999,5.601e-5,4.315e-5,2.984e-5,5.535e-6,5.729e-6,5.051e-6
Y,196314,981.0,300.5,296.4,70.2,13.1,5.7,0,0000
T,2014,08,21,12,12,23
B,270070,28464,109,3447,163011,7226,118,3448,981.0,300.5
G,3252933,195068,140,3447,1916719,42908,111,3448,981.0,300.5
R,1317647,90719,4945,3447,777955,34531,4997,3448,981.0,300.5
D,NBXX,9999,5.616e-5,4.285e-5,2.971e-5,6.326e-6,5.785e-6,4.958e-6
Y,196057,981.0,300.5,296.5,69.5,13.0,5.7,0,0000
T,2014,08,21,12,17,23
B,270105,28718,139,3447,163468,7323,97,3447,981.0,300.6
G,3254411,196136,142,3447,1913265,43454,126,3447,981.0,300.6
R,1317007,91282,4933,3447,775493,34736,5066,3447,981.0,300.6
D,NBXX,9999,5.691e-5,4.314e-5,3.003e-5,6.604e-6,5.943e-6,5.053e-6
Y,196147,981.0,300.6,296.5,69.8,13.0,5.7,0,0000
T,2014,08,21,12,22,23
B,271889,29046,136,3448,164087,7253,116,3447,981.0,300.6
G,3252216,199622,162,3448,1914938,43610,178,3447,981.0,300.6
R,1316338,91891,5125,3448,776927,34604,4975,3447,981.0,300.6
D,NBXX,9999,5.728e-5,4.421e-5,3.035e-5,6.206e-6,5.977e-6,4.915e-6
Y,195957,981.0,300.6,296.5,70.6,13.1,5.7,0,0000
T,2014,08,21,12,27,23
B,270069,28684,146,3447,163480,7064,138,3447,981.0,300.6
G,3252584,196290,157,3447,1915211,43072,129,3447,981.0,300.6
R,1318201,91077,5007,3447,776896,35173,5097,3447,981.0,300.6
D,NBXX,9999,5.666e-5,4.321e-5,2.979e-5,5.659e-6,5.828e-6,5.230e-6
Y,196036,981.0,300.6,296.5,69.5,13.0,5.7,0,0000
T,2014,08,21,12,32,23
B,270770,28785,143,3447,163711,7355,113,3448,981.0,300.6
G,3253307,196771,140,3447,1914568,42959,96,3448,981.0,300.6
R,1316563,91014,5038,3447,778376,34820,5221,3448,981.0,300.6
D,NBXX,9999,5.684e-5,4.336e-5,2.971e-5,6.573e-6,5.804e-6,4.922e-6
Y,196080,981.0,300.6,296.5,70.0,13.1,5.7,0,0000
T,2014,08,21,12,37,23
B,270047,29350,154,3447,163378,7202,126,3447,981.0,300.6
G,3249579,202969,221,3447,1917866,44063,185,3447,981.0,300.6
R,1314407,93331,4994,3447,778589,34906,5188,3447,981.0,300.6
D,NBXX,9999,5.869e-5,4.526e-5,3.123e-5,6.091e-6,6.098e-6,5.055e-6
Y,195854,981.0,300.6,296.6,71.5,13.1,5.7,0,0000
T,2014,08,21,12,42,23
B,270057,28275,151,3448,163202,7258,123,3447,981.0,300.6
G,3250525,191554,185,3448,1912149,42841,147,3447,981.0,300.6
R,1316472,89791,5108,3448,777018,34717,5103,3447,981.0,300.6
D,NBXX,9999,5.546e-5,4.180e-5,2.900e-5,6.286e-6,5.753e-6,4.904e-6
Y,195854,981.0,300.6,296.6,69.2,13.1,5.7,0,0000
T,2014,08,21,12,47,23
B,270655,28320,145,3447,163993,7262,154,3447,981.0,300.6
G,3249160,194899,155,3447,1911687,43293,154,3447,981.0,300.6
R,1314221,89986,5188,3447,778804,34737,5057,3447,981.0,300.6
D,NBXX,9999,5.533e-5,4.285e-5,2.918e-5,6.158e-6,5.901e-6,4.911e-6
Y,195829,981.0,300.6,296.6,69.7,13.1,5.7,0,0000
T,2014,08,21,12,52,23
B,269617,28285,124,3447,163198,7196,142,3447,981.0,300.6
G,3243791,194863,257,3447,1909297,43298,244,3447,981.0,300.6
R,1314590,90076,5322,3447,776274,35098,5132,3447,981.0,300.6
D,NBXX,9999,5.566e-5,4.287e-5,2.908e-5,6.155e-6,5.856e-6,4.979e-6
Y,195504,981.0,300.6,296.6,69.2,13.0,5.7,0,0000
T,2014,08,21,12,57,23
B,268944,28548,161,3447,162571,7097,128,3448,981.0,300.7
G,3249198,195089,160,3447,1915925,42988,137,3448,981.0,300.7
R,1314937,90609,5002,3447,776732,34883,5075,3448,981.0,300.7
D,NBXX,9999,5.659e-5,4.291e-5,2.965e-5,5.820e-6,5.808e-6,5.104e-6
Y,195831,981.0,300.7,296.6,69.2,13.1,5.7,0,0000
T,2014,08,21,13,02,23
B,270374,28863,112,3447,163413,7517,99,3447,981.0,300.7
G,3247951,197604,162,3447,1914313,43414,153,3447,981.0,300.7
R,1317261,91394,5075,3447,776214,34783,5115,3447,981.0,300.7
D,NBXX,9999,5.735e-5,4.369e-5,2.995e-5,7.255e-6,5.940e-6,4.946e-6
Y,195756,981.0,300.7,296.6,69.8,13.1,5.7,0,0000
T,2014,08,21,13,07,23
B,270114,28973,140,3448,163133,7086,109,3447,980.9,300.7
G,3247571,197051,166,3448,1910351,43071,126,3447,980.9,300.7
R,1312989,91501,5226,3448,777632,35123,5146,3447,980.9,300.7
D,NBXX,9999,5.764e-5,4.356e-5,3.005e-5,5.850e-6,5.863e-6,5.073e-6
Y,195676,980.9,300.7,296.6,69.8,13.1,5.7,0,0000
T,2014,08,21,13,12,23
B,270173,29640,137,3447,162856,7288,138,3447,980.9,300.7
G,3246772,203027,157,3447,1911908,44566,161,3447,980.9,300.7
R,1315901,94293,5237,3447,777932,35621,5231,3447,980.9,300.7
D,NBXX,9999,5.954e-5,4.539e-5,3.156e-5,6.358e-6,6.307e-6,5.270e-6
Y,195684,980.9,300.7,296.6,71.3,13.0,5.7,0,0000
T,2014,08,21,13,17,23
B,269633,29080,179,3447,164126,7253,140,3448,980.9,300.7
G,3251373,202412,143,3447,1919124,43496,166,3448,980.9,300.7
R,1317486,93165,5126,3447,779843,35572,5277,3448,980.9,300.7
D,NBXX,9999,5.787e-5,4.511e-5,3.087e-5,6.134e-6,5.963e-6,5.264e-6
Y,195963,980.9,300.7,296.6,70.6,13.1,5.7,0,0000
T,2014,08,21,13,22,23
B,269426,28956,136,3447,163877,7331,137,3447,980.8,300.7
G,3249235,197960,222,3447,1913230,43748,224,3447,980.8,300.7
R,1316059,91469,4958,3447,777494,35383,5213,3447,980.8,300.7
D,NBXX,9999,5.772e-5,4.375e-5,3.006e-5,6.553e-6,6.003e-6,5.333e-6
Y,195833,980.8,300.7,296.6,69.3,13.0,5.7,0,0000
T,2014,08,21,13,27,23
B,270123,29157,168,3448,163501,7311,157,3447,980.8,300.7
G,3250133,199385,463,3448,1917237,44330,414,3447,980.8,300.7
R,1319380,92222,5273,3448,779877,35197,5304,3447,980.8,300.7
D,NBXX,9999,5.793e-5,4.402e-5,3.011e-5,6.263e-6,6.028e-6,4.907e-6
Y,195831,980.8,300.7,296.6,69.0,13.1,5.7,0,0000
T,2014,08,21,13,32,23
B,269563,28743,132,3447,164117,7297,111,3447,980.8,300.7
G,3246149,196223,154,3447,1914692,43370,138,3447,980.8,300.7
R,1316042,90368,5298,3447,780138,35241,5300,3447,980.8,300.7
D,NBXX,9999,5.714e-5,4.334e-5,2.910e-5,6.544e-6,5.955e-6,4.949e-6
Y,195647,980.8,300.7,296.6,68.0,13.0,5.7,0,0000
T,2014,08,21,13,37,23
B,270544,28479,142,3447,163787,7277,123,3448,980.8,300.7
G,3245114,196620,111,3447,1916012,43262,93,3448,980.8,300.7
R,1317305,91839,5258,3447,778336,35130,5278,3448,980.8,300.7
D,NBXX,9999,5.596e-5,4.351e-5,2.998e-5,6.324e-6,5.954e-6,4.907e-6
Y,195584,980.8,300.7,296.7,67.6,13.1,5.7,0,0000
T,2014,08,21,13,42,23
B,270525,29655,128,3447,163344,7215,133,3447,980.8,300.8
G,3248440,203327,133,3447,1917646,43794,94,3447,980.8,300.8
R,1316047,94373,5246,3447,780829,35485,5261,3447,980.8,300.8
D,NBXX,9999,5.952e-5,4.548e-5,3.157e-5,6.159e-6,6.098e-6,5.159e-6
Y,195785,980.8,300.8,296.7,68.9,13.1,5.7,0,0000
T,2014,08,21,13,47,23
B,270139,28788,111,3448,163926,7290,148,3447,980.8,300.8
G,3245850,197848,102,3448,1912279,43498,113,3447,980.8,300.8
R,1317309,92428,5202,3448,776917,35685,5360,3447,980.8,300.8
D,NBXX,9999,5.704e-5,4.386e-5,3.032e-5,6.428e-6,6.027e-6,5.233e-6
Y,195572,980.8,300.8,296.7,67.2,13.1,5.7,0,0000
T,2014,08,21,13,52,23
B,269305,28654,162,3447,163187,7110,109,3447,980.8,300.8
G,3246171,194764,133,3447,1910126,43034,150,3447,980.8,300.8
R,1318906,92233,5477,3447,776558,35288,5332,3447,980.8,300.8
D,NBXX,9999,5.686e-5,4.290e-5,2.997e-5,5.901e-6,5.856e-6,4.800e-6
Y,195648,980.8,300.8,296.7,66.6,13.1,5.7,0,0000
T,2014,08,21,13,57,23
B,270309,28781,145,3447,163916,7023,148,3448,980.8,300.8
G,3250447,198410,202,3447,1913402,43543,197,3448,980.8,300.8
R,1314109,93835,5312,3447,778389,35573,5383,3448,980.8,300.8
D,NBXX,9999,5.685e-5,4.388e-5,3.119e-5,5.480e-6,5.949e-6,5.097e-6
Y,195907,980.8,300.8,296.7,67.6,13.1,5.7,0,0000
T,2014,08,21,14,02,23
B,268990,28423,170,3447,162603,7139,132,3447,980.8,300.9
G,3244177,195772,301,3447,1905713,43129,277,3447,980.8,300.9
R,1318146,92448,5217,3447,776277,35519,5285,3447,980.8,300.9
D,NBXX,9999,5.618e-5,4.314e-5,3.034e-5,5.918e-6,5.789e-6,5.161e-6
Y,195527,980.8,300.9,296.8,67.2,13.1,5.7,0,0000
T,2014,08,21,14,07,23
B,269973,28462,150,3448,163014,7214,149,3447,980.8,300.9
G,3247666,198467,313,3448,1914024,43471,281,3447,980.8,300.9
R,1318920,93106,5328,3448,778062,35553,5259,3447,980.8,300.9
D,NBXX,9999,5.600e-5,4.389e-5,3.065e-5,6.086e-6,5.877e-6,5.119e-6
Y,195682,980.8,300.9,296.8,67.9,13.0,5.7,0,0000
T,2014,08,21,14,12,23
B,269889,28050,137,3447,164037,7184,129,3447,980.7,300.9
G,3245116,191864,168,3447,1915417,42444,174,3447,980.7,300.9
R,1318485,91846,5373,3447,777422,35039,5414,3447,980.7,300.9
D,NBXX,9999,5.489e-5,4.201e-5,2.977e-5,6.111e-6,5.660e-6,4.670e-6
Y,195584,980.7,300.9,296.8,65.5,13.1,5.7,0,0000
T,2014,08,21,14,17,23
B,271122,28530,150,3447,162312,7127,134,3448,980.7,301.0
G,3251361,196666,193,3447,1911260,42873,195,3448,980.7,301.0
R,1320075,92531,5395,3447,776934,35903,5301,3448,980.7,301.0
D,NBXX,9999,5.589e-5,4.334e-5,3.022e-5,5.777e-6,5.746e-6,5.244e-6
Y,195962,980.7,301.0,296.9,66.6,13.1,5.7,0,0000
T,2014,08,21,14,22,23
B,269547,27482,142,3447,162895,6833,112,3447,980.7,301.0
G,3247485,185816,138,3447,1905940,41932,144,3447,980.7,301.0
R,1317314,88468,5218,3447,777757,34795,5370,3447,980.7,301.0
D,NBXX,9999,5.333e-5,4.015e-5,2.795e-5,5.120e-6,5.516e-6,4.688e-6
Y,195728,980.7,301.0,296.9,64.6,13.1,5.7,0,0000
T,2014,08,21,14,27,23
B,269137,27508,141,3448,163370,7215,149,3447,980.7,301.0
G,3244088,189334,228,3448,1908538,41987,188,3447,980.7,301.0
R,1316125,89869,5348,3448,775750,35116,5493,3447,980.7,301.0
D,NBXX,9999,5.341e-5,4.124e-5,2.865e-5,6.185e-6,5.503e-6,4.721e-6
Y,195465,980.7,301.0,296.9,65.5,13.1,5.7,0,0000
T,2014,08,21,14,32,23
B,269961,26496,163,3447,163977,6926,138,3447,980.7,301.0
G,3246694,183555,344,3447,1913671,42170,340,3447,980.7,301.0
R,1316417,88315,5550,3447,778442,35133,5411,3447,980.7,301.0
D,NBXX,9999,5.007e-5,3.934e-5,2.763e-5,5.206e-6,5.450e-6,4.640e-6
Y,195680,980.7,301.0,296.9,64.6,13.1,5.7,0,0000
T,2014,08,21,14,37,23
B,269287,25633,157,3447,163447,6755,173,3448,980.7,301.0
G,3242387,173742,421,3447,1908616,40958,423,3448,980.7,301.0
R,1317083,84293,5611,3447,776260,34423,5392,3448,980.7,301.0
D,NBXX,9999,4.755e-5,3.637e-5,2.516e-5,4.631e-6,5.037e-6,4.171e-6
Y,195419,980.7,301.0,297.0,62.0,13.1,5.7,0,0000
T,2014,08,21,14,42,23
B,269443,25301,145,3447,163210,6823,121,3447,980.6,301.1
G,3245730,168057,396,3447,1909642,40516,352,3447,980.6,301.1
R,1318647,83184,5417,3447,776669,34385,5367,3447,980.6,301.1
D,NBXX,9999,4.673e-5,3.462e-5,2.459e-5,5.055e-6,4.928e-6,4.291e-6
Y,195621,980.6,301.1,297.0,60.6,13.0,5.7,0,0000
T,2014,08,21,14,47,23
B,271097,26633,156,3448,163172,7004,123,3447,980.5,301.1
G,3244483,179942,447,3448,1909044,41656,424,3447,980.5,301.1
R,1320464,87547,5488,3448,778428,34625,5622,3447,980.5,301.1
D,NBXX,9999,5.022e-5,3.821e-5,2.692e-5,5.439e-6,5.240e-6,4.194e-6
Y,195489,980.5,301.1,297.0,62.2,13.1,5.7,0,0000
T,2014,08,21,14,52,23
B,270218,27385,137,3447,163666,7133,131,3447,980.5,301.1
G,3247897,185377,410,3447,1913136,42526,446,3447,980.5,301.1
R,1317326,88990,5450,3447,778911,35612,5627,3447,980.5,301.1
D,NBXX,9999,5.278e-5,3.981e-5,2.792e-5,5.925e-6,5.493e-6,4.838e-6
Y,195752,980.5,301.1,297.0,63.3,13.1,5.7,0,0000
T,2014,08,21,14,57,23
B,269905,27313,152,3447,163705,7213,159,3448,980.4,301.1
G,3253483,188780,432,3447,1913378,42759,427,3448,980.4,301.1
R,1318757,90601,5674,3447,780672,35917,5703,3448,980.4,301.1
D,NBXX,9999,5.254e-5,4.075e-5,2.863e-5,6.048e-6,5.537e-6,4.792e-6
Y,196090,980.4,301.1,297.1,65.5,13.1,5.7,0,0000
T,2014,08,21,15,02,23
B,270028,27243,162,3447,163104,6969,140,3447,980.3,301.1
G,3246625,186423,515,3447,1914328,42428,473,3447,980.3,301.1
R,1319069,89990,5575,3447,780369,35789,5478,3447,980.3,301.1
D,NBXX,9999,5.232e-5,4.011e-5,2.848e-5,5.341e-6,5.421e-6,4.943e-6
Y,195676,980.3,301.1,297.1,64.8,13.1,5.7,0,0000
T,2014,08,21,15,07,23
B,268685,25620,154,3447,163761,7013,134,3447,980.3,301.2
G,3243924,174807,342,3447,1911122,41081,365,3447,980.3,301.2
R,1317708,85723,5664,3447,778859,35269,5668,3447,980.3,301.2
D,NBXX,9999,4.789e-5,3.672e-5,2.577e-5,5.637e-6,5.121e-6,4.449e-6
Y,195512,980.3,301.2,297.1,62.2,13.1,5.7,0,0000
T,2014,08,21,15,12,23
B,269722,25315,178,3448,163252,6963,130,3447,980.3,301.2
G,3248393,172963,246,3448,1905997,40723,195,3447,980.3,301.2
R,1322402,84939,5808,3448,778165,34851,5602,3447,980.3,301.2
D,NBXX,9999,4.660e-5,3.618e-5,2.509e-5,5.344e-6,5.093e-6,4.102e-6
Y,195725,980.3,301.2,297.1,61.6,13.1,5.7,0,0000
T,2014,08,21,15,17,23
B,270334,26278,171,3447,163809,6984,131,3447,980.3,301.2
G,3241968,180963,356,3447,1910153,42143,296,3447,980.3,301.2
R,1322041,87781,5799,3447,780652,35454,5720,3447,980.3,301.2
D,NBXX,9999,4.935e-5,3.864e-5,2.673e-5,5.377e-6,5.471e-6,4.386e-6
Y,195394,980.3,301.2,297.1,63.3,13.1,5.7,0,0000
T,2014,08,21,15,22,23
B,269965,26737,153,3447,163204,6999,148,3448,980.3,301.2
G,3249373,183344,400,3447,1907584,41768,362,3448,980.3,301.2
R,1320175,89086,5748,3447,779590,35969,5617,3448,980.3,301.2
D,NBXX,9999,5.085e-5,3.920e-5,2.768e-5,5.447e-6,5.286e-6,4.816e-6
Y,195842,980.3,301.2,297.1,64.3,13.1,5.7,0,0000
T,2014,08,21,15,27,23
B,270501,27126,175,3447,162926,6997,155,3447,980.3,301.2
G,3247915,184588,425,3447,1908576,42667,414,3447,980.3,301.2
R,1319564,89310,5703,3447,778776,35781,5789,3447,980.3,301.2
D,NBXX,9999,5.176e-5,3.958e-5,2.775e-5,5.306e-6,5.541e-6,4.626e-6
Y,195754,980.3,301.2,297.1,65.0,13.0,5.7,0,0000
T,2014,08,21,15,32,23
B,269460,27593,163,3448,162669,7094,150,3447,980.3,301.2
G,3246039,186473,428,3448,1908854,42366,362,3447,980.3,301.2
R,1319784,90030,5712,3448,777715,35557,5778,3447,980.3,301.2
D,NBXX,9999,5.354e-5,4.020e-5,2.817e-5,5.742e-6,5.478e-6,4.496e-6
Y,195583,980.3,301.2,297.1,65.9,13.1,5.7,0,0000
T,2014,08,21,15,37,23
B,269994,27842,141,3447,163168,7211,144,3447,980.2,301.3
G,3242534,189857,418,3447,1907415,42817,370,3447,980.2,301.3
R,1320417,91158,5707,3447,778827,35929,5771,3447,980.2,301.3
D,NBXX,9999,5.422e-5,4.132e-5,2.884e-5,6.146e-6,5.639e-6,4.716e-6
Y,195428,980.2,301.3,297.2,66.7,13.0,5.7,0,0000
T,2014,08,21,15,42,23
B,268968,27669,183,3447,162458,7020,119,3448,980.2,301.3
G,3244144,190407,412,3447,1911713,42942,409,3448,980.2,301.3
R,1318488,91213,5757,3447,779983,36184,5932,3448,980.2,301.3
D,NBXX,9999,5.396e-5,4.145e-5,2.880e-5,5.581e-6,5.656e-6,4.737e-6
Y,195525,980.2,301.3,297.2,65.9,13.1,5.7,0,0000
T,2014,08,21,15,47,23
B,270408,27466,165,3447,163709,7094,150,3447,980.1,301.3
G,3244238,188061,438,3447,1911494,42144,397,3447,980.1,301.3
R,1322089,89854,5869,3447,778697,35775,5864,3447,980.1,301.3
D,NBXX,9999,5.286e-5,4.073e-5,2.782e-5,5.657e-6,5.411e-6,4.429e-6
Y,195531,980.1,301.3,297.3,66.7,13.1,5.7,0,0000
T,2014,08,21,15,52,23
B,268664,26740,129,3448,162656,7008,151,3447,980.0,301.4
G,3250332,182812,219,3448,1909542,41770,247,3447,980.0,301.4
R,1319783,88844,5879,3448,777605,35612,5757,3447,980.0,301.4
D,NBXX,9999,5.131e-5,3.915e-5,2.736e-5,5.657e-6,5.408e-6,4.427e-6
Y,195843,980.0,301.4,297.3,65.1,13.1,5.7,0,0000
T,2014,08,21,15,57,23
B,270341,26328,135,3447,162653,7024,168,3447,980.0,301.4
G,3245220,178979,202,3447,1907419,41003,178,3447,980.0,301.4
R,1320567,86569,5907,3447,778766,35452,5867,3447,980.0,301.4
D,NBXX,9999,4.950e-5,3.811e-5,2.587e-5,5.493e-6,5.221e-6,4.222e-6
Y,195591,980.0,301.4,297.4,62.9,13.1,5.7,0,0000
T,2014,08,21,16,02,23
B,270476,27119,151,3447,163578,7207,161,3448,980.0,301.5
G,3251649,186376,209,3447,1912281,41955,182,3448,980.0,301.5
R,1321408,90969,5797,3447,781907,36564,5784,3448,980.0,301.5
D,NBXX,9999,5.181e-5,4.024e-5,2.862e-5,5.997e-6,5.478e-6,5.010e-6
Y,195979,980.0,301.5,297.4,63.3,13.1,5.7,0,0000
T,2014,08,21,16,07,23
B,269607,25063,121,3447,163225,6973,152,3447,980.0,301.5
G,3245389,168117,304,3447,1905333,39978,253,3447,980.0,301.5
R,1321427,83974,5876,3447,777317,35167,5855,3447,980.0,301.5
D,NBXX,9999,4.599e-5,3.474e-5,2.432e-5,5.499e-6,4.846e-6,4.072e-6
Y,195601,980.0,301.5,297.5,62.7,13.1,5.7,0,0000
T,2014,08,21,16,12,23
B,270380,25099,147,3448,162745,6893,154,3447,980.0,301.6
G,3245988,168749,246,3448,1909999,39959,222,3447,980.0,301.6
R,1323872,83749,5686,3448,782070,35166,5841,3447,980.0,301.6
D,NBXX,9999,4.582e-5,3.495e-5,2.425e-5,5.123e-6,4.873e-6,4.195e-6
Y,195580,980.0,301.6,297.6,62.5,13.0,5.7,0,0000
T,2014,08,21,16,17,23
B,270505,25862,138,3447,163383,7028,127,3447,980.0,301.7
G,3248587,177239,215,3447,1907465,40915,189,3447,980.0,301.7
R,1321265,87230,6037,3447,778883,36015,6073,3447,980.0,301.7
D,NBXX,9999,4.820e-5,3.751e-5,2.602e-5,5.640e-6,5.173e-6,4.319e-6
Y,195794,980.0,301.7,297.7,63.7,13.1,5.7,0,0000
T,2014,08,21,16,22,23
B,270086,26745,158,3447,163233,6846,147,3448,980.0,301.7
G,3249080,181960,218,3447,1909412,41869,236,3448,980.0,301.7
R,1321904,89788,6198,3447,780711,36360,5979,3448,980.0,301.7
D,NBXX,9999,5.085e-5,3.892e-5,2.748e-5,4.977e-6,5.440e-6,4.468e-6
Y,195824,980.0,301.7,297.7,64.6,13.1,5.7,0,0000
T,2014,08,21,16,27,23
B,268985,27757,151,3447,163468,6988,126,3447,980.1,301.7
G,3244930,187102,240,3447,1911405,42453,212,3447,980.1,301.7
R,1322793,91894,6099,3447,780906,37022,5902,3447,980.1,301.7
D,NBXX,9999,5.433e-5,4.056e-5,2.884e-5,5.591e-6,5.638e-6,4.983e-6
Y,195573,980.1,301.7,297.7,66.3,13.1,5.7,0,0000
T,2014,08,21,16,32,23
B,270103,28502,153,3448,162557,7279,166,3447,980.1,301.7
G,3249954,199717,155,3448,1907284,43019,167,3447,980.1,301.7
R,1325126,95489,6176,3448,780229,37197,6031,3447,980.1,301.7
D,NBXX,9999,5.609e-5,4.435e-5,3.076e-5,6.244e-6,5.840e-6,4.926e-6
Y,195820,980.1,301.7,297.6,68.9,13.1,5.7,0,0000
T,2014,08,21,16,37,23
B,270672,29750,153,3447,162826,7270,158,3447,980.1,301.7
G,3246774,204229,139,3447,1908576,43614,148,3447,980.1,301.7
R,1323334,97830,6291,3447,781921,37688,6221,3447,980.1,301.7
D,NBXX,9999,5.969e-5,4.579e-5,3.202e-5,6.195e-6,6.042e-6,5.021e-6
Y,195685,980.1,301.7,297.6,70.8,13.1,5.7,0,0000
T,2014,08,21,16,42,23
B,269106,29836,179,3447,162962,7309,185,3448,980.0,301.7
G,3249958,204630,208,3447,1912028,43435,245,3448,980.0,301.7
R,1325600,98070,6155,3447,781766,37651,6480,3448,980.0,301.7
D,NBXX,9999,6.029e-5,4.579e-5,3.200e-5,6.242e-6,5.912e-6,4.884e-6
Y,195877,980.0,301.7,297.6,71.6,13.1,5.7,0,0000
T,2014,08,21,16,47,23
B,270026,29005,170,3447,162735,7431,156,3447,980.0,301.8
G,3247916,201847,207,3447,1909543,43261,180,3447,980.0,301.8
R,1325902,96560,6315,3447,779892,37842,6253,3447,980.0,301.8
D,NBXX,9999,5.761e-5,4.501e-5,3.113e-5,6.677e-6,5.895e-6,5.047e-6
Y,195754,980.0,301.8,297.6,71.5,13.1,5.7,0,0000
T,2014,08,21,16,52,23
B,270016,28439,163,3448,163456,7140,146,3447,980.0,301.8
G,3247111,193983,192,3448,1906313,42207,178,3447,980.0,301.8
R,1322653,94706,6398,3448,779945,37431,6472,3447,980.0,301.8
D,NBXX,9999,5.596e-5,4.264e-5,2.993e-5,5.866e-6,5.587e-6,4.630e-6
Y,195648,980.0,301.8,297.6,70.5,13.1,5.7,0,0000
T,2014,08,21,16,57,23
B,270411,27622,185,3447,163391,7143,155,3447,980.1,301.8
G,3248339,190641,181,3447,1908303,41937,145,3447,980.1,301.8
R,1323686,93095,6398,3447,780464,37112,6277,3447,980.1,301.8
D,NBXX,9999,5.327e-5,4.162e-5,2.906e-5,5.731e-6,5.512e-6,4.559e-6
Y,195779,980.1,301.8,297.7,70.0,13.1,5.7,0,0000
T,2014,08,21,17,02,23
B,270777,27349,129,3447,164229,7204,165,3448,980.1,301.8
G,3245184,186158,303,3447,1914325,41613,265,3448,980.1,301.8
R,1322913,91729,6223,3447,783033,37106,6272,3448,980.1,301.8
D,NBXX,9999,5.250e-5,4.022e-5,2.839e-5,6.041e-6,5.337e-6,4.683e-6
Y,195588,980.1,301.8,297.7,69.3,13.1,5.7,0,0000
T,2014,08,21,17,07,23
B,269546,27783,139,3447,163492,7143,167,3447,980.2,301.9
G,3247045,189400,352,3447,1912337,42394,303,3447,980.2,301.9
R,1322765,92310,6395,3447,781281,37612,6182,3447,980.2,301.9
D,NBXX,9999,5.417e-5,4.115e-5,2.869e-5,5.929e-6,5.540e-6,4.936e-6
Y,195701,980.2,301.9,297.8,68.7,13.1,5.7,0,0000
T,2014,08,21,17,12,23
B,269949,27328,175,3448,164056,6985,186,3447,980.2,301.9
G,3248057,187814,391,3448,1905339,42217,376,3447,980.2,301.9
R,1321277,91392,6283,3448,780826,37195,6351,3447,980.2,301.9
D,NBXX,9999,5.248e-5,4.061e-5,2.815e-5,5.236e-6,5.446e-6,4.667e-6
Y,195705,980.2,301.9,297.8,68.4,13.1,5.7,0,0000
T,2014,08,21,17,17,23
B,270153,25450,168,3447,163835,7046,174,3447,980.2,301.9
G,3244491,173329,308,3447,1910742,40047,274,3447,980.2,301.9
R,1321692,86988,6354,3447,781907,36598,6485,3447,980.2,301.9
D,NBXX,9999,4.683e-5,3.633e-5,2.536e-5,5.465e-6,4.862e-6,4.157e-6
Y,195546,980.2,301.9,297.8,67.2,13.1,5.7,0,0000
T,2014,08,21,17,22,23
B,270869,24223,168,3447,162591,6731,166,3447,980.2,301.9
G,3240815,161085,355,3447,1905117,39092,286,3447,980.2,301.9
R,1321121,82524,6505,3447,780017,36098,6469,3447,980.2,301.9
D,NBXX,9999,4.297e-5,3.264e-5,2.260e-5,4.493e-6,4.564e-6,3.768e-6
Y,195324,980.2,301.9,297.8,65.3,13.1,5.7,0,0000
T,2014,08,21,17,27,23
B,270188,23463,182,3447,162910,6498,182,3448,980.2,301.9
G,3241806,156281,169,3447,1910300,37790,137,3448,980.2,301.9
R,1322399,80681,6403,3447,782193,35795,6420,3448,980.2,301.9
D,NBXX,9999,4.075e-5,3.128e-5,2.156e-5,3.729e-6,4.279e-6,3.674e-6
Y,195384,980.2,301.9,297.8,65.3,13.1,5.7,0,0000
T,2014,08,21,17,32,23
B,268358,22816,163,3447,163270,6626,157,3447,980.1,301.9
G,3241447,150819,193,3447,1907758,37197,198,3447,980.1,301.9
R,1322268,78714,6417,3447,783285,35251,6304,3447,980.1,301.9
D,NBXX,9999,3.942e-5,2.959e-5,2.046e-5,4.403e-6,4.073e-6,3.425e-6
Y,195362,980.1,301.9,297.8,64.5,13.1,5.7,0,0000
T,2014,08,21,17,37,23
B,269725,22046,181,3448,162099,6468,140,3447,980.1,301.9
G,3244542,147156,231,3448,1907771,37073,189,3447,980.1,301.9
R,1325619,77805,6557,3448,781225,35527,6403,3447,980.1,301.9
D,NBXX,9999,3.674e-5,2.842e-5,1.965e-5,3.831e-6,4.017e-6,3.398e-6
Y,195493,980.1,301.9,297.8,63.8,13.1,5.7,0,0000
T,2014,08,21,17,42,23
B,268761,22050,149,3425,162575,6462,179,3425,980.0,301.9
G,3223010,142735,293,3425,1896795,36390,273,3425,980.0,301.9
R,1313619,75970,6294,3425,776680,34889,6421,3425,980.0,301.9
D,NBXX,9999,3.697e-5,2.731e-5,1.906e-5,3.849e-6,3.827e-6,3.292e-6
Y,195499,980.0,301.9,297.8,63.0,13.0,5.7,0,0008
T,2014,08,21,17,47,23
B,268460,21426,168,3424,161486,6631,135,3425,980.0,301.9
G,3222766,143354,326,3424,1894645,36603,334,3425,980.0,301.9
R,1312856,76018,6353,3424,774227,35126,6402,3425,980.0,301.9
D,NBXX,9999,3.524e-5,2.747e-5,1.908e-5,4.464e-6,3.857e-6,3.409e-6
Y,195542,980.0,301.9,297.8,62.2,13.1,5.7,0,0008
T,2014,08,21,17,52,23
B,270622,22052,127,3447,163842,6657,153,3447,980.0,301.9
G,3238684,146048,449,3447,1901687,37526,381,3447,980.0,301.9
R,1323763,77271,6438,3447,780168,35140,6448,3447,980.0,301.9
D,NBXX,9999,3.669e-5,2.802e-5,1.943e-5,4.476e-6,4.027e-6,3.230e-6
Y,195195,980.0,301.9,297.8,62.4,13.1,5.7,0,0000
T,2014,08,21,17,57,23
B,270203,22145,162,3448,162822,6772,152,3447,980.0,301.9
G,3237862,149420,423,3448,1912338,37411,346,3447,980.0,301.9
R,1321754,77417,6547,3448,780587,35494,6322,3447,980.0,301.9
D,NBXX,9999,3.695e-5,2.908e-5,1.959e-5,4.740e-6,4.020e-6,3.477e-6
Y,195089,980.0,301.9,297.8,63.8,13.1,5.7,0,0000
T,2014,08,21,18,02,23
B,270469,22785,170,3447,162082,6673,143,3447,980.0,301.9
G,3240636,149777,342,3447,1904866,37934,322,3447,980.0,301.9
R,1319955,78207,6422,3447,780137,35559,6557,3447,980.0,301.9
D,NBXX,9999,3.882e-5,2.919e-5,2.004e-5,4.420e-6,4.203e-6,3.452e-6
Y,195313,980.0,301.9,297.8,63.8,13.1,5.7,0,0000
T,2014,08,21,18,07,23
B,270204,23259,157,3447,163640,6861,166,3448,980.0,301.8
G,3243085,154008,378,3447,1916277,37987,305,3448,980.0,301.8
R,1323420,79247,6424,3447,786274,35468,6506,3448,980.0,301.8
D,NBXX,9999,4.025e-5,3.043e-5,2.060e-5,4.951e-6,4.201e-6,3.394e-6
Y,195461,980.0,301.8,297.7,64.5,13.1,5.7,0,0000
T,2014,08,21,18,12,23
B,270442,25853,171,3447,163862,7051,179,3447,980.0,301.8
G,3245767,174715,532,3447,1911669,40742,498,3447,980.0,301.8
R,1323858,86794,6511,3447,781555,36799,6610,3447,980.0,301.8
D,NBXX,9999,4.790e-5,3.657e-5,2.497e-5,5.417e-6,4.910e-6,4.059e-6
Y,195624,980.0,301.8,297.6,65.1,13.1,5.7,0,0000
T,2014,08,21,18,17,23
B,269738,24914,153,3448,163002,6893,138,3447,980.0,301.7
G,3243253,169692,383,3448,1904170,40536,379,3447,980.0,301.7
R,1322611,85425,6493,3448,778486,36339,6553,3447,980.0,301.7
D,NBXX,9999,4.547e-5,3.518e-5,2.424e-5,5.205e-6,4.955e-6,3.853e-6
Y,195415,980.0,301.7,297.5,65.9,13.1,5.7,0,0000
T,2014,08,21,18,22,23
B,270508,23394,190,3447,163515,6693,161,3447,980.0,301.6
G,3245070,157475,422,3447,1904062,38615,438,3447,980.0,301.6
R,1325924,80626,6458,3447,781364,35531,6468,3447,980.0,301.6
D,NBXX,9999,4.048e-5,3.140e-5,2.135e-5,4.331e-6,4.326e-6,3.416e-6
Y,195581,980.0,301.6,297.4,65.6,13.1,5.7,0,0000
T,2014,08,21,18,27,23
B,269660,23542,190,3447,163663,6468,205,3448,979.9,301.6
G,3246717,155781,497,3447,1909774,38782,436,3448,979.9,301.6
R,1325338,80415,6498,3447,783740,35820,6346,3448,979.9,301.6
D,NBXX,9999,4.100e-5,3.083e-5,2.133e-5,3.552e-6,4.341e-6,3.660e-6
Y,195681,979.9,301.6,297.3,65.5,13.1,5.7,0,0000
T,2014,08,21,18,32,23
B,270414,24070,174,3447,162853,6650,169,3447,979.9,301.5
G,3241907,159543,369,3447,1905963,39137,334,3447,979.9,301.5
R,1321911,81590,6501,3447,781293,36165,6301,3447,979.9,301.5
D,NBXX,9999,4.254e-5,3.213e-5,2.216e-5,4.223e-6,4.551e-6,3.934e-6
Y,195390,979.9,301.5,297.2,66.1,13.1,5.7,0,0000
T,2014,08,21,18,37,23
B,269318,23822,148,3426,161593,6625,173,3425,979.9,301.4
G,3225383,158998,426,3426,1896638,39109,366,3425,979.9,301.4
R,1315458,81029,6417,3426,776051,35598,6373,3425,979.9,301.4
D,NBXX,9999,4.216e-5,3.218e-5,2.203e-5,4.306e-6,4.574e-6,3.668e-6
Y,195586,979.9,301.4,297.2,66.6,13.1,5.7,0,0008
T,2014,08,21,18,42,23
B,269861,24610,180,3447,163789,6893,166,3447,979.9,301.4
G,3241236,165826,439,3447,1908520,39628,410,3447,979.9,301.4
R,1321297,83660,6186,3447,781280,35760,6270,3447,979.9,301.4
D,NBXX,9999,4.431e-5,3.400e-5,2.366e-5,4.984e-6,4.652e-6,3.938e-6
Y,195349,979.9,301.4,297.1,68.0,13.1,5.7,0,0000
T,2014,08,21,18,47,23
B,270499,24422,178,3447,162726,6767,151,3448,979.8,301.3
G,3244353,162914,458,3447,1907269,39255,418,3448,979.8,301.3
R,1321821,82400,6275,3447,778901,35718,6194,3448,979.8,301.3
D,NBXX,9999,4.363e-5,3.306e-5,2.288e-5,4.612e-6,4.514e-6,3.894e-6
Y,195538,979.8,301.3,297.0,67.9,13.1,5.7,0,0000
T,2014,08,21,18,52,23
B,269666,24614,153,3447,163348,6707,155,3447,979.9,301.2
G,3243726,163999,471,3447,1907501,39520,409,3447,979.9,301.2
R,1320411,82383,6089,3447,780537,35757,6185,3447,979.9,301.2
D,NBXX,9999,4.450e-5,3.337e-5,2.305e-5,4.569e-6,4.586e-6,4.072e-6
Y,195500,979.9,301.2,296.9,68.4,13.1,5.7,0,0000
T,2014,08,21,18,57,23
B,269883,24611,148,3448,163838,6651,170,3447,980.0,301.2
G,3246994,164982,435,3448,1906221,39300,450,3447,980.0,301.2
R,1321446,82405,6229,3448,777943,35528,6141,3447,980.0,301.2
D,NBXX,9999,4.440e-5,3.362e-5,2.293e-5,4.356e-6,4.509e-6,3.849e-6
Y,195641,980.0,301.2,296.9,69.0,13.1,5.7,0,0000
T,2014,08,21,19,02,23
B,270114,25001,177,3447,162057,6770,154,3447,979.9,301.1
G,3241707,165487,427,3447,1907792,39606,414,3447,979.9,301.1
R,1320250,82425,5931,3447,780418,35417,6097,3447,979.9,301.1
D,NBXX,9999,4.544e-5,3.387e-5,2.325e-5,4.633e-6,4.633e-6,4.040e-6
Y,195378,979.9,301.1,296.9,69.3,13.1,5.7,0,0000
T,2014,08,21,19,07,23
B,270849,25017,167,3447,164087,6835,144,3448,979.8,301.1
G,3245465,168237,283,3447,1908588,39561,252,3448,979.8,301.1
R,1320575,82803,5973,3447,781938,35438,5900,3448,979.8,301.1
D,NBXX,9999,4.535e-5,3.475e-5,2.357e-5,4.840e-6,4.710e-6,4.153e-6
Y,195605,979.8,301.1,296.8,69.2,13.1,5.7,0,0000
T,2014,08,21,19,12,23
B,270723,24812,168,3447,162263,6852,148,3447,979.8,301.0
G,3245442,166177,271,3447,1906476,39614,298,3447,979.8,301.0
R,1321065,82057,5974,3447,776294,35219,5988,3447,979.8,301.0
D,NBXX,9999,4.476e-5,3.411e-5,2.305e-5,4.889e-6,4.718e-6,3.960e-6
Y,195604,979.8,301.0,296.8,69.0,13.1,5.7,0,0000
T,2014,08,21,19,17,23
B,267211,24684,153,3421,161417,6725,144,3420,979.8,301.0
G,3220583,166124,260,3421,1892412,39485,262,3420,979.8,301.0
R,1311430,82143,5877,3421,771310,34931,5953,3420,979.8,301.0
D,NBXX,9999,4.540e-5,3.450e-5,2.349e-5,4.831e-6,4.790e-6,3.977e-6
Y,195581,979.8,301.0,296.7,68.7,13.1,5.7,0,0008
T,2014,08,21,19,22,23
B,270241,25400,142,3447,163232,6837,152,3447,979.9,301.0
G,3248047,170036,248,3447,1902395,39741,296,3447,979.9,301.0
R,1322357,83691,5893,3447,775238,35157,5798,3447,979.9,301.0
D,NBXX,9999,4.673e-5,3.526e-5,2.417e-5,4.955e-6,4.756e-6,4.099e-6
Y,195762,979.9,301.0,296.7,69.3,13.1,5.7,0,0000
T,2014,08,21,19,27,23
B,269586,25176,165,3447,163259,6989,154,3447,979.9,300.9
G,3245645,168861,300,3447,1907378,40286,331,3447,979.9,300.9
R,1321856,83140,5692,3447,779996,34978,5558,3447,979.9,300.9
D,NBXX,9999,4.615e-5,3.491e-5,2.414e-5,5.374e-6,4.900e-6,4.290e-6
Y,195616,979.9,300.9,296.7,69.3,13.1,5.7,0,0000
T,2014,08,21,19,32,23
B,270865,26400,150,3447,162975,6870,151,3448,979.9,300.9
G,3246857,175439,387,3447,1908037,40790,302,3448,979.9,300.9
R,1317071,85251,5756,3447,778439,34866,5803,3448,979.9,300.9
D,NBXX,9999,4.954e-5,3.687e-5,2.535e-5,4.979e-6,5.024e-6,4.049e-6
Y,195690,979.9,300.9,296.6,69.5,13.1,5.7,0,0000
T,2014,08,21,19,42,23
B,269986,27747,156,3448,163332,6980,145,3447,980.0,300.8
G,3246469,187255,260,3448,1909224,42048,281,3447,980.0,300.8
R,1319448,89269,5672,3448,778639,35808,5628,3447,980.0,300.8
D,NBXX,9999,5.383e-5,4.052e-5,2.786e-5,5.372e-6,5.468e-6,4.783e-6
Y,195609,980.0,300.8,296.6,71.5,13.1,5.7,0,0000
T,2014,08,21,19,47,23
B,268702,27830,129,3447,162849,7017,155,3447,980.0,300.8
G,3244591,191563,191,3447,1913361,42562,191,3447,980.0,300.8
R,1319046,90707,5515,3447,778822,36087,5706,3447,980.0,300.8
D,NBXX,9999,5.453e-5,4.192e-5,2.879e-5,5.634e-6,5.684e-6,5.005e-6
Y,195552,980.0,300.8,296.5,72.3,13.1,5.7,0,0000
T,2014,08,21,19,57,23
B,270216,27101,145,3447,163187,7009,142,3447,979.9,300.8
G,3255306,182835,169,3447,1910045,41168,169,3447,979.9,300.8
R,1319306,86710,5597,3447,778267,35215,5638,3447,979.9,300.8
D,NBXX,9999,5.186e-5,3.909e-5,2.637e-5,5.486e-6,5.235e-6,4.468e-6
Y,196201,979.9,300.8,296.5,71.9,13.0,5.7,0,0000
T,2014,08,21,20,02,23
B,269848,27248,149,3448,162727,6976,129,3447,979.9,300.7
G,3251101,180589,185,3448,1910504,40683,159,3447,979.9,300.7
R,1320487,85873,5519,3448,777014,34933,5473,3447,979.9,300.7
D,NBXX,9999,5.245e-5,3.848e-5,2.600e-5,5.451e-6,5.105e-6,4.461e-6
Y,195889,979.9,300.7,296.5,72.1,13.1,5.7,0,0000
T,2014,08,21,20,07,23
B,270766,26631,126,3447,163427,6934,129,3447,979.9,300.7
G,3251907,180852,136,3447,1909528,41041,132,3447,979.9,300.7
R,1319212,85847,5487,3447,777582,34725,5367,3447,979.9,300.7
D,NBXX,9999,5.039e-5,3.857e-5,2.612e-5,5.331e-6,5.234e-6,4.441e-6
Y,195995,979.9,300.7,296.4,72.4,13.1,5.7,0,0000
T,2014,08,21,20,12,23
B,270416,27079,128,3447,163172,6975,165,3448,979.9,300.7
G,3255471,182544,207,3447,1912024,41177,161,3448,979.9,300.7
R,1320051,86898,5423,3447,777643,34947,5504,3448,979.9,300.7
D,NBXX,9999,5.172e-5,3.899e-5,2.667e-5,5.342e-6,5.222e-6,4.510e-6
Y,196211,979.9,300.7,296.4,73.1,13.1,5.7,0,0000
T,2014,08,21,20,17,23
B,269740,28287,124,3447,164195,7215,132,3447,979.9,300.6
G,3251037,193274,235,3447,1912020,42554,171,3447,979.9,300.6
R,1319362,89689,5403,3447,779906,35122,5353,3447,979.9,300.6
D,NBXX,9999,5.569e-5,4.231e-5,2.849e-5,6.251e-6,5.648e-6,4.746e-6
Y,195942,979.9,300.6,296.4,72.9,13.1,5.7,0,0000
T,2014,08,21,20,22,23
B,270612,29334,110,3448,163285,7342,136,3447,979.9,300.6
G,3250893,200112,381,3448,1908073,43940,340,3447,979.9,300.6
R,1320177,92637,5588,3448,776361,35398,5416,3447,979.9,300.6
D,NBXX,9999,5.860e-5,4.428e-5,3.006e-5,6.607e-6,5.962e-6,4.735e-6
Y,195877,979.9,300.6,296.3,73.1,13.0,5.7,0,0000
T,2014,08,21,20,27,23
B,269862,29833,135,3447,163083,7441,104,3447,979.9,300.6
G,3251188,204304,369,3447,1913666,44234,382,3447,979.9,300.6
R,1319666,95480,5510,3447,779083,36153,5524,3447,979.9,300.6
D,NBXX,9999,6.037e-5,4.554e-5,3.177e-5,6.983e-6,6.035e-6,5.168e-6
Y,195952,979.9,300.6,296.3,73.2,13.1,5.7,0,0000
T,2014,08,21,20,32,23
B,267907,29780,134,3447,163241,7313,114,3448,979.9,300.6
G,3249847,205309,355,3447,1912641,44480,313,3448,979.9,300.6
R,1315075,95067,5291,3447,779389,35997,5280,3448,979.9,300.6
D,NBXX,9999,6.083e-5,4.590e-5,3.201e-5,6.714e-6,6.141e-6,5.442e-6
Y,195870,979.9,300.6,296.3,73.4,13.1,5.7,0,0000
T,2014,08,21,20,37,23
B,269719,29469,137,3447,163892,7501,129,3447,979.9,300.5
G,3252621,201597,348,3447,1907013,44127,310,3447,979.9,300.5
R,1319193,93270,5327,3447,775819,35515,5303,3447,979.9,300.5
D,NBXX,9999,5.920e-5,4.472e-5,3.074e-5,7.067e-6,6.030e-6,5.072e-6
Y,196038,979.9,300.5,296.3,73.6,13.1,5.7,0,0000
T,2014,08,21,20,42,23
B,270509,29396,120,3448,163485,7110,106,3447,980.0,300.5
G,3252518,200099,123,3448,1913614,42924,127,3447,980.0,300.5
R,1318394,92502,5252,3448,779776,35620,5531,3447,980.0,300.5
D,NBXX,9999,5.886e-5,4.441e-5,3.020e-5,5.973e-6,5.813e-6,5.042e-6
Y,195975,980.0,300.5,296.2,73.7,13.0,5.7,0,0000
T,2014,08,21,20,47,23
B,269800,29799,152,3447,163342,7304,141,3447,980.0,300.5
G,3249513,203142,134,3447,1912771,43736,75,3447,980.0,300.5
R,1320754,92771,5271,3447,777857,35740,5294,3447,980.0,300.5
D,NBXX,9999,6.008e-5,4.541e-5,3.042e-5,6.372e-6,6.082e-6,5.235e-6
Y,195850,980.0,300.5,296.2,73.9,13.1,5.7,0,0000
T,2014,08,21,20,52,23
B,270947,29523,107,3447,163140,7401,125,3448,980.1,300.5
G,3252839,203257,225,3447,1917572,44024,231,3448,980.1,300.5
R,1317140,92001,5269,3447,779043,35483,5319,3448,980.1,300.5
D,NBXX,9999,5.908e-5,4.529e-5,3.008e-5,6.780e-6,6.065e-6,5.098e-6
Y,196052,980.1,300.5,296.2,74.2,13.0,5.7,0,0000
T,2014,08,21,20,57,23
B,269817,29977,111,3447,162771,7192,121,3447,980.0,300.4
G,3250192,203935,229,3447,1910289,43799,218,3447,980.0,300.4
R,1317141,93126,5285,3447,777012,34976,5324,3447,980.0,300.4
D,NBXX,9999,6.082e-5,4.552e-5,3.074e-5,6.246e-6,6.001e-6,4.784e-6
Y,195891,980.0,300.4,296.2,74.2,13.1,5.7,0,0000
T,2014,08,21,21,02,23
B,270538,30131,144,3448,163166,7455,122,3447,980.0,300.4
G,3254485,207214,156,3448,1913562,43855,124,3447,980.0,300.4
R,1320623,94727,5289,3448,778376,35984,5405,3447,980.0,300.4
D,NBXX,9999,6.093e-5,4.649e-5,3.151e-5,6.869e-6,6.064e-6,5.299e-6
Y,196094,980.0,300.4,296.1,74.7,13.0,5.7,0,0000
T,2014,08,21,21,07,23
B,271168,30296,155,3447,163474,7450,121,3447,980.1,300.4
G,3254715,207664,109,3447,1914807,44236,118,3447,980.1,300.4
R,1316398,94195,5230,3447,779717,35731,5239,3447,980.1,300.4
D,NBXX,9999,6.118e-5,4.664e-5,3.151e-5,6.763e-6,6.193e-6,5.344e-6
Y,196165,980.1,300.4,296.1,74.7,13.1,5.7,0,0000
T,2014,08,21,21,12,23
B,269695,30511,131,3447,163990,7353,132,3448,980.1,300.4
G,3257600,208015,116,3447,1918346,44395,116,3448,980.1,300.4
R,1320322,94507,5148,3447,780059,35570,5207,3448,980.1,300.4
D,NBXX,9999,6.236e-5,4.669e-5,3.163e-5,6.627e-6,6.224e-6,5.279e-6
Y,196340,980.1,300.4,296.1,74.9,13.1,5.7,0,0000
T,2014,08,21,21,17,23
B,269186,30692,143,3419,163287,7348,111,3420,980.1,300.4
G,3231495,204667,119,3419,1905013,43213,82,3420,980.1,300.4
R,1308560,92924,5220,3419,774796,35245,5057,3420,980.1,300.4
D,NBXX,9999,6.311e-5,4.619e-5,3.117e-5,6.683e-6,5.982e-6,5.264e-6
Y,196361,980.1,300.4,296.1,75.0,13.0,5.7,0,0008
T,2014,08,21,21,22,23
B,270448,29899,131,3448,164882,7302,153,3447,980.1,300.4
G,3258548,204482,114,3448,1916967,43142,122,3447,980.1,300.4
R,1321812,92450,5194,3448,779922,35420,5156,3447,980.1,300.4
D,NBXX,9999,6.020e-5,4.560e-5,3.034e-5,6.353e-6,5.847e-6,5.187e-6
Y,196340,980.1,300.4,296.1,75.3,13.1,5.7,0,0000
T,2014,08,21,21,27,23
B,271656,30201,154,3447,163356,7389,109,3447,980.1,300.4
G,3260117,204317,135,3447,1919939,43685,111,3447,980.1,300.4
R,1320045,92679,5326,3447,778112,35176,5130,3447,980.1,300.4
D,NBXX,9999,6.078e-5,4.552e-5,3.047e-5,6.587e-6,5.997e-6,4.980e-6
Y,196492,980.1,300.4,296.1,75.8,13.1,5.7,0,0000
T,2014,08,21,21,32,23
B,265797,29966,144,3381,160840,7250,147,3383,980.1,300.3
G,3200480,202958,96,3381,1881454,43320,108,3383,980.1,300.3
R,1292331,91708,5081,3381,764341,34816,5169,3383,980.1,300.3
D,NBXX,9999,6.194e-5,4.627e-5,3.106e-5,6.517e-6,6.137e-6,5.192e-6
Y,196664,980.1,300.3,296.0,76.2,13.1,5.7,0,0008
T,2014,08,21,21,37,23
B,270747,30981,122,3447,163867,7244,115,3447,980.2,300.3
G,3261589,207342,113,3447,1917477,43935,98,3447,980.2,300.3
R,1317303,93304,5258,3447,780106,35431,5248,3447,980.2,300.3
D,NBXX,9999,6.351e-5,4.642e-5,3.088e-5,6.313e-6,6.079e-6,5.114e-6
Y,196581,980.2,300.3,296.0,76.0,13.0,5.7,0,0000
T,2014,08,21,21,42,23
B,270281,30420,154,3447,163503,7442,125,3447,980.2,300.3
G,3262894,206587,120,3447,1908461,44632,116,3447,980.2,300.3
R,1318570,92533,5213,3447,773891,35490,5036,3447,980.2,300.3
D,NBXX,9999,6.184e-5,4.616e-5,3.055e-5,6.799e-6,6.276e-6,5.316e-6
Y,196660,980.2,300.3,296.0,75.7,13.1,5.7,0,0000
T,2014,08,21,21,47,23
B,270126,30874,199,3448,163600,7295,134,3447,980.3,300.3
G,3258351,206112,162,3448,1912729,43885,130,3447,980.3,300.3
R,1318748,92511,5044,3448,777440,35406,5141,3447,980.3,300.3
D,NBXX,9999,6.307e-5,4.608e-5,3.057e-5,6.186e-6,6.053e-6,5.313e-6
Y,196328,980.3,300.3,296.0,75.8,13.1,5.7,0,0000
T,2014,08,21,21,52,23
B,270772,30697,107,3447,162959,7286,117,3447,980.3,300.3
G,3259480,205828,113,3447,1914797,43569,127,3447,980.3,300.3
R,1317340,93061,5116,3447,776834,35233,5059,3447,980.3,300.3
D,NBXX,9999,6.269e-5,4.599e-5,3.097e-5,6.483e-6,5.967e-6,5.226e-6
Y,196453,980.3,300.3,296.0,76.2,13.1,5.7,0,0000
T,2014,08,21,21,57,23
B,271588,30315,131,3447,163337,7112,125,3448,980.3,300.3
G,3264514,205072,121,3447,1918439,43557,92,3448,980.3,300.3
R,1320715,92607,5128,3447,777822,35179,5140,3448,980.3,300.3
D,NBXX,9999,6.116e-5,4.568e-5,3.050e-5,5.781e-6,5.949e-6,5.088e-6
Y,196758,980.3,300.3,296.0,76.0,13.1,5.7,0,0000
T,2014,08,21,22,02,23
B,268042,29449,134,3416,161998,7099,124,3417,980.3,300.2
G,3230069,198893,105,3416,1901343,43075,90,3417,980.3,300.2
R,1307793,89721,4956,3416,771015,34302,4882,3417,980.3,300.2
D,NBXX,9999,5.969e-5,4.446e-5,2.953e-5,5.990e-6,5.947e-6,4.997e-6
Y,196447,980.3,300.2,295.9,75.3,13.1,5.7,0,0008
T,2014,08,21,22,07,23
B,270757,29877,152,3448,163657,7237,128,3447,980.2,300.2
G,3265638,199817,103,3448,1922085,43082,97,3447,980.2,300.2
R,1321526,90957,4912,3448,777412,34663,5063,3447,980.2,300.2
D,NBXX,9999,6.002e-5,4.407e-5,2.968e-5,6.134e-6,5.813e-6,4.984e-6
Y,196769,980.2,300.2,295.9,75.3,13.0,5.7,0,0000
T,2014,08,21,22,12,23
B,271141,29510,151,3447,164090,7106,112,3447,980.2,300.2
G,3265196,201065,143,3447,1916191,43471,109,3447,980.2,300.2
R,1320177,90784,4926,3447,776543,34298,4935,3447,980.2,300.2
D,NBXX,9999,5.885e-5,4.444e-5,2.971e-5,5.764e-6,5.910e-6,4.853e-6
Y,196799,980.2,300.2,295.9,75.2,13.0,5.7,0,0000
T,2014,08,21,22,17,23
B,270180,29320,119,3447,162926,6972,116,3448,980.3,300.2
G,3259737,198343,222,3447,1904179,43600,159,3448,980.3,300.2
R,1317710,89985,5043,3447,774127,34637,4989,3448,980.3,300.2
D,NBXX,9999,5.868e-5,4.367e-5,2.920e-5,5.525e-6,5.922e-6,4.958e-6
Y,196469,980.3,300.2,295.9,75.2,13.1,5.7,0,0000
T,2014,08,21,22,22,23
B,269555,29480,144,3447,163794,7390,106,3447,980.3,300.2
G,3248645,200597,148,3447,1917056,43692,147,3447,980.3,300.2
R,1314668,90646,4989,3447,774342,34722,4958,3447,980.3,300.2
D,NBXX,9999,5.932e-5,4.459e-5,2.977e-5,6.787e-6,6.029e-6,5.106e-6
Y,195798,980.3,300.2,295.9,75.3,13.1,5.7,0,0000
T,2014,08,21,22,27,23
B,270479,29806,130,3448,163826,7346,133,3447,980.3,300.2
G,3259736,202110,156,3448,1919971,43339,123,3447,980.3,300.2
R,1315790,91370,5102,3448,777885,34586,4944,3447,980.3,300.2
D,NBXX,9999,5.995e-5,4.485e-5,3.009e-5,6.543e-6,5.886e-6,4.948e-6
Y,196412,980.3,300.2,295.9,75.2,13.1,5.7,0,0000
T,2014,08,21,22,32,23
B,271051,30265,139,3447,164008,7248,108,3447,980.3,300.2
G,3263706,202635,261,3447,1920976,43851,227,3447,980.3,300.2
R,1319343,91435,4930,3447,780078,34488,4926,3447,980.3,300.2
D,NBXX,9999,6.120e-5,4.486e-5,3.013e-5,6.253e-6,5.948e-6,4.979e-6
Y,196709,980.3,300.2,295.9,74.9,13.1,5.7,0,0000
T,2014,08,21,22,37,23
B,270815,29658,125,3447,163315,7335,145,3448,980.3,300.1
G,3266216,201949,278,3447,1918104,43447,249,3448,980.3,300.1
R,1320068,91117,5000,3447,778114,34481,5001,3448,980.3,300.1
D,NBXX,9999,5.937e-5,4.459e-5,2.982e-5,6.446e-6,5.798e-6,4.862e-6
Y,196861,980.3,300.1,295.8,74.9,13.1,5.7,0,0000
T,2014,08,21,22,42,23
B,270389,29146,116,3447,162732,7098,108,3447,980.3,300.1
G,3267732,198159,214,3447,1919657,42947,187,3447,980.3,300.1
R,1319059,89590,4929,3447,778925,34402,5100,3447,980.3,300.1
D,NBXX,9999,5.813e-5,4.346e-5,2.892e-5,5.933e-6,5.689e-6,4.810e-6
Y,196953,980.3,300.1,295.8,74.2,13.1,5.7,0,0000
T,2014,08,21,22,47,23
B,270518,29177,105,3448,163473,7090,104,3447,980.3,300.1
G,3261209,195465,124,3448,1914106,42391,103,3447,980.3,300.1
R,1318776,88599,5015,3448,777208,34305,4973,3447,980.3,300.1
D,NBXX,9999,5.823e-5,4.283e-5,2.836e-5,5.957e-6,5.612e-6,4.788e-6
Y,196501,980.3,300.1,295.8,73.6,13.0,5.7,0,0000
T,2014,08,21,22,52,23
B,270325,29044,124,3447,163578,7045,124,3447,980.3,300.1
G,3261437,195608,139,3447,1917137,42537,87,3447,980.3,300.1
R,1317990,89473,5076,3447,775760,34303,4902,3447,980.3,300.1
D,NBXX,9999,5.776e-5,4.287e-5,2.892e-5,5.694e-6,5.652e-6,4.797e-6
Y,196572,980.3,300.1,295.8,73.6,13.1,5.7,0,0000
T,2014,08,21,22,57,23
B,268465,29079,121,3424,162814,7310,104,3426,980.3,300.1
G,3245254,199343,145,3424,1910046,43096,127,3426,980.3,300.1
R,1310979,90706,4952,3424,774064,34429,4775,3426,980.3,300.1
D,NBXX,9999,5.854e-5,4.428e-5,3.009e-5,6.707e-6,5.861e-6,5.112e-6
Y,196912,980.3,300.1,295.8,74.2,13.0,5.7,0,0008
T,2014,08,21,23,02,23
B,266132,30361,139,3387,160071,7180,97,3387,980.4,300.1
G,3204161,210164,136,3387,1878653,44270,101,3387,980.4,300.1
R,1294709,93779,4872,3387,762172,34309,4930,3387,980.4,300.1
D,NBXX,9999,6.319e-5,4.840e-5,3.252e-5,6.470e-6,6.410e-6,5.172e-6
Y,196541,980.4,300.1,295.8,75.8,13.1,5.7,0,0008
T,2014,08,21,23,07,23
B,265893,32083,108,3384,160069,7346,118,3383,980.5,300.1
G,3208240,222987,247,3384,1878937,46073,208,3383,980.5,300.1
R,1295193,98195,4816,3384,760678,34984,4846,3383,980.5,300.1
D,NBXX,9999,6.858e-5,5.219e-5,3.530e-5,7.040e-6,6.874e-6,5.684e-6
Y,196967,980.5,300.1,295.7,77.3,13.0,5.7,0,0008
T,2014,08,21,23,12,23
B,270916,32418,115,3447,162811,7459,121,3447,980.6,300.0
G,3263664,225064,161,3447,1917530,46734,170,3447,980.6,300.0
R,1318045,99680,4958,3447,777208,35952,4798,3447,980.6,300.0
D,NBXX,9999,6.772e-5,5.170e-5,3.521e-5,6.922e-6,6.875e-6,5.943e-6
Y,196706,980.6,300.0,295.7,77.1,13.1,5.7,0,0000
T,2014,08,21,23,17,23
B,269387,32385,113,3424,163736,7433,116,3426,980.6,300.0
G,3247082,223458,106,3424,1916550,46758,116,3426,980.6,300.0
R,1310407,97559,4891,3424,776971,35130,4739,3426,980.6,300.0
D,NBXX,9999,6.819e-5,5.160e-5,3.432e-5,6.977e-6,6.984e-6,5.610e-6
Y,197023,980.6,300.0,295.7,77.3,13.1,5.7,0,0008
T,2014,08,21,23,22,23
B,269825,32538,117,3447,163370,7685,104,3447,980.5,300.0
G,3260941,226293,167,3447,1919636,46756,159,3447,980.5,300.0
R,1316813,99501,4769,3447,778345,35877,4878,3447,980.5,300.0
D,NBXX,9999,6.855e-5,5.213e-5,3.522e-5,7.757e-6,6.895e-6,5.988e-6
Y,196542,980.5,300.0,295.7,77.5,13.1,5.7,0,0000
T,2014,08,21,23,27,23
B,266218,32174,102,3382,160169,7439,149,3381,980.5,300.0
G,3210022,223041,277,3382,1886592,45864,225,3381,980.5,300.0
R,1301093,98399,4723,3382,763982,35260,4660,3381,980.5,300.0
D,NBXX,9999,6.865e-5,5.215e-5,3.538e-5,7.209e-6,6.785e-6,5.983e-6
Y,197194,980.5,300.0,295.7,77.3,13.1,5.7,0,0008
T,2014,08,21,23,32,23
B,270787,32995,112,3447,162863,7715,132,3447,980.5,300.0
G,3262591,223186,127,3447,1925758,46279,125,3447,980.5,300.0
R,1318301,98217,4929,3447,781286,35416,4831,3447,980.5,300.0
D,NBXX,9999,6.950e-5,5.118e-5,3.431e-5,7.688e-6,6.770e-6,5.615e-6
Y,196642,980.5,300.0,295.6,77.5,13.0,5.7,0,0000
T,2014,08,21,23,37,23
B,268825,32411,121,3413,161826,7704,151,3414,980.5,300.0
G,3229420,221464,217,3413,1902318,46847,193,3414,980.5,300.0
R,1304093,97983,4851,3413,771037,35490,4740,3414,980.5,300.0
D,NBXX,9999,6.835e-5,5.129e-5,3.486e-5,7.713e-6,7.026e-6,5.932e-6
Y,196581,980.5,300.0,295.6,77.5,13.1,5.7,0,0008
T,2014,08,21,23,42,23
B,266327,31876,143,3397,161329,7460,126,3397,980.5,299.9
G,3213504,222172,139,3397,1889691,46219,176,3397,980.5,299.9
R,1296305,97280,4787,3397,767807,34770,4814,3397,980.5,299.9
D,NBXX,9999,6.764e-5,5.188e-5,3.474e-5,7.194e-6,6.942e-6,5.579e-6
Y,196533,980.5,299.9,295.6,77.6,13.0,5.7,0,0008
T,2014,08,21,23,47,23
B,265696,31822,105,3387,159431,7422,141,3387,980.4,299.9
G,3206048,217306,170,3387,1876722,45236,147,3387,980.4,299.9
R,1293303,95540,4720,3387,760903,34524,4752,3387,980.4,299.9
D,NBXX,9999,6.778e-5,5.054e-5,3.389e-5,7.211e-6,6.671e-6,5.553e-6
Y,196657,980.4,299.9,295.6,77.6,13.0,5.7,0,0008
T,2014,08,21,23,52,23
B,266430,31971,161,3380,160853,7286,107,3380,980.5,299.9
G,3207228,216850,161,3380,1888322,44870,159,3380,980.5,299.9
R,1295135,95341,4775,3380,764992,34626,4777,3380,980.5,299.9
D,NBXX,9999,6.790e-5,5.037e-5,3.364e-5,6.657e-6,6.552e-6,5.538e-6
Y,197138,980.5,299.9,295.6,77.5,13.0,5.7,0,0008
T,2014,08,21,23,57,23
B,270182,31585,137,3447,163739,7370,122,3447,980.5,299.9
G,3262425,216505,161,3447,1914506,45166,148,3447,980.5,299.9
R,1316786,95934,4911,3447,776799,35110,4682,3447,980.5,299.9
D,NBXX,9999,6.542e-5,4.914e-5,3.312e-5,6.646e-6,6.414e-6,5.564e-6
Y,196632,980.5,299.9,295.6,77.6,13.1,5.7,0,0000
