T,2014,09,02,00,03,45
B,265262,22106,136,3447,159465,6313,124,3448,980.8,301.1
G,3145048,141565,104,3447,1853841,35792,110,3448,980.8,301.1
R,1283293,72091,5469,3447,760643,33153,5645,3448,980.8,301.1
D,NBXX,9999,3.813e-5,2.813e-5,1.868e-5,3.816e-6,4.024e-6,3.651e-6
Y,189530,980.8,301.1,296.9,71.8,13.1,5.7,0,0000
T,2014,09,02,00,08,45
B,263649,21772,135,3424,159429,6397,126,3424,980.7,301.1
G,3130286,141002,135,3424,1842796,35992,103,3424,980.7,301.1
R,1280582,72137,5496,3424,755609,32974,5524,3424,980.7,301.1
D,NBXX,9999,3.751e-5,2.815e-5,1.885e-5,4.190e-6,4.134e-6,3.639e-6
Y,189909,980.7,301.1,296.9,71.6,13.1,5.7,0,0008
T,2014,09,02,00,13,45
B,265142,22208,162,3448,159758,6623,148,3447,980.7,301.1
G,3153967,144361,145,3448,1851993,36626,110,3447,980.7,301.1
R,1288083,73003,5553,3448,760239,32663,5527,3447,980.7,301.1
D,NBXX,9999,3.830e-5,2.886e-5,1.912e-5,4.610e-6,4.245e-6,3.336e-6
Y,190015,980.7,301.1,296.9,71.3,13.1,5.7,0,0000
T,2014,09,02,00,18,45
B,262351,22525,160,3421,159990,6463,151,3421,980.6,301.1
G,3124479,144886,151,3421,1837629,36504,125,3421,980.6,301.1
R,1277417,73707,5563,3421,754139,32791,5437,3421,980.6,301.1
D,NBXX,9999,4.000e-5,2.945e-5,1.993e-5,4.308e-6,4.303e-6,3.571e-6
Y,189723,980.6,301.1,296.9,71.8,13.1,5.7,0,0008
T,2014,09,02,00,23,45
B,265189,22446,137,3447,160676,6492,171,3448,980.6,301.1
G,3151243,145993,102,3447,1856846,36211,113,3448,980.6,301.1
R,1285183,74449,5541,3447,760459,32929,5610,3448,980.6,301.1
D,NBXX,9999,3.903e-5,2.943e-5,2.005e-5,4.200e-6,4.133e-6,3.468e-6
Y,189905,980.6,301.1,296.9,71.9,13.1,5.7,0,0000
T,2014,09,02,00,28,45
B,266277,22589,155,3447,160194,6340,119,3447,980.5,301.1
G,3151132,143924,110,3447,1856314,36611,124,3447,980.5,301.1
R,1287976,72736,5560,3447,760111,32858,5471,3447,980.5,301.1
D,NBXX,9999,3.931e-5,2.878e-5,1.900e-5,3.784e-6,4.255e-6,3.488e-6
Y,189898,980.5,301.1,296.8,72.1,13.1,5.7,0,0000
T,2014,09,02,00,33,45
B,265772,22761,116,3448,160343,6370,142,3447,980.5,301.0
G,3154796,143810,119,3448,1857657,36689,115,3447,980.5,301.0
R,1284990,72329,5508,3448,760471,32972,5483,3447,980.5,301.0
D,NBXX,9999,4.002e-5,2.869e-5,1.886e-5,3.973e-6,4.270e-6,3.620e-6
Y,190065,980.5,301.0,296.8,72.3,13.1,5.7,0,0000
T,2014,09,02,00,38,45
B,264782,22448,163,3447,161206,6487,134,3447,980.5,301.0
G,3153515,144171,125,3447,1862757,36257,112,3447,980.5,301.0
R,1284563,72761,5463,3447,762567,32629,5717,3447,980.5,301.0
D,NBXX,9999,3.918e-5,2.882e-5,1.900e-5,4.258e-6,4.135e-6,3.272e-6
Y,190043,980.5,301.0,296.8,72.3,13.1,5.7,0,0000
T,2014,09,02,00,43,45
B,266484,22650,138,3447,160072,6404,122,3448,980.5,301.0
G,3155561,143857,137,3447,1855960,36201,106,3448,980.5,301.0
R,1286593,72853,5469,3447,759774,32431,5647,3448,980.5,301.0
D,NBXX,9999,3.949e-5,2.869e-5,1.905e-5,4.009e-6,4.104e-6,3.172e-6
Y,190166,980.5,301.0,296.8,72.3,13.1,5.7,0,0000
T,2014,09,02,00,48,45
B,265065,22476,120,3447,159818,6593,124,3447,980.5,301.0
G,3152137,145570,121,3447,1856253,36515,89,3447,980.5,301.0
R,1283506,73533,5412,3447,759699,33142,5566,3447,980.5,301.0
D,NBXX,9999,3.938e-5,2.929e-5,1.966e-5,4.752e-6,4.230e-6,3.744e-6
Y,189959,980.5,301.0,296.8,72.4,13.1,5.7,0,0000
T,2014,09,02,00,53,45
B,264888,22511,146,3448,161173,6721,125,3447,980.5,301.0
G,3151168,145826,120,3448,1854971,36297,104,3447,980.5,301.0
R,1286388,73992,5476,3448,760181,32749,5364,3447,980.5,301.0
D,NBXX,9999,3.943e-5,2.937e-5,1.995e-5,5.068e-6,4.164e-6,3.577e-6
Y,189845,980.5,301.0,296.8,72.6,13.1,5.7,0,0000
T,2014,09,02,00,58,45
B,265268,22678,126,3447,160521,6525,145,3447,980.5,301.0
G,3151448,148243,113,3447,1854620,36912,136,3447,980.5,301.0
R,1286656,74195,5446,3447,759430,33296,5538,3447,980.5,301.0
D,NBXX,9999,3.985e-5,3.012e-5,1.997e-5,4.433e-6,4.343e-6,3.804e-6
Y,189918,980.5,301.0,296.7,72.6,13.1,5.7,0,0000
T,2014,09,02,01,03,45
B,265589,22553,132,3447,161097,6592,164,3448,980.5,301.0
G,3150591,146094,117,3447,1855347,36432,103,3448,980.5,301.0
R,1284832,74258,5538,3447,760630,32857,5382,3448,980.5,301.0
D,NBXX,9999,3.930e-5,2.947e-5,2.011e-5,4.520e-6,4.203e-6,3.592e-6
Y,189866,980.5,301.0,296.7,72.6,13.1,5.7,0,0000
T,2014,09,02,01,08,45
B,264566,22282,137,3447,160408,6245,142,3447,980.4,301.0
G,3153546,143560,79,3447,1858230,36252,116,3447,980.4,301.0
R,1286136,73003,5468,3447,761128,32778,5358,3447,980.4,301.0
D,NBXX,9999,3.881e-5,2.864e-5,1.936e-5,3.607e-6,4.148e-6,3.603e-6
Y,190044,980.4,301.0,296.7,72.4,13.1,5.7,0,0000
T,2014,09,02,01,13,45
B,264941,22492,120,3448,160118,6517,125,3447,980.3,301.0
G,3154965,144711,99,3448,1857546,36253,98,3447,980.3,301.0
R,1290028,73405,5621,3448,760495,33202,5527,3447,980.3,301.0
D,NBXX,9999,3.948e-5,2.898e-5,1.926e-5,4.544e-6,4.146e-6,3.601e-6
Y,190075,980.3,301.0,296.8,72.4,13.1,5.7,0,0000
T,2014,09,02,01,18,45
B,265334,22389,107,3447,160110,6505,140,3447,980.3,301.0
G,3154553,143128,77,3447,1856576,36328,122,3447,980.3,301.0
R,1287686,72871,5438,3447,761933,32729,5438,3447,980.3,301.0
D,NBXX,9999,3.906e-5,2.849e-5,1.920e-5,4.466e-6,4.167e-6,3.522e-6
Y,190105,980.3,301.0,296.8,72.3,13.1,5.7,0,0000
T,2014,09,02,01,23,45
B,264882,22414,133,3447,159979,6415,136,3448,980.2,301.0
G,3152152,141919,129,3447,1857277,36179,106,3448,980.2,301.0
R,1289272,71839,5443,3447,759242,32535,5462,3448,980.2,301.0
D,NBXX,9999,3.917e-5,2.813e-5,1.850e-5,4.138e-6,4.112e-6,3.362e-6
Y,189960,980.2,301.0,296.8,72.1,13.1,5.7,0,0000
T,2014,09,02,01,28,45
B,265114,22204,151,3447,160386,6328,157,3447,980.2,301.0
G,3155960,142508,86,3447,1857819,36336,123,3447,980.2,301.0
R,1287057,72674,5328,3447,763145,32710,5480,3447,980.2,301.0
D,NBXX,9999,3.833e-5,2.827e-5,1.914e-5,3.721e-6,4.161e-6,3.565e-6
Y,190190,980.2,301.0,296.7,71.9,13.1,5.7,0,0000
T,2014,09,02,01,33,45
B,264337,22150,153,3448,160936,6396,139,3447,980.2,301.0
G,3157454,142210,115,3448,1860880,35915,106,3447,980.2,301.0
R,1289805,71475,5471,3448,762084,32303,5314,3447,980.2,301.0
D,NBXX,9999,3.842e-5,2.815e-5,1.834e-5,4.047e-6,4.023e-6,3.309e-6
Y,190225,980.2,301.0,296.7,72.1,13.1,5.7,0,0000
T,2014,09,02,01,38,45
B,264442,22157,130,3447,160249,6422,142,3447,980.2,301.0
G,3154324,141108,111,3447,1857054,35958,83,3447,980.2,301.0
R,1288032,71551,5515,3447,761960,32597,5381,3447,980.2,301.0
D,NBXX,9999,3.848e-5,2.786e-5,1.836e-5,4.185e-6,4.054e-6,3.423e-6
Y,190091,980.2,301.0,296.7,71.9,13.1,5.7,0,0000
T,2014,09,02,01,43,45
B,265280,22210,124,3447,160559,6401,125,3448,980.1,301.0
G,3159310,140983,105,3447,1859809,36365,111,3448,980.1,301.0
R,1286882,71700,5495,3447,763548,32320,5413,3448,980.1,301.0
D,NBXX,9999,3.851e-5,2.775e-5,1.848e-5,4.138e-6,4.152e-6,3.250e-6
Y,190393,980.1,301.0,296.7,72.1,13.1,5.7,0,0000
T,2014,09,02,01,48,45
B,266273,21803,179,3447,160742,6125,104,3447,980.1,301.0
G,3152433,139163,96,3447,1859047,35578,87,3447,980.1,301.0
R,1288610,70076,5372,3447,763160,32192,5396,3447,980.1,301.0
D,NBXX,9999,3.690e-5,2.728e-5,1.753e-5,3.109e-6,3.945e-6,3.260e-6
Y,189977,980.1,301.0,296.7,71.9,13.1,5.7,0,0000
T,2014,09,02,01,53,45
B,264502,21401,149,3448,160980,6311,121,3447,980.1,301.0
G,3157464,137801,124,3448,1863404,35560,104,3447,980.1,301.0
R,1287946,70067,5462,3448,763387,31894,5527,3447,980.1,301.0
D,NBXX,9999,3.615e-5,2.677e-5,1.738e-5,3.852e-6,3.909e-6,2.929e-6
Y,190226,980.1,301.0,296.7,71.8,13.1,5.7,0,0000
T,2014,09,02,01,58,45
B,265062,21314,132,3447,160047,6456,145,3447,980.0,300.9
G,3153536,135921,105,3447,1858562,35250,139,3447,980.0,300.9
R,1286677,69167,5542,3447,761939,32216,5398,3447,980.0,300.9
D,NBXX,9999,3.572e-5,2.623e-5,1.690e-5,4.228e-6,3.817e-6,3.170e-6
Y,190044,980.0,300.9,296.7,71.6,13.1,5.7,0,0000
T,2014,09,02,02,03,45
B,265479,21014,156,3447,160143,6409,168,3448,980.0,300.9
G,3154374,134247,106,3447,1858828,35461,107,3448,980.0,300.9
R,1288173,69065,5463,3447,761752,31900,5404,3448,980.0,300.9
D,NBXX,9999,3.453e-5,2.571e-5,1.685e-5,3.882e-6,3.888e-6,3.009e-6
Y,190095,980.0,300.9,296.7,71.8,13.1,5.7,0,0000
T,2014,09,02,02,08,45
B,264532,21112,133,3447,160190,6354,138,3447,980.0,300.9
G,3154368,133091,110,3447,1855465,34912,103,3447,980.0,300.9
R,1288299,69036,5365,3447,760146,31695,5231,3447,980.0,300.9
D,NBXX,9999,3.525e-5,2.535e-5,1.702e-5,3.973e-6,3.719e-6,3.080e-6
Y,190094,980.0,300.9,296.7,71.8,13.1,5.7,0,0000
T,2014,09,02,02,13,45
B,265550,20491,141,3447,160818,6201,109,3447,980.0,300.9
G,3159735,129412,89,3447,1865556,35162,125,3447,980.0,300.9
R,1287954,67594,5342,3447,763124,31676,5290,3447,980.0,300.9
D,NBXX,9999,3.317e-5,2.413e-5,1.612e-5,3.508e-6,3.779e-6,3.046e-6
Y,190419,980.0,300.9,296.7,71.3,13.1,5.7,0,0000
T,2014,09,02,02,18,45
B,265166,20837,171,3448,160449,6339,163,3447,980.0,300.9
G,3158233,131938,116,3448,1859063,34971,119,3447,980.0,300.9
R,1284654,68002,5206,3448,761777,31649,5275,3447,980.0,300.9
D,NBXX,9999,3.403e-5,2.493e-5,1.656e-5,3.664e-6,3.720e-6,3.172e-6
Y,190273,980.0,300.9,296.7,71.5,13.1,5.7,0,0000
T,2014,09,02,02,23,45
B,264558,20257,114,3447,160312,6352,133,3447,980.0,300.9
G,3152699,131032,118,3447,1854589,35103,89,3447,980.0,300.9
R,1286643,68004,5297,3447,763299,31777,5328,3447,980.0,300.9
D,NBXX,9999,3.270e-5,2.473e-5,1.641e-5,4.051e-6,3.787e-6,3.125e-6
Y,189993,980.0,300.9,296.7,71.1,13.1,5.7,0,0000
T,2014,09,02,02,28,45
B,266245,20925,160,3447,160128,6335,130,3448,980.0,300.9
G,3154837,132579,98,3447,1858458,34927,108,3448,980.0,300.9
R,1287272,68389,5387,3447,761696,31905,5354,3448,980.0,300.9
D,NBXX,9999,3.420e-5,2.518e-5,1.655e-5,3.723e-6,3.722e-6,3.111e-6
Y,190123,980.0,300.9,296.7,71.1,13.1,5.7,0,0000
T,2014,09,02,02,33,45
B,265044,21172,135,3447,160480,6391,144,3447,980.0,300.9
G,3154449,134694,121,3447,1859548,35847,101,3447,980.0,300.9
R,1287770,69260,5264,3447,761448,32038,5261,3447,980.0,300.9
D,NBXX,9999,3.528e-5,2.584e-5,1.722e-5,4.023e-6,4.008e-6,3.347e-6
Y,190099,980.0,300.9,296.7,71.5,13.1,5.7,0,0000
T,2014,09,02,02,38,45
B,265714,21805,155,3448,159910,6408,118,3447,980.0,300.9
G,3155094,138061,129,3448,1857255,35094,106,3447,980.0,300.9
R,1285985,69783,5430,3448,760294,32000,5401,3447,980.0,300.9
D,NBXX,9999,3.708e-5,2.688e-5,1.737e-5,4.055e-6,3.769e-6,3.126e-6
Y,190083,980.0,300.9,296.7,71.5,13.1,5.7,0,0000
T,2014,09,02,02,43,45
B,264449,21748,138,3447,160468,6495,116,3447,980.1,300.9
G,3154322,138646,96,3447,1858462,35879,108,3447,980.1,300.9
R,1285927,69702,5262,3447,759160,32133,5252,3447,980.1,300.9
D,NBXX,9999,3.729e-5,2.709e-5,1.755e-5,4.474e-6,4.025e-6,3.431e-6
Y,190091,980.1,300.9,296.7,71.3,13.1,5.7,0,0000
T,2014,09,02,02,48,46
B,265530,21555,143,3447,159550,6464,120,3448,980.1,300.9
G,3152845,137461,101,3447,1857591,35481,93,3448,980.1,300.9
R,1284752,70289,5467,3447,756914,31860,5392,3448,980.1,300.9
D,NBXX,9999,3.639e-5,2.674e-5,1.770e-5,4.263e-6,3.906e-6,3.022e-6
Y,190002,980.1,300.9,296.7,71.1,13.1,5.7,0,0000
T,2014,09,02,02,53,45
B,265950,21339,119,3447,160661,6357,161,3447,980.1,301.0
G,3151104,137063,123,3447,1859245,35599,63,3447,980.1,301.0
R,1284797,69067,5342,3447,761439,32080,5203,3447,980.1,301.0
D,NBXX,9999,3.557e-5,2.664e-5,1.717e-5,3.851e-6,3.956e-6,3.387e-6
Y,189897,980.1,301.0,296.8,71.1,13.1,5.7,0,0000
T,2014,09,02,02,58,46
B,265644,21472,130,3448,160491,6337,95,3447,980.1,301.0
G,3157065,136741,125,3448,1860070,35615,84,3447,980.1,301.0
R,1287626,69530,5230,3448,761904,31925,5308,3447,980.1,301.0
D,NBXX,9999,3.624e-5,2.645e-5,1.738e-5,4.012e-6,3.935e-6,3.274e-6
Y,190202,980.1,301.0,296.8,71.0,13.1,5.7,0,0000
T,2014,09,02,03,03,45
B,265791,21667,141,3447,160578,6345,116,3447,980.1,301.0
G,3155476,135550,114,3447,1858406,35954,102,3447,980.1,301.0
R,1286683,69648,5257,3447,760659,31881,5230,3447,980.1,301.0
D,NBXX,9999,3.669e-5,2.610e-5,1.752e-5,3.907e-6,4.040e-6,3.288e-6
Y,190161,980.1,301.0,296.8,71.0,13.1,5.7,0,0000
T,2014,09,02,03,08,46
B,266351,20828,135,3447,160530,6262,131,3448,980.0,301.0
G,3157211,133036,107,3447,1857402,35520,95,3448,980.0,301.0
R,1284494,68740,5270,3447,758604,31609,5311,3448,980.0,301.0
D,NBXX,9999,3.396e-5,2.530e-5,1.695e-5,3.577e-6,3.900e-6,3.068e-6
Y,190266,980.0,301.0,296.8,71.0,13.1,5.7,0,0000
T,2014,09,02,03,13,45
B,265023,20895,110,3447,160237,6208,138,3447,980.0,301.0
G,3152828,129392,117,3447,1857839,34685,91,3447,980.0,301.0
R,1284845,67197,5308,3447,761512,31461,5260,3447,980.0,301.0
D,NBXX,9999,3.454e-5,2.421e-5,1.600e-5,3.572e-6,3.655e-6,2.988e-6
Y,190001,980.0,301.0,296.8,70.8,13.1,5.7,0,0000
T,2014,09,02,03,18,46
B,265594,20344,138,3448,160220,6303,124,3447,979.9,301.0
G,3151218,128328,118,3448,1859850,34564,104,3447,979.9,301.0
R,1283559,66607,5286,3448,759664,31714,5339,3447,979.9,301.0
D,NBXX,9999,3.267e-5,2.389e-5,1.565e-5,3.780e-6,3.621e-6,3.133e-6
Y,189848,979.9,301.0,296.9,70.5,13.1,5.7,0,0000
T,2014,09,02,03,23,46
B,265014,20713,129,3447,160166,6360,137,3447,979.9,301.1
G,3153594,132813,98,3447,1851635,35152,97,3447,979.9,301.1
R,1284100,68220,5297,3447,756919,31902,5374,3447,979.9,301.1
D,NBXX,9999,3.392e-5,2.528e-5,1.660e-5,3.976e-6,3.804e-6,3.206e-6
Y,190047,979.9,301.1,296.9,70.5,13.1,5.7,0,0000
T,2014,09,02,03,28,46
B,265678,21358,159,3447,160787,6426,115,3448,980.0,301.1
G,3155921,134590,129,3447,1856896,35751,110,3448,980.0,301.1
R,1284663,69080,5378,3447,761041,31840,5351,3448,980.0,301.1
D,NBXX,9999,3.572e-5,2.579e-5,1.705e-5,4.098e-6,3.964e-6,3.103e-6
Y,190188,980.0,301.1,296.9,70.8,13.1,5.7,0,0000
T,2014,09,02,03,33,46
B,265748,20865,127,3447,161386,6360,127,3447,979.9,301.1
G,3153193,131767,128,3447,1851448,35309,85,3447,979.9,301.1
R,1286265,68709,5512,3447,757176,31820,5468,3447,979.9,301.1
D,NBXX,9999,3.426e-5,2.495e-5,1.663e-5,3.967e-6,3.848e-6,2.914e-6
Y,190023,979.9,301.1,296.8,70.6,13.1,5.7,0,0000
T,2014,09,02,03,38,46
B,264774,20638,134,3448,160462,6158,146,3447,980.0,301.1
G,3154425,131460,119,3448,1857935,34612,100,3447,980.0,301.1
R,1284999,68246,5454,3448,759277,32392,5360,3447,980.0,301.1
D,NBXX,9999,3.370e-5,2.483e-5,1.647e-5,3.327e-6,3.626e-6,3.389e-6
Y,190042,980.0,301.1,296.9,70.6,13.1,5.7,0,0000
T,2014,09,02,03,43,46
B,264743,20798,128,3447,160056,6269,137,3447,980.0,301.0
G,3151160,131854,95,3447,1855171,34873,85,3447,980.0,301.0
R,1282137,68062,5256,3447,760223,31905,5486,3447,980.0,301.0
D,NBXX,9999,3.425e-5,2.501e-5,1.648e-5,3.719e-6,3.730e-6,3.162e-6
Y,189900,980.0,301.0,296.8,70.5,13.1,5.7,0,0000
T,2014,09,02,03,48,46
B,264079,20924,117,3447,160548,6208,130,3448,980.0,301.0
G,3151859,132970,89,3447,1856510,34901,117,3448,980.0,301.0
R,1286264,68403,5370,3447,760523,31925,5366,3448,980.0,301.0
D,NBXX,9999,3.486e-5,2.534e-5,1.659e-5,3.636e-6,3.724e-6,3.136e-6
Y,189942,980.0,301.0,296.8,70.5,13.1,5.7,0,0000
T,2014,09,02,03,53,46
B,265674,21194,165,3447,160546,6418,145,3447,980.0,301.1
G,3152647,136370,102,3447,1860366,35820,128,3447,980.0,301.1
R,1285907,69409,5279,3447,761671,32260,5317,3447,980.0,301.1
D,NBXX,9999,3.509e-5,2.639e-5,1.731e-5,3.951e-6,4.003e-6,3.450e-6
Y,189990,980.0,301.1,296.8,71.0,13.1,5.7,0,0000
T,2014,09,02,03,58,46
B,265827,21235,129,3448,160419,6357,123,3447,980.1,301.1
G,3160733,135607,98,3448,1859117,35595,93,3447,980.1,301.1
R,1291433,69855,5338,3448,760803,32063,5434,3447,980.1,301.1
D,NBXX,9999,3.538e-5,2.606e-5,1.731e-5,3.965e-6,3.922e-6,3.156e-6
Y,190424,980.1,301.1,296.8,71.0,13.1,5.7,0,0000
T,2014,09,02,04,03,46
B,264424,21846,156,3447,160453,6426,104,3447,980.1,301.1
G,3158223,141040,120,3447,1859970,36629,110,3447,980.1,301.1
R,1291043,72198,5114,3447,760978,32462,5235,3447,980.1,301.1
D,NBXX,9999,3.757e-5,2.777e-5,1.906e-5,4.242e-6,4.237e-6,3.702e-6
Y,190327,980.1,301.1,296.8,71.1,13.0,5.7,0,0000
T,2014,09,02,04,08,46
B,266147,22366,113,3447,161649,6492,128,3448,980.1,301.1
G,3152326,143061,128,3447,1859448,36817,102,3448,980.1,301.1
R,1287199,72547,5471,3447,763637,32652,5348,3448,980.1,301.1
D,NBXX,9999,3.880e-5,2.849e-5,1.905e-5,4.383e-6,4.313e-6,3.515e-6
Y,189971,980.1,301.1,296.8,71.0,13.1,5.7,0,0000
T,2014,09,02,04,13,46
B,265403,22716,167,3447,160688,6711,134,3447,980.1,301.0
G,3153188,146321,115,3447,1858804,37175,74,3447,980.1,301.0
R,1282329,72823,5387,3447,759804,32470,5456,3447,980.1,301.0
D,NBXX,9999,3.985e-5,2.951e-5,1.935e-5,4.901e-6,4.441e-6,3.437e-6
Y,190023,980.1,301.0,296.8,71.0,13.1,5.7,0,0000
T,2014,09,02,04,18,46
B,264655,22585,139,3447,160631,6381,126,3447,980.1,301.0
G,3152826,144178,96,3447,1854755,36750,106,3447,980.1,301.0
R,1286565,72577,5417,3447,760737,32512,5339,3447,980.1,301.0
D,NBXX,9999,3.977e-5,2.884e-5,1.913e-5,4.069e-6,4.304e-6,3.485e-6
Y,190001,980.1,301.0,296.8,71.1,13.1,5.7,0,0000
T,2014,09,02,04,23,46
B,264524,23037,131,3448,160107,6447,113,3447,980.1,301.0
G,3149373,148099,93,3448,1852705,37066,102,3447,980.1,301.0
R,1284735,73921,5513,3448,761219,32708,5368,3447,980.1,301.0
D,NBXX,9999,4.127e-5,3.012e-5,1.993e-5,4.362e-6,4.422e-6,3.539e-6
Y,189737,980.1,301.0,296.8,71.0,13.1,5.7,0,0000
T,2014,09,02,04,28,46
B,264554,22940,141,3447,160773,6535,125,3447,980.1,301.0
G,3145971,147700,134,3447,1856244,37358,104,3447,980.1,301.0
R,1284107,72984,5075,3447,760741,32878,5120,3447,980.1,301.0
D,NBXX,9999,4.089e-5,3.003e-5,1.986e-5,4.547e-6,4.507e-6,4.137e-6
Y,189586,980.1,301.0,296.8,71.0,13.1,5.7,0,0000
T,2014,09,02,04,33,46
B,265453,22472,114,3447,160525,6590,120,3448,980.1,301.1
G,3147335,145636,133,3447,1854903,36854,108,3448,980.1,301.1
R,1285585,72669,5483,3447,758857,32768,5312,3448,980.1,301.1
D,NBXX,9999,3.933e-5,2.936e-5,1.919e-5,4.758e-6,4.339e-6,3.620e-6
Y,189669,980.1,301.1,296.8,71.0,13.1,5.7,0,0000
T,2014,09,02,04,38,46
B,264270,22473,140,3447,160709,6464,151,3447,980.1,301.0
G,3146584,145190,132,3447,1858494,36808,119,3447,980.1,301.0
R,1284310,71927,5321,3447,758410,32898,5397,3447,980.1,301.0
D,NBXX,9999,3.943e-5,2.923e-5,1.883e-5,4.259e-6,4.327e-6,3.772e-6
Y,189623,980.1,301.0,296.8,71.0,13.1,5.7,0,0000
T,2014,09,02,04,43,46
B,265171,22559,138,3448,160238,6408,144,3447,980.1,301.0
G,3152443,145648,128,3448,1854780,36525,123,3447,980.1,301.0
R,1285261,72883,5344,3448,758960,32817,5416,3447,980.1,301.0
D,NBXX,9999,3.950e-5,2.929e-5,1.936e-5,4.061e-6,4.221e-6,3.687e-6
Y,189922,980.1,301.0,296.8,71.0,13.1,5.7,0,0000
T,2014,09,02,04,48,46
B,265078,22775,145,3447,160152,6529,145,3447,980.1,301.0
G,3150754,145543,132,3447,1855970,36469,112,3447,980.1,301.0
R,1285168,72207,5297,3447,759082,32682,5279,3447,980.1,301.0
D,NBXX,9999,4.016e-5,2.928e-5,1.907e-5,4.405e-6,4.208e-6,3.732e-6
Y,189876,980.1,301.0,296.8,71.0,13.1,5.7,0,0000
T,2014,09,02,04,53,46
B,264924,22754,115,3447,161059,6372,133,3448,980.1,301.0
G,3151002,144689,125,3447,1857351,36772,113,3448,980.1,301.0
R,1283448,72817,5423,3447,759701,32747,5349,3448,980.1,301.0
D,NBXX,9999,4.028e-5,2.902e-5,1.936e-5,4.077e-6,4.301e-6,3.644e-6
Y,189891,980.1,301.0,296.8,71.0,13.1,5.7,0,0000
T,2014,09,02,04,58,46
B,265598,22936,133,3447,160534,6521,129,3447,980.2,301.0
G,3147993,145768,130,3447,1856721,36947,107,3447,980.2,301.0
R,1284348,72155,5353,3447,759018,32503,5230,3447,980.2,301.0
D,NBXX,9999,4.061e-5,2.940e-5,1.906e-5,4.442e-6,4.371e-6,3.625e-6
Y,189709,980.2,301.0,296.8,71.0,13.1,5.7,0,0000
T,2014,09,02,05,03,46
B,265779,22595,132,3448,160658,6612,124,3447,980.2,301.0
G,3151542,145269,79,3448,1854922,36959,105,3447,980.2,301.0
R,1285252,72095,5244,3448,756764,32428,5390,3447,980.2,301.0
D,NBXX,9999,3.954e-5,2.921e-5,1.896e-5,4.735e-6,4.384e-6,3.538e-6
Y,189868,980.2,301.0,296.8,71.0,13.1,5.7,0,0000
T,2014,09,02,05,08,46
B,264883,23697,132,3447,160246,6684,127,3447,980.2,301.0
G,3148363,155648,105,3447,1857058,38231,99,3447,980.2,301.0
R,1284714,77636,5284,3447,760810,33255,5214,3447,980.2,301.0
D,NBXX,9999,4.315e-5,3.250e-5,2.249e-5,5.006e-6,4.784e-6,4.146e-6
Y,189731,980.2,301.0,296.8,71.0,13.0,5.7,0,0000
T,2014,09,02,05,13,46
B,265797,23115,162,3447,160505,6351,133,3448,980.2,301.0
G,3151296,148443,121,3447,1854599,36828,112,3448,980.2,301.0
R,1286063,74017,5315,3447,758287,32686,5470,3448,980.2,301.0
D,NBXX,9999,4.099e-5,3.019e-5,2.002e-5,3.785e-6,4.320e-6,3.572e-6
Y,189908,980.2,301.0,296.8,71.3,13.1,5.7,0,0000
T,2014,09,02,05,18,46
B,265002,23263,117,3447,160200,6449,152,3447,980.2,301.0
G,3148531,151032,115,3447,1856999,37228,100,3447,980.2,301.0
R,1283033,74960,5396,3447,758646,33230,5218,3447,980.2,301.0
D,NBXX,9999,4.175e-5,3.105e-5,2.081e-5,4.239e-6,4.465e-6,4.064e-6
Y,189741,980.2,301.0,296.8,71.8,13.1,5.7,0,0000
T,2014,09,02,05,23,46
B,265777,23156,148,3448,161151,6585,135,3447,980.2,301.0
G,3154932,148151,131,3448,1862062,37255,100,3447,980.2,301.0
R,1284032,73910,5227,3448,761646,32778,5361,3447,980.2,301.0
D,NBXX,9999,4.117e-5,3.004e-5,2.015e-5,4.557e-6,4.447e-6,3.799e-6
Y,190073,980.2,301.0,296.8,71.5,13.1,5.7,0,0000
T,2014,09,02,05,28,46
B,265656,22916,143,3447,160197,6585,106,3447,980.2,301.0
G,3156631,145476,101,3447,1848435,37192,111,3447,980.2,301.0
R,1286698,72507,5356,3447,756351,32795,5187,3447,980.2,301.0
D,NBXX,9999,4.058e-5,2.919e-5,1.924e-5,4.681e-6,4.425e-6,3.810e-6
Y,190231,980.2,301.0,296.8,71.1,13.1,5.7,0,0000
T,2014,09,02,05,33,46
B,265858,23059,134,3447,161350,6639,97,3448,980.3,301.0
G,3155235,146989,109,3447,1856847,37241,118,3448,980.3,301.0
R,1286395,72999,5263,3447,759313,32266,5317,3448,980.3,301.0
D,NBXX,9999,4.103e-5,2.968e-5,1.953e-5,4.889e-6,4.437e-6,3.456e-6
Y,190147,980.3,301.0,296.8,70.8,13.0,5.7,0,0000
T,2014,09,02,05,38,46
B,266370,22763,135,3447,160450,6510,117,3447,980.3,301.0
G,3153291,147125,118,3447,1851701,37002,73,3447,980.3,301.0
R,1283739,73102,5272,3447,756605,32360,5204,3447,980.3,301.0
D,NBXX,9999,3.992e-5,2.976e-5,1.974e-5,4.389e-6,4.385e-6,3.619e-6
Y,190029,980.3,301.0,296.8,70.6,13.1,5.7,0,0000
T,2014,09,02,05,43,46
B,264932,22565,150,3448,161022,6523,124,3447,980.3,301.0
G,3153570,146218,96,3448,1859283,36937,87,3447,980.3,301.0
R,1283272,73319,5377,3448,759334,32735,5311,3447,980.3,301.0
D,NBXX,9999,3.961e-5,2.948e-5,1.974e-5,4.460e-6,4.370e-6,3.708e-6
Y,189991,980.3,301.0,296.8,70.6,13.0,5.7,0,0000
T,2014,09,02,05,48,46
B,266077,22462,171,3447,160848,6570,126,3447,980.3,301.0
G,3153512,145781,124,3447,1853890,37040,102,3447,980.3,301.0
R,1284603,73123,5335,3447,757732,32762,5348,3447,980.3,301.0
D,NBXX,9999,3.892e-5,2.933e-5,1.958e-5,4.434e-6,4.384e-6,3.710e-6
Y,190042,980.3,301.0,296.8,70.8,13.1,5.7,0,0000
T,2014,09,02,05,53,46
B,261870,22810,162,3394,158556,6509,120,3395,980.3,301.0
G,3112923,146861,90,3394,1831818,36528,88,3395,980.3,301.0
R,1267874,73026,5401,3394,750259,32029,5177,3395,980.3,301.0
D,NBXX,9999,4.114e-5,3.028e-5,2.009e-5,4.599e-6,4.386e-6,3.489e-6
Y,190528,980.3,301.0,296.8,71.1,13.1,5.7,0,0008
T,2014,09,02,05,58,46
B,266430,23302,125,3447,160459,6422,103,3447,980.3,301.0
G,3159211,149462,141,3447,1857976,37024,114,3447,980.3,301.0
R,1287266,73620,5318,3447,761847,32641,5255,3447,980.3,301.0
D,NBXX,9999,4.163e-5,3.038e-5,1.989e-5,4.201e-6,4.347e-6,3.689e-6
Y,190387,980.3,301.0,296.8,70.8,13.1,5.7,0,0000
T,2014,09,02,06,03,46
B,265943,23192,128,3448,161386,6524,125,3447,980.4,301.0
G,3158162,150285,121,3448,1863890,37190,112,3447,980.4,301.0
R,1288436,73634,5221,3448,761725,32617,5406,3447,980.4,301.0
D,NBXX,9999,4.134e-5,3.066e-5,1.982e-5,4.465e-6,4.414e-6,3.629e-6
Y,190268,980.4,301.0,296.8,70.6,13.1,5.7,0,0000
T,2014,09,02,06,08,46
B,264608,22577,133,3447,160593,6487,132,3447,980.4,301.0
G,3157968,144444,135,3447,1854636,36424,104,3447,980.4,301.0
R,1286262,72835,5304,3447,759002,32803,5311,3447,980.4,301.0
D,NBXX,9999,3.976e-5,2.884e-5,1.940e-5,4.399e-6,4.170e-6,3.768e-6
Y,190312,980.4,301.0,296.8,70.5,13.1,5.7,0,0000
T,2014,09,02,06,13,46
B,265958,22821,132,3447,160611,6549,129,3448,980.4,301.0
G,3157552,147443,115,3447,1855936,37089,102,3448,980.4,301.0
R,1287166,73129,5294,3447,758991,32360,5311,3448,980.4,301.0
D,NBXX,9999,4.017e-5,2.979e-5,1.957e-5,4.500e-6,4.384e-6,3.489e-6
Y,190287,980.4,301.0,296.8,70.6,13.1,5.7,0,0000
T,2014,09,02,06,18,46
B,264869,22364,146,3447,159490,6464,154,3447,980.3,301.0
G,3155161,146168,117,3447,1855395,37188,120,3447,980.3,301.0
R,1285451,73956,5318,3447,758696,32867,5169,3447,980.3,301.0
D,NBXX,9999,3.891e-5,2.942e-5,2.021e-5,4.184e-6,4.420e-6,3.907e-6
Y,190142,980.3,301.0,296.8,70.6,13.1,5.7,0,0000
T,2014,09,02,06,23,46
B,266078,22573,163,3448,161044,6446,132,3447,980.4,301.0
G,3156478,145821,121,3448,1856971,37212,89,3447,980.4,301.0
R,1285434,72706,5382,3448,759083,32625,5389,3447,980.4,301.0
D,NBXX,9999,3.926e-5,2.930e-5,1.923e-5,4.067e-6,4.436e-6,3.559e-6
Y,190166,980.4,301.0,296.8,70.8,13.1,5.7,0,0000
T,2014,09,02,06,28,46
B,265669,22879,128,3447,160623,6578,127,3447,980.4,301.0
G,3158067,146751,99,3447,1857629,37574,121,3447,980.4,301.0
R,1286933,73335,5311,3447,759272,32603,5322,3447,980.4,301.0
D,NBXX,9999,4.044e-5,2.956e-5,1.968e-5,4.637e-6,4.536e-6,3.625e-6
Y,190318,980.4,301.0,296.8,70.6,13.1,5.7,0,0000
T,2014,09,02,06,33,46
B,265116,22729,173,3447,160060,6598,127,3447,980.4,301.0
G,3154009,145649,115,3447,1859122,37306,89,3447,980.4,301.0
R,1283843,73173,5254,3447,759279,33109,5397,3447,980.4,301.0
D,NBXX,9999,3.997e-5,2.928e-5,1.966e-5,4.578e-6,4.473e-6,3.955e-6
Y,190072,980.4,301.0,296.8,70.6,13.1,5.7,0,0000
T,2014,09,02,06,38,46
B,266005,22944,161,3447,160646,6596,128,3448,980.5,301.0
G,3154937,150680,106,3447,1861415,37799,117,3448,980.5,301.0
R,1284771,75690,5255,3447,759767,33188,5182,3448,980.5,301.0
D,NBXX,9999,4.041e-5,3.084e-5,2.133e-5,4.528e-6,4.614e-6,4.143e-6
Y,190129,980.5,301.0,296.7,70.5,13.1,5.7,0,0000
T,2014,09,02,06,43,46
B,264943,24766,128,3447,160416,6620,125,3447,980.5,300.9
G,3152253,161921,133,3447,1853394,39257,109,3447,980.5,300.9
R,1286346,79190,5346,3447,758600,33521,5319,3447,980.5,300.9
D,NBXX,9999,4.641e-5,3.439e-5,2.325e-5,4.812e-6,5.077e-6,4.161e-6
Y,189966,980.5,300.9,296.7,70.5,13.1,5.7,0,0000
T,2014,09,02,06,48,46
B,265334,24323,125,3448,160900,6769,116,3447,980.6,300.9
G,3158467,160875,125,3448,1851941,38321,75,3447,980.6,300.9
R,1285523,77869,5358,3448,757878,33271,5320,3447,980.6,300.9
D,NBXX,9999,4.498e-5,3.398e-5,2.245e-5,5.289e-6,4.779e-6,4.010e-6
Y,190287,980.6,300.9,296.7,70.5,13.1,5.7,0,0000
T,2014,09,02,06,53,46
B,265760,24320,111,3447,160378,6638,153,3447,980.5,300.9
G,3150435,159905,108,3447,1860940,38598,59,3447,980.5,300.9
R,1285601,77688,5355,3447,757944,33191,5329,3447,980.5,300.9
D,NBXX,9999,4.478e-5,3.382e-5,2.234e-5,4.768e-6,4.905e-6,3.951e-6
Y,189856,980.5,300.9,296.6,70.6,13.1,5.7,0,0000
T,2014,09,02,06,58,46
B,264599,24306,116,3447,160461,6793,132,3448,980.4,300.9
G,3154919,157813,98,3447,1858100,38425,109,3448,980.4,300.9
R,1285839,77750,5287,3447,761539,33439,5341,3448,980.4,300.9
D,NBXX,9999,4.514e-5,3.308e-5,2.241e-5,5.395e-6,4.815e-6,4.137e-6
Y,190127,980.4,300.9,296.6,70.8,13.1,5.7,0,0000
T,2014,09,02,07,03,46
B,266045,24208,140,3447,160488,6583,128,3447,980.4,300.9
G,3155914,157596,121,3447,1854150,38279,105,3447,980.4,300.9
R,1287191,77813,5287,3447,758551,33165,5229,3447,980.4,300.9
D,NBXX,9999,4.437e-5,3.299e-5,2.248e-5,4.579e-6,4.762e-6,4.039e-6
Y,190188,980.4,300.9,296.6,71.0,13.1,5.7,0,0000
T,2014,09,02,07,08,46
B,265423,24104,143,3448,159921,6692,121,3447,980.4,300.8
G,3152902,157706,110,3448,1856798,38303,117,3447,980.4,300.8
R,1286323,77125,5280,3448,757150,32949,5187,3447,980.4,300.8
D,NBXX,9999,4.421e-5,3.307e-5,2.212e-5,4.964e-6,4.784e-6,3.955e-6
Y,189950,980.4,300.8,296.6,71.0,13.1,5.7,0,0000
T,2014,09,02,07,13,46
B,263424,24509,138,3447,161074,6746,132,3447,980.5,300.8
G,3152526,159237,100,3447,1857401,38866,62,3447,980.5,300.8
R,1284603,77886,5310,3447,760236,33254,5289,3447,980.5,300.8
D,NBXX,9999,4.599e-5,3.358e-5,2.255e-5,5.253e-6,4.982e-6,4.061e-6
Y,189983,980.5,300.8,296.5,71.1,13.1,5.7,0,0000
T,2014,09,02,07,18,46
B,265337,24324,148,3447,160304,6705,126,3448,980.5,300.8
G,3150758,163124,121,3447,1855670,39304,113,3448,980.5,300.8
R,1283064,79484,5120,3447,759952,33293,5195,3448,980.5,300.8
D,NBXX,9999,4.487e-5,3.480e-5,2.379e-5,4.963e-6,5.097e-6,4.299e-6
Y,189876,980.5,300.8,296.5,71.3,13.1,5.7,0,0000
T,2014,09,02,07,23,46
B,266103,25013,136,3447,160883,6848,111,3447,980.4,300.8
G,3150682,163377,82,3447,1854967,39572,113,3447,980.4,300.8
R,1282849,78650,5192,3447,758749,33298,5287,3447,980.4,300.8
D,NBXX,9999,4.686e-5,3.489e-5,2.316e-5,5.446e-6,5.199e-6,4.192e-6
Y,189871,980.4,300.8,296.5,71.3,13.1,5.7,0,0000
T,2014,09,02,07,28,46
B,264086,24636,133,3448,161080,6828,142,3447,980.5,300.8
G,3152601,158813,91,3448,1856001,39026,101,3447,980.5,300.8
R,1283003,77395,5206,3448,759792,33205,5327,3447,980.5,300.8
D,NBXX,9999,4.618e-5,3.343e-5,2.234e-5,5.444e-6,5.025e-6,4.099e-6
Y,189932,980.5,300.8,296.5,71.5,13.1,5.7,0,0000
T,2014,09,02,07,33,46
B,264829,24479,135,3447,160680,6516,106,3447,980.6,300.7
G,3151427,160767,80,3447,1856576,38721,86,3447,980.6,300.7
R,1281740,77390,5117,3447,758073,33122,5073,3447,980.6,300.7
D,NBXX,9999,4.558e-5,3.407e-5,2.263e-5,4.530e-6,4.940e-6,4.302e-6
Y,189916,980.6,300.7,296.5,71.6,13.1,5.7,0,0000
T,2014,09,02,07,38,46
B,265373,24473,126,3447,161254,6916,113,3448,980.6,300.7
G,3149356,163873,81,3447,1852370,39221,104,3448,980.6,300.7
R,1284200,78673,5079,3447,758751,33397,5071,3448,980.6,300.7
D,NBXX,9999,4.541e-5,3.507e-5,2.337e-5,5.718e-6,5.094e-6,4.470e-6
Y,189791,980.6,300.7,296.5,71.8,13.1,5.7,0,0000
T,2014,09,02,07,43,46
B,264758,24824,127,3447,161020,6911,133,3447,980.7,300.7
G,3151238,163832,90,3447,1857428,39043,96,3447,980.7,300.7
R,1284236,77924,5145,3447,758708,33442,4928,3447,980.7,300.7
D,NBXX,9999,4.659e-5,3.503e-5,2.296e-5,5.682e-6,5.034e-6,4.557e-6
Y,189905,980.7,300.7,296.5,71.8,13.1,5.7,0,0000
T,2014,09,02,07,48,46
B,266211,24367,132,3448,161127,6763,117,3447,980.7,300.7
G,3151079,159059,105,3448,1857031,38348,74,3447,980.7,300.7
R,1283471,76923,5047,3448,758359,32866,5202,3447,980.7,300.7
D,NBXX,9999,4.482e-5,3.354e-5,2.224e-5,5.163e-6,4.823e-6,4.088e-6
Y,189840,980.7,300.7,296.5,72.1,13.1,5.7,0,0000
T,2014,09,02,07,53,46
B,266858,24242,141,3447,160602,6619,124,3447,980.7,300.7
G,3152806,156290,92,3447,1856663,38298,83,3447,980.7,300.7
R,1283128,77135,5117,3447,759318,32746,5148,3447,980.7,300.7
D,NBXX,9999,4.420e-5,3.264e-5,2.237e-5,4.613e-6,4.799e-6,4.001e-6
Y,190000,980.7,300.7,296.5,72.1,13.1,5.7,0,0000
T,2014,09,02,07,58,46
B,265581,24373,144,3447,159934,6887,138,3448,980.7,300.7
G,3150814,160541,127,3447,1854381,39038,114,3448,980.7,300.7
R,1283444,78058,5079,3447,757622,33103,5102,3448,980.7,300.7
D,NBXX,9999,4.490e-5,3.398e-5,2.299e-5,5.461e-6,5.011e-6,4.274e-6
Y,189879,980.7,300.7,296.4,72.1,13.1,5.7,0,0000
T,2014,09,02,08,03,46
B,266120,24220,133,3447,160636,6761,119,3447,980.7,300.7
G,3151763,157161,118,3447,1861371,38638,97,3447,980.7,300.7
R,1285132,76929,5085,3447,758978,32871,5275,3447,980.7,300.7
D,NBXX,9999,4.438e-5,3.292e-5,2.211e-5,5.147e-6,4.895e-6,3.990e-6
Y,189937,980.7,300.7,296.4,72.3,13.1,5.7,0,0000
T,2014,09,02,08,08,46
B,265602,23825,119,3448,159787,6622,107,3447,980.7,300.7
G,3155373,155260,127,3448,1855941,38504,92,3447,980.7,300.7
R,1285334,76429,5114,3448,759342,32885,5035,3447,980.7,300.7
D,NBXX,9999,4.341e-5,3.227e-5,2.195e-5,4.858e-6,4.841e-6,4.153e-6
Y,190100,980.7,300.7,296.4,72.8,13.1,5.7,0,0000
T,2014,09,02,08,13,46
B,265541,23336,155,3447,161386,6639,126,3447,980.7,300.6
G,3154135,153297,100,3447,1856378,38365,111,3447,980.7,300.6
R,1282102,75001,4900,3447,758953,32854,5015,3447,980.7,300.6
D,NBXX,9999,4.173e-5,3.167e-5,2.133e-5,4.713e-6,4.802e-6,4.330e-6
Y,190080,980.7,300.6,296.4,72.8,13.1,5.7,0,0000
T,2014,09,02,08,18,46
B,266028,23052,121,3447,159980,6599,99,3448,980.7,300.6
G,3155362,149764,107,3447,1856964,37930,113,3448,980.7,300.6
R,1282531,74142,5019,3447,759078,32046,5089,3448,980.7,300.6
D,NBXX,9999,4.095e-5,3.055e-5,2.065e-5,4.766e-6,4.654e-6,3.683e-6
Y,190154,980.7,300.6,296.4,72.9,13.1,5.7,0,0000
T,2014,09,02,08,23,46
B,264900,23081,130,3447,160623,6572,93,3447,980.7,300.6
G,3159012,151251,100,3447,1857055,37924,104,3447,980.7,300.6
R,1286414,74463,5234,3447,758909,32277,5130,3447,980.7,300.6
D,NBXX,9999,4.132e-5,3.096e-5,2.055e-5,4.761e-6,4.648e-6,3.609e-6
Y,190375,980.7,300.6,296.4,72.9,13.1,5.7,0,0000
T,2014,09,02,08,28,46
B,265209,23057,105,3448,161656,6625,101,3447,980.7,300.6
G,3157428,150224,109,3448,1859044,37519,110,3447,980.7,300.6
R,1287116,73579,5072,3448,758754,32084,4996,3447,980.7,300.6
D,NBXX,9999,4.123e-5,3.066e-5,2.019e-5,4.967e-6,4.525e-6,3.699e-6
Y,190224,980.7,300.6,296.4,73.1,13.1,5.7,0,0000
T,2014,09,02,08,33,46
B,265224,23290,122,3447,160833,6451,135,3447,980.8,300.6
G,3157166,149221,98,3447,1856749,37584,89,3447,980.8,300.6
R,1282760,73704,4975,3447,758435,32251,5110,3447,980.8,300.6
D,NBXX,9999,4.176e-5,3.036e-5,2.039e-5,4.245e-6,4.555e-6,3.828e-6
Y,190263,980.8,300.6,296.4,73.1,13.1,5.7,0,0000
T,2014,09,02,08,38,46
B,265901,23456,135,3447,160829,6731,109,3448,980.8,300.6
G,3157519,150685,109,3447,1862400,37914,106,3448,980.8,300.6
R,1286175,73245,4971,3447,758912,32625,4973,3448,980.8,300.6
D,NBXX,9999,4.213e-5,3.080e-5,2.011e-5,5.094e-6,4.643e-6,4.121e-6
Y,190285,980.8,300.6,296.3,73.1,13.1,5.7,0,0000
T,2014,09,02,08,43,46
B,265127,23343,121,3447,160433,6745,121,3447,980.8,300.6
G,3156534,151224,129,3447,1852881,38152,103,3447,980.8,300.6
R,1284244,74184,5071,3447,757102,32338,5074,3447,980.8,300.6
D,NBXX,9999,4.200e-5,3.098e-5,2.060e-5,5.208e-6,4.718e-6,3.824e-6
Y,190225,980.8,300.6,296.3,73.1,13.1,5.7,0,0000
T,2014,09,02,08,48,46
B,265172,23534,108,3447,161211,6553,103,3447,980.8,300.6
G,3153036,151958,115,3447,1851924,37801,101,3447,980.8,300.6
R,1283113,74892,5013,3447,756897,32109,5094,3447,980.8,300.6
D,NBXX,9999,4.268e-5,3.127e-5,2.110e-5,4.725e-6,4.627e-6,3.721e-6
Y,190014,980.8,300.6,296.4,72.8,13.1,5.7,0,0000
T,2014,09,02,08,53,46
B,265427,23210,89,3448,159716,6574,118,3447,980.8,300.6
G,3158637,151932,102,3448,1858166,37443,79,3447,980.8,300.6
R,1283052,74555,5004,3448,757030,32156,5023,3447,980.8,300.6
D,NBXX,9999,4.164e-5,3.119e-5,2.095e-5,4.791e-6,4.511e-6,3.813e-6
Y,190297,980.8,300.6,296.4,72.8,13.1,5.7,0,0000
T,2014,09,02,08,58,46
B,265789,23422,118,3447,160623,6721,106,3447,980.8,300.5
G,3149438,150291,82,3447,1857241,37605,74,3447,980.8,300.5
R,1282750,74762,4939,3447,756664,32589,5030,3447,980.8,300.5
D,NBXX,9999,4.210e-5,3.082e-5,2.113e-5,5.135e-6,4.601e-6,4.121e-6
Y,189796,980.8,300.5,296.3,72.8,13.1,5.7,0,0000
T,2014,09,02,09,03,46
B,266022,23554,126,3447,160177,6621,144,3448,980.7,300.5
G,3152867,152409,104,3447,1854698,37551,105,3448,980.7,300.5
R,1283631,74498,5009,3447,756138,31770,5015,3448,980.7,300.5
D,NBXX,9999,4.228e-5,3.142e-5,2.090e-5,4.643e-6,4.549e-6,3.562e-6
Y,190003,980.7,300.5,296.3,73.2,13.1,5.7,0,0000
T,2014,09,02,09,08,46
B,264895,23189,120,3447,159656,6633,144,3447,980.7,300.5
G,3146950,153054,78,3447,1848054,37671,96,3447,980.7,300.5
R,1280223,74568,4983,3447,754484,32497,4989,3447,980.7,300.5
D,NBXX,9999,4.149e-5,3.172e-5,2.108e-5,4.789e-6,4.625e-6,4.087e-6
Y,189645,980.7,300.5,296.3,73.6,13.1,5.7,0,0000
T,2014,09,02,09,13,46
B,266680,23376,123,3448,160006,6678,115,3447,980.7,300.5
G,3152645,153151,109,3448,1853293,37513,82,3447,980.7,300.5
R,1282350,75004,4985,3448,754594,32299,4810,3447,980.7,300.5
D,NBXX,9999,4.168e-5,3.166e-5,2.141e-5,4.894e-6,4.551e-6,4.075e-6
Y,189935,980.7,300.5,296.3,73.7,13.1,5.7,0,0000
T,2014,09,02,09,18,46
B,265919,23419,119,3447,160950,6710,127,3447,980.7,300.5
G,3151507,153509,107,3447,1856035,37853,90,3447,980.7,300.5
R,1280294,75330,4912,3447,759284,32301,4917,3447,980.7,300.5
D,NBXX,9999,4.198e-5,3.179e-5,2.165e-5,5.013e-6,4.656e-6,4.068e-6
Y,189921,980.7,300.5,296.3,73.6,13.1,5.7,0,0000
T,2014,09,02,09,23,46
B,264671,24149,128,3447,160570,6659,115,3448,980.7,300.5
G,3150443,154670,86,3447,1851163,38089,105,3448,980.7,300.5
R,1278202,76151,4997,3447,755597,32337,4773,3448,980.7,300.5
D,NBXX,9999,4.457e-5,3.217e-5,2.227e-5,4.954e-6,4.733e-6,4.149e-6
Y,189857,980.7,300.5,296.3,74.1,13.1,5.7,0,0000
T,2014,09,02,09,28,46
B,264620,23530,144,3447,159716,6769,102,3447,980.7,300.5
G,3152452,153956,118,3447,1848775,38224,88,3447,980.7,300.5
R,1280795,75372,4910,3447,754941,32110,5011,3447,980.7,300.5
D,NBXX,9999,4.267e-5,3.191e-5,2.160e-5,5.291e-6,4.766e-6,3.879e-6
Y,189978,980.7,300.5,296.3,73.9,13.1,5.7,0,0000
T,2014,09,02,09,33,46
B,265803,23253,134,3448,159799,6661,123,3447,980.7,300.5
G,3150727,153099,99,3448,1854042,38070,94,3447,980.7,300.5
R,1281670,74965,4844,3448,757155,31717,4847,3447,980.7,300.5
D,NBXX,9999,4.147e-5,3.167e-5,2.148e-5,4.839e-6,4.732e-6,3.797e-6
Y,189819,980.7,300.5,296.3,74.2,13.1,5.7,0,0000
T,2014,09,02,09,38,46
B,265429,23725,137,3447,160452,6664,114,3447,980.7,300.5
G,3150229,154537,121,3447,1855615,38141,103,3447,980.7,300.5
R,1281273,74910,4828,3447,756013,32011,4931,3447,980.7,300.5
D,NBXX,9999,4.303e-5,3.212e-5,2.141e-5,4.891e-6,4.741e-6,3.929e-6
Y,189844,980.7,300.5,296.3,74.4,13.1,5.7,0,0000
T,2014,09,02,09,43,46
B,265368,23018,131,3447,159574,6555,121,3448,980.8,300.5
G,3153966,150267,101,3447,1849733,37645,88,3448,980.8,300.5
R,1278435,73129,5100,3447,756519,31921,4828,3448,980.8,300.5
D,NBXX,9999,4.088e-5,3.074e-5,2.028e-5,4.552e-6,4.581e-6,3.775e-6
Y,190070,980.8,300.5,296.3,74.2,13.0,5.7,0,0000
T,2014,09,02,09,48,46
B,265077,22480,119,3447,160235,6547,126,3447,980.7,300.5
G,3153163,147051,86,3447,1854142,37505,95,3447,980.7,300.5
R,1278628,71883,4933,3447,756897,31758,5036,3447,980.7,300.5
D,NBXX,9999,3.933e-5,2.974e-5,1.947e-5,4.579e-6,4.547e-6,3.647e-6
Y,190021,980.7,300.5,296.3,74.2,13.1,5.7,0,0000
T,2014,09,02,09,53,46
B,265661,23165,137,3448,160057,6594,109,3447,980.7,300.5
G,3153230,151052,97,3448,1856992,37329,76,3447,980.7,300.5
R,1283320,74020,4971,3448,756107,31786,4965,3447,980.7,300.5
D,NBXX,9999,4.127e-5,3.100e-5,2.067e-5,4.683e-6,4.498e-6,3.647e-6
Y,189970,980.7,300.5,296.4,74.7,13.1,5.7,0,0000
T,2014,09,02,09,58,46
B,265304,23161,109,3447,160185,6605,104,3447,980.8,300.5
G,3153025,151047,114,3447,1852746,37985,86,3447,980.8,300.5
R,1280955,73961,4861,3447,756206,31925,4994,3447,980.8,300.5
D,NBXX,9999,4.147e-5,3.099e-5,2.077e-5,4.854e-6,4.691e-6,3.810e-6
Y,190013,980.8,300.5,296.4,74.7,13.1,5.7,0,0000
T,2014,09,02,10,03,46
B,265713,23735,133,3447,159551,6657,129,3448,980.7,300.5
G,3152513,157835,88,3447,1856277,37942,84,3448,980.7,300.5
R,1283243,76219,4969,3447,757047,32313,4983,3448,980.7,300.5
D,NBXX,9999,4.295e-5,3.313e-5,2.203e-5,4.804e-6,4.686e-6,3.953e-6
Y,189982,980.7,300.5,296.4,75.2,13.1,5.7,0,0000
T,2014,09,02,10,08,46
B,265844,23866,130,3447,160352,6476,139,3447,980.7,300.6
G,3153361,155608,93,3447,1854772,37973,89,3447,980.7,300.6
R,1279922,75622,4971,3447,757413,31862,4827,3447,980.7,300.6
D,NBXX,9999,4.332e-5,3.242e-5,2.187e-5,4.235e-6,4.692e-6,3.822e-6
Y,190033,980.7,300.6,296.4,74.2,13.1,5.7,0,0000
T,2014,09,02,10,13,46
B,265836,23743,163,3448,159557,6598,94,3447,980.7,300.6
G,3150870,154958,128,3448,1852233,37935,101,3447,980.7,300.6
R,1282140,75392,5076,3448,756346,32115,5030,3447,980.7,300.6
D,NBXX,9999,4.298e-5,3.224e-5,2.144e-5,4.657e-6,4.676e-6,3.740e-6
Y,189827,980.7,300.6,296.4,74.2,13.1,5.7,0,0000
T,2014,09,02,10,18,46
B,265255,24130,146,3447,160455,6606,107,3447,980.7,300.6
G,3157335,158228,97,3447,1856310,38641,90,3447,980.7,300.6
R,1284962,76840,4942,3447,757455,32524,5093,3447,980.7,300.6
D,NBXX,9999,4.434e-5,3.318e-5,2.229e-5,4.732e-6,4.884e-6,4.011e-6
Y,190274,980.7,300.6,296.5,73.7,13.1,5.7,0,0000
T,2014,09,02,10,23,46
B,265206,23993,129,3447,160726,6776,135,3448,980.7,300.7
G,3158023,155301,110,3447,1858169,38066,91,3448,980.7,300.7
R,1284902,75019,4875,3447,758013,32354,4953,3448,980.7,300.7
D,NBXX,9999,4.390e-5,3.225e-5,2.132e-5,5.213e-6,4.694e-6,4.050e-6
Y,190315,980.7,300.7,296.5,72.8,13.1,5.7,0,0000
T,2014,09,02,10,28,46
B,266016,24546,146,3447,161063,6852,108,3447,980.8,300.7
G,3152590,161621,99,3447,1853924,38823,109,3447,980.8,300.7
R,1282593,77662,5136,3447,757477,32702,4989,3447,980.8,300.7
D,NBXX,9999,4.540e-5,3.431e-5,2.281e-5,5.426e-6,4.952e-6,4.080e-6
Y,189987,980.8,300.7,296.6,73.2,13.1,5.7,0,0000
T,2014,09,02,10,33,46
B,264811,24328,120,3448,160489,6595,124,3447,980.8,300.8
G,3155333,160243,96,3448,1859628,38672,114,3447,980.8,300.8
R,1284040,78045,4983,3448,757608,32775,5014,3447,980.8,300.8
D,NBXX,9999,4.511e-5,3.383e-5,2.309e-5,4.769e-6,4.897e-6,4.207e-6
Y,190097,980.8,300.8,296.7,73.7,13.1,5.7,0,0000
T,2014,09,02,10,38,46
B,265782,23881,128,3447,159969,6716,110,3447,980.8,300.8
G,3155973,158577,94,3447,1857846,38269,102,3447,980.8,300.8
R,1285437,76821,5027,3447,758661,32503,5094,3447,980.8,300.8
D,NBXX,9999,4.349e-5,3.330e-5,2.221e-5,5.084e-6,4.770e-6,3.932e-6
Y,190191,980.8,300.8,296.7,73.1,13.1,5.7,0,0000
T,2014,09,02,10,43,46
B,265284,24015,131,3447,159174,6672,133,3448,980.9,300.9
G,3152184,157996,113,3447,1855968,38437,78,3448,980.9,300.9
R,1285691,77356,4958,3447,758621,32619,4996,3448,980.9,300.9
D,NBXX,9999,4.397e-5,3.318e-5,2.265e-5,4.902e-6,4.835e-6,4.115e-6
Y,189962,980.9,300.9,296.7,72.8,13.1,5.7,0,0000
T,2014,09,02,10,48,46
B,266258,23860,119,3447,159961,6578,124,3447,980.9,300.9
G,3156464,159518,116,3447,1856767,38289,95,3447,980.9,300.9
R,1281327,77785,5098,3447,758686,32963,5110,3447,980.9,300.9
D,NBXX,9999,4.330e-5,3.358e-5,2.287e-5,4.623e-6,4.769e-6,4.195e-6
Y,190221,980.9,300.9,296.8,72.9,13.1,5.7,0,0000
T,2014,09,02,10,53,46
B,265334,24375,100,3448,160256,6717,132,3447,980.9,300.9
G,3154334,160903,97,3448,1851717,38897,94,3447,980.9,300.9
R,1285116,78935,5162,3448,759622,32977,5031,3447,980.9,300.9
D,NBXX,9999,4.517e-5,3.406e-5,2.347e-5,5.161e-6,4.978e-6,4.180e-6
Y,190037,980.9,300.9,296.8,72.9,13.1,5.7,0,0000
T,2014,09,02,10,58,46
B,265871,25513,122,3447,159941,6901,119,3447,980.9,301.0
G,3153419,166518,126,3447,1855237,39467,109,3447,980.9,301.0
R,1281662,80411,5278,3447,757871,33350,5145,3447,980.9,301.0
D,NBXX,9999,4.848e-5,3.582e-5,2.436e-5,5.647e-6,5.141e-6,4.290e-6
Y,190037,980.9,301.0,296.9,72.4,13.1,5.7,0,0000
T,2014,09,02,11,03,46
B,264331,24177,121,3447,159941,6749,173,3447,980.9,301.0
G,3158157,160203,80,3447,1858294,38960,111,3447,980.9,301.0
R,1286426,78805,5192,3447,759433,33035,5186,3447,980.9,301.0
D,NBXX,9999,4.463e-5,3.378e-5,2.324e-5,5.108e-6,4.980e-6,4.079e-6
Y,190323,980.9,301.0,296.9,73.1,13.1,5.7,0,0000
T,2014,09,02,11,08,46
B,265421,24417,158,3447,159861,6833,152,3448,980.8,301.0
G,3160725,161397,91,3447,1856356,39177,115,3448,980.8,301.0
R,1286279,78886,5206,3447,759155,33253,5129,3448,980.8,301.0
D,NBXX,9999,4.501e-5,3.411e-5,2.333e-5,5.222e-6,5.028e-6,4.241e-6
Y,190479,980.8,301.0,296.9,72.8,13.1,5.7,0,0000
T,2014,09,02,11,13,46
B,265984,24825,135,3447,159656,6778,148,3447,980.8,301.1
G,3162188,164360,110,3447,1853568,39017,114,3447,980.8,301.1
R,1287820,81620,5282,3447,758615,33614,5339,3447,980.8,301.1
D,NBXX,9999,4.619e-5,3.500e-5,2.476e-5,5.113e-6,4.970e-6,4.248e-6
Y,190567,980.8,301.1,297.0,74.1,13.1,5.7,0,0000
T,2014,09,02,11,18,46
B,266255,24789,159,3448,160086,6593,118,3447,980.8,301.1
G,3158705,166316,104,3448,1850154,38873,106,3447,980.8,301.1
R,1287596,81678,5268,3448,759359,33734,5395,3447,980.8,301.1
D,NBXX,9999,4.603e-5,3.567e-5,2.477e-5,4.554e-6,4.947e-6,4.299e-6
Y,190301,980.8,301.1,297.0,74.2,13.1,5.7,0,0000
T,2014,09,02,11,23,46
B,264598,25056,141,3447,159485,6868,168,3447,980.8,301.2
G,3155467,164270,98,3447,1850997,39246,105,3447,980.8,301.2
R,1286779,81578,5375,3447,755896,33934,5340,3447,980.8,301.2
D,NBXX,9999,4.723e-5,3.509e-5,2.470e-5,5.415e-6,5.075e-6,4.388e-6
Y,190161,980.8,301.2,297.1,73.4,13.0,5.7,0,0000
T,2014,09,02,11,28,46
B,264813,24557,156,3447,159567,6732,160,3448,980.7,301.2
G,3155238,163071,105,3447,1853511,38967,126,3448,980.7,301.2
R,1287756,81736,5499,3447,756541,33823,5333,3448,980.7,301.2
D,NBXX,9999,4.561e-5,3.471e-5,2.469e-5,4.949e-6,4.975e-6,4.221e-6
Y,190147,980.7,301.2,297.1,72.6,13.1,5.7,0,0000
T,2014,09,02,11,33,46
B,264283,24902,140,3447,160246,6823,130,3447,980.7,301.2
G,3155081,165971,121,3447,1855399,38835,97,3447,980.7,301.2
R,1283770,83558,5345,3447,760240,33825,5335,3447,980.7,301.2
D,NBXX,9999,4.699e-5,3.562e-5,2.605e-5,5.439e-6,4.942e-6,4.377e-6
Y,190137,980.7,301.2,297.1,73.4,13.1,5.7,0,0000
T,2014,09,02,11,38,46
B,265529,24905,133,3448,160302,6618,137,3447,980.7,301.2
G,3153700,167544,145,3448,1856466,39133,114,3447,980.7,301.2
R,1285457,83778,5563,3448,759992,34344,5487,3447,980.7,301.2
D,NBXX,9999,4.664e-5,3.612e-5,2.586e-5,4.722e-6,5.030e-6,4.420e-6
Y,189998,980.7,301.2,297.1,73.1,13.1,5.7,0,0000
T,2014,09,02,11,43,46
B,265539,24902,160,3447,159463,6768,164,3447,980.7,301.3
G,3153409,171042,104,3447,1856106,39336,83,3447,980.7,301.3
R,1287478,85895,5326,3447,761186,34683,5467,3447,980.7,301.3
D,NBXX,9999,4.644e-5,3.728e-5,2.728e-5,4.984e-6,5.130e-6,4.786e-6
Y,190036,980.7,301.3,297.2,72.9,13.1,5.7,0,0000
T,2014,09,02,11,48,46
B,265636,26645,161,3447,160606,7055,149,3448,980.7,301.3
G,3150928,180178,92,3447,1854490,41060,103,3448,980.7,301.3
R,1286140,88000,5506,3447,759509,35146,5410,3448,980.7,301.3
D,NBXX,9999,5.180e-5,4.018e-5,2.854e-5,5.900e-6,5.673e-6,4.993e-6
Y,189886,980.7,301.3,297.2,72.1,13.1,5.7,0,0000
T,2014,09,02,11,53,46
B,264473,26547,141,3447,160800,7106,122,3447,980.7,301.3
G,3152305,179022,129,3447,1858883,40813,102,3447,980.7,301.3
R,1285801,88510,5490,3447,759821,34918,5447,3447,980.7,301.3
D,NBXX,9999,5.202e-5,3.978e-5,2.885e-5,6.321e-6,5.581e-6,4.846e-6
Y,189969,980.7,301.3,297.2,72.3,13.1,5.7,0,0000
T,2014,09,02,11,58,46
B,264083,26626,138,3448,159567,7148,160,3447,980.6,301.3
G,3151230,181392,141,3448,1853518,40872,113,3447,980.6,301.3
R,1288708,88898,5562,3448,759697,34924,5592,3447,980.6,301.3
D,NBXX,9999,5.226e-5,4.053e-5,2.883e-5,6.362e-6,5.599e-6,4.669e-6
Y,189849,980.6,301.3,297.2,72.3,13.1,5.7,0,0000
T,2014,09,02,12,03,46
B,264578,27222,146,3447,159911,6962,149,3447,980.6,301.3
G,3153259,184427,119,3447,1856599,41549,77,3447,980.6,301.3
R,1289009,90027,5473,3447,760796,35402,5646,3447,980.6,301.3
D,NBXX,9999,5.395e-5,4.147e-5,2.954e-5,5.755e-6,5.820e-6,4.980e-6
Y,190027,980.6,301.3,297.3,72.1,13.1,5.7,0,0000
T,2014,09,02,12,08,46
B,264340,28260,151,3447,160304,7277,139,3448,980.5,301.4
G,3155952,190964,108,3447,1857067,42381,105,3448,980.5,301.4
R,1289973,92142,5420,3447,761301,36189,5738,3448,980.5,301.4
D,NBXX,9999,5.724e-5,4.346e-5,3.078e-5,6.755e-6,6.060e-6,5.420e-6
Y,190190,980.5,301.4,297.3,72.6,13.1,5.7,0,0000
T,2014,09,02,12,13,46
B,264442,28866,130,3447,160844,7512,130,3447,980.5,301.4
G,3149044,196288,89,3447,1856150,43295,125,3447,980.5,301.4
R,1287709,94381,5743,3447,762327,36473,5685,3447,980.5,301.4
D,NBXX,9999,5.918e-5,4.526e-5,3.205e-5,7.583e-6,6.379e-6,5.432e-6
Y,189772,980.5,301.4,297.3,71.8,13.1,5.7,0,0000
T,2014,09,02,12,18,46
B,265263,29200,160,3448,160396,7376,148,3447,980.5,301.4
G,3151868,198367,121,3448,1857074,43617,112,3447,980.5,301.4
R,1286157,95727,5673,3448,760405,36196,5638,3447,980.5,301.4
D,NBXX,9999,5.976e-5,4.585e-5,3.302e-5,6.933e-6,6.464e-6,5.368e-6
Y,189888,980.5,301.4,297.3,72.4,13.1,5.7,0,0000
T,2014,09,02,12,23,46
B,265489,29384,165,3447,160366,7297,128,3447,980.5,301.4
G,3151459,199828,117,3447,1852418,43736,106,3447,980.5,301.4
R,1286740,96291,5779,3447,761758,36750,5661,3447,980.5,301.4
D,NBXX,9999,6.030e-5,4.632e-5,3.326e-5,6.720e-6,6.503e-6,5.605e-6
Y,189918,980.5,301.4,297.3,71.8,13.1,5.7,0,0000
T,2014,09,02,12,28,46
B,265138,32933,195,3447,161019,7992,152,3448,980.5,301.4
G,3152185,222725,119,3447,1857720,47826,120,3448,980.5,301.4
R,1289075,101615,5700,3447,761603,38104,5677,3448,980.5,301.4
D,NBXX,9999,7.113e-5,5.347e-5,3.648e-5,8.683e-6,7.771e-6,6.451e-6
Y,189962,980.5,301.4,297.3,71.1,13.1,5.7,0,0000
T,2014,09,02,12,33,46
B,264424,31592,118,3447,159728,7741,152,3447,980.5,301.4
G,3147283,215559,127,3447,1851927,46641,96,3447,980.5,301.4
R,1286749,99938,5678,3447,761886,37777,5661,3447,980.5,301.4
D,NBXX,9999,6.754e-5,5.133e-5,3.557e-5,8.254e-6,7.432e-6,6.310e-6
Y,189666,980.5,301.4,297.3,70.3,13.1,5.7,0,0000
T,2014,09,02,12,38,46
B,265406,31635,146,3448,159929,7746,169,3447,980.5,301.4
G,3151575,212379,109,3448,1856443,45755,102,3447,980.5,301.4
R,1287051,98358,5612,3448,762559,37382,5627,3447,980.5,301.4
D,NBXX,9999,6.716e-5,5.025e-5,3.466e-5,8.032e-6,7.143e-6,6.140e-6
Y,189870,980.5,301.4,297.4,70.6,13.1,5.7,0,0000
T,2014,09,02,12,43,46
B,264538,31646,154,3447,159821,7832,159,3447,980.5,301.4
G,3153432,215310,126,3447,1854751,46580,104,3447,980.5,301.4
R,1288479,98913,5587,3447,762595,37617,5733,3447,980.5,301.4
D,NBXX,9999,6.752e-5,5.112e-5,3.489e-5,8.371e-6,7.382e-6,6.205e-6
Y,190038,980.5,301.4,297.4,71.1,13.1,5.7,0,0000
T,2014,09,02,12,48,46
B,265843,31461,141,3447,160195,7722,148,3448,980.4,301.4
G,3152378,215412,115,3447,1857439,45925,102,3448,980.4,301.4
R,1288582,100492,5663,3447,764074,37648,5631,3448,980.4,301.4
D,NBXX,9999,6.659e-5,5.118e-5,3.587e-5,8.014e-6,7.183e-6,6.236e-6
Y,189974,980.4,301.4,297.4,72.4,13.1,5.7,0,0000
T,2014,09,02,12,53,46
B,264966,29098,143,3447,160233,7190,170,3447,980.4,301.5
G,3146866,198048,110,3447,1857319,42998,112,3447,980.4,301.5
R,1288775,95769,5519,3447,761705,36527,5718,3447,980.4,301.5
D,NBXX,9999,5.956e-5,4.585e-5,3.300e-5,6.376e-6,6.292e-6,5.590e-6
Y,189640,980.4,301.5,297.4,72.3,13.1,5.7,0,0000
T,2014,09,02,12,58,46
B,265039,28851,125,3448,159990,7267,155,3447,980.4,301.4
G,3152079,194883,139,3448,1858372,42734,102,3447,980.4,301.4
R,1288767,94313,5692,3448,763033,36257,5574,3447,980.4,301.4
D,NBXX,9999,5.889e-5,4.475e-5,3.208e-5,6.730e-6,6.184e-6,5.409e-6
Y,189900,980.4,301.4,297.4,71.8,13.1,5.7,0,0000
T,2014,09,02,13,03,46
B,264399,26864,128,3447,159317,7007,120,3447,980.3,301.4
G,3147561,184529,124,3447,1851927,41579,112,3447,980.3,301.4
R,1284547,91192,5681,3447,758685,35738,5726,3447,980.3,301.4
D,NBXX,9999,5.310e-5,4.159e-5,3.022e-5,6.089e-6,5.839e-6,5.029e-6
Y,189682,980.3,301.4,297.4,70.3,13.1,5.7,0,0000
T,2014,09,02,13,08,46
B,264263,25805,148,3447,159879,6849,113,3448,980.3,301.4
G,3145999,177655,130,3447,1855147,40611,104,3448,980.3,301.4
R,1283852,89479,5848,3447,761631,35521,5712,3448,980.3,301.4
D,NBXX,9999,4.983e-5,3.946e-5,2.908e-5,5.561e-6,5.538e-6,4.788e-6
Y,189588,980.3,301.4,297.4,69.2,13.0,5.7,0,0000
T,2014,09,02,13,13,46
B,264631,26333,143,3447,161130,7041,155,3447,980.2,301.4
G,3146094,180130,95,3447,1854674,41382,105,3447,980.2,301.4
R,1285074,90152,5637,3447,760021,35864,5874,3447,980.2,301.4
D,NBXX,9999,5.122e-5,4.025e-5,2.949e-5,5.997e-6,5.796e-6,5.026e-6
Y,189594,980.2,301.4,297.4,70.2,13.1,5.7,0,0000
T,2014,09,02,13,18,46
B,265708,26437,119,3447,159657,6947,155,3447,980.2,301.5
G,3149357,182330,99,3447,1854107,40991,100,3447,980.2,301.5
R,1286093,90412,5872,3447,759119,35550,5738,3447,980.2,301.5
D,NBXX,9999,5.130e-5,4.088e-5,2.954e-5,5.711e-6,5.660e-6,4.751e-6
Y,189791,980.2,301.5,297.4,70.6,13.1,5.7,0,0000
T,2014,09,02,13,23,46
B,264684,26766,116,3448,160330,7138,127,3447,980.2,301.5
G,3149432,181180,128,3448,1854271,41354,104,3447,980.2,301.5
R,1288664,89131,5807,3448,760906,35843,5729,3447,980.2,301.5
D,NBXX,9999,5.273e-5,4.051e-5,2.871e-5,6.494e-6,5.766e-6,4.962e-6
Y,189740,980.2,301.5,297.5,70.3,13.1,5.7,0,0000
T,2014,09,02,13,28,46
B,265106,27268,145,3447,160229,7010,132,3447,980.2,301.5
G,3147831,185559,132,3447,1851647,41587,119,3447,980.2,301.5
R,1288399,91961,5744,3447,758390,35803,5564,3447,980.2,301.5
D,NBXX,9999,5.402e-5,4.190e-5,3.062e-5,5.940e-6,5.835e-6,5.098e-6
Y,189699,980.2,301.5,297.5,71.3,13.1,5.7,0,0000
T,2014,09,02,13,33,46
B,264349,27476,150,3447,160762,7264,151,3448,980.2,301.5
G,3149602,188276,153,3447,1859363,41649,139,3448,980.2,301.5
R,1288444,93017,5584,3447,760825,36178,5648,3448,980.2,301.5
D,NBXX,9999,5.481e-5,4.271e-5,3.132e-5,6.689e-6,5.828e-6,5.377e-6
Y,189806,980.2,301.5,297.5,71.8,13.1,5.7,0,0000
T,2014,09,02,13,38,46
B,264307,26720,162,3447,159629,7165,158,3447,980.1,301.5
G,3145004,181687,111,3447,1852612,41418,92,3447,980.1,301.5
R,1286673,91020,5760,3447,761706,35457,5786,3447,980.1,301.5
D,NBXX,9999,5.243e-5,4.076e-5,2.994e-5,6.326e-6,5.811e-6,4.733e-6
Y,189528,980.1,301.5,297.5,70.6,13.1,5.7,0,0000
T,2014,09,02,13,43,46
B,264694,27029,166,3448,160736,6992,157,3447,980.0,301.5
G,3148553,184577,123,3448,1855958,41759,118,3447,980.0,301.5
R,1287168,91467,5814,3448,763173,36094,5706,3447,980.0,301.5
D,NBXX,9999,5.325e-5,4.158e-5,3.021e-5,5.759e-6,5.893e-6,5.144e-6
Y,189687,980.0,301.5,297.5,71.0,13.1,5.7,0,0000
T,2014,09,02,13,48,46
B,265346,30369,143,3447,160681,7488,159,3447,980.0,301.5
G,3148218,209765,124,3447,1853439,45540,111,3447,980.0,301.5
R,1285586,100575,5749,3447,761274,37771,5703,3447,980.0,301.5
D,NBXX,9999,6.337e-5,4.949e-5,3.594e-5,7.299e-6,7.078e-6,6.239e-6
Y,189722,980.0,301.5,297.5,70.8,13.0,5.7,0,0000
T,2014,09,02,13,53,46
B,265354,26153,152,3447,160054,7065,136,3448,979.9,301.5
G,3151373,175823,142,3447,1854961,40888,106,3448,979.9,301.5
R,1286434,88880,5802,3447,760744,35178,5642,3448,979.9,301.5
D,NBXX,9999,5.048e-5,3.879e-5,2.873e-5,6.044e-6,5.598e-6,4.645e-6
Y,189913,979.9,301.5,297.5,68.7,13.1,5.7,0,0000
T,2014,09,02,13,58,46
B,264721,25578,153,3447,160268,6999,141,3447,979.9,301.5
G,3145489,173854,116,3447,1855873,40766,120,3447,979.9,301.5
R,1288366,87366,5767,3447,761216,35564,5906,3447,979.9,301.5
D,NBXX,9999,4.888e-5,3.828e-5,2.756e-5,5.875e-6,5.592e-6,4.704e-6
Y,189557,979.9,301.5,297.5,68.0,13.1,5.7,0,0000
T,2014,09,02,14,03,46
B,265985,27033,134,3448,161150,7207,151,3447,979.8,301.5
G,3149387,182752,141,3448,1853918,41603,116,3447,979.8,301.5
R,1287134,90411,5699,3448,760446,36251,5772,3447,979.8,301.5
D,NBXX,9999,5.300e-5,4.099e-5,2.962e-5,6.453e-6,5.835e-6,5.290e-6
Y,189738,979.8,301.5,297.6,69.2,13.1,5.7,0,0000
T,2014,09,02,14,08,46
B,265117,27101,184,3447,160646,7040,147,3447,979.7,301.6
G,3141726,185803,112,3447,1851147,42030,90,3447,979.7,301.6
R,1285988,91572,5863,3447,760960,36011,5735,3447,979.7,301.6
D,NBXX,9999,5.334e-5,4.211e-5,3.029e-5,5.853e-6,6.017e-6,5.058e-6
Y,189329,979.7,301.6,297.6,68.2,13.1,5.7,0,0000
T,2014,09,02,14,13,46
B,264642,27359,171,3447,159512,7129,154,3448,979.7,301.6
G,3143529,185307,123,3447,1850172,42033,130,3448,979.7,301.6
R,1286010,91623,5633,3447,760342,35996,5745,3448,979.7,301.6
D,NBXX,9999,5.430e-5,4.190e-5,3.048e-5,6.179e-6,5.988e-6,5.201e-6
Y,189439,979.7,301.6,297.6,68.0,13.1,5.7,0,0000
T,2014,09,02,14,18,46
B,264959,27119,154,3447,159598,7308,96,3447,979.7,301.6
G,3146179,183439,130,3447,1852227,41499,113,3447,979.7,301.6
R,1289972,90407,5720,3447,760202,36325,5800,3447,979.7,301.6
D,NBXX,9999,5.373e-5,4.127e-5,2.948e-5,6.977e-6,5.817e-6,5.264e-6
Y,189599,979.7,301.6,297.6,69.0,13.1,5.7,0,0000
T,2014,09,02,14,23,46
B,264711,26049,129,3448,159956,7025,145,3447,979.6,301.6
G,3149885,175651,81,3448,1849909,40724,120,3447,979.6,301.6
R,1285555,88024,5749,3448,759624,35551,5958,3447,979.6,301.6
D,NBXX,9999,5.043e-5,3.878e-5,2.804e-5,6.047e-6,5.578e-6,4.706e-6
Y,189768,979.6,301.6,297.7,68.0,13.1,5.7,0,0000
T,2014,09,02,14,28,46
B,265738,25200,166,3447,158934,7037,133,3447,979.5,301.7
G,3141958,169582,122,3447,1852575,40277,119,3447,979.5,301.7
R,1287264,84969,5811,3447,760056,35370,5826,3447,979.5,301.7
D,NBXX,9999,4.744e-5,3.699e-5,2.615e-5,5.909e-6,5.451e-6,4.622e-6
Y,189343,979.5,301.7,297.7,67.2,13.1,5.7,0,0000
T,2014,09,02,14,33,46
B,265257,24820,131,3447,160385,6945,138,3448,979.4,301.7
G,3141023,168583,143,3447,1850790,39752,93,3448,979.4,301.7
R,1282830,85451,5744,3447,760054,35479,5736,3448,979.4,301.7
D,NBXX,9999,4.651e-5,3.670e-5,2.671e-5,5.765e-6,5.288e-6,4.843e-6
Y,189287,979.4,301.7,297.7,66.7,13.1,5.7,0,0000
T,2014,09,02,14,38,46
B,264582,25037,156,3447,160104,6991,164,3447,979.4,301.7
G,3136409,167767,99,3447,1849595,39831,100,3447,979.4,301.7
R,1282855,85220,5854,3447,759176,35351,5832,3447,979.4,301.7
D,NBXX,9999,4.720e-5,3.653e-5,2.642e-5,5.783e-6,5.348e-6,4.621e-6
Y,189008,979.4,301.7,297.7,65.9,13.1,5.7,0,0000
T,2014,09,02,14,43,46
B,264194,24980,143,3448,160271,6809,151,3447,979.3,301.7
G,3140801,167761,123,3448,1849912,39869,94,3447,979.3,301.7
R,1288006,85006,6017,3448,759050,35290,5983,3447,979.3,301.7
D,NBXX,9999,4.725e-5,3.645e-5,2.589e-5,5.364e-6,5.340e-6,4.310e-6
Y,189218,979.3,301.7,297.8,65.1,13.1,5.7,0,0000
T,2014,09,02,14,48,46
B,264433,24917,152,3447,159861,6998,147,3447,979.2,301.8
G,3140400,169768,119,3447,1849928,40225,114,3447,979.2,301.8
R,1286711,86288,5994,3447,758338,35655,5972,3447,979.2,301.8
D,NBXX,9999,4.697e-5,3.708e-5,2.675e-5,5.904e-6,5.444e-6,4.568e-6
Y,189249,979.2,301.8,297.8,66.1,13.1,5.7,0,0000
T,2014,09,02,14,53,46
B,264421,24595,136,3447,161265,6868,140,3448,979.1,301.8
G,3141174,165979,133,3447,1851863,39370,120,3448,979.1,301.8
R,1283932,85004,5869,3447,761375,35044,5963,3448,979.1,301.8
D,NBXX,9999,4.606e-5,3.587e-5,2.615e-5,5.581e-6,5.161e-6,4.311e-6
Y,189296,979.1,301.8,297.8,64.6,13.1,5.7,0,0000
T,2014,09,02,14,58,46
B,263477,24481,141,3447,159226,6910,138,3447,979.0,301.8
G,3139460,162644,114,3447,1851186,39572,102,3447,979.0,301.8
R,1286847,84395,6031,3447,760281,35337,5866,3447,979.0,301.8
D,NBXX,9999,4.597e-5,3.486e-5,2.563e-5,5.778e-6,5.248e-6,4.420e-6
Y,189192,979.0,301.8,297.8,64.5,13.1,5.7,0,0000
T,2014,09,02,15,03,46
B,265520,24733,173,3448,160375,6950,129,3447,978.9,301.8
G,3142667,165600,118,3448,1850380,39761,117,3447,978.9,301.8
R,1287492,85014,5998,3448,758477,35605,5946,3447,978.9,301.8
D,NBXX,9999,4.609e-5,3.573e-5,2.595e-5,5.669e-6,5.292e-6,4.550e-6
Y,189331,978.9,301.8,297.8,65.3,13.1,5.7,0,0000
T,2014,09,02,15,08,46
B,264282,23457,128,3447,158803,6840,144,3447,978.8,301.8
G,3138131,158767,103,3447,1844701,38403,113,3447,978.8,301.8
R,1285428,82699,6120,3447,759043,35211,6003,3447,978.8,301.8
D,NBXX,9999,4.261e-5,3.367e-5,2.447e-5,5.526e-6,4.886e-6,4.195e-6
Y,189112,978.8,301.8,297.9,62.9,13.1,5.7,0,0000
T,2014,09,02,15,13,46
B,264038,23557,141,3447,159226,6669,140,3448,978.7,301.9
G,3140610,159315,98,3447,1849370,38700,113,3448,978.7,301.9
R,1285774,83490,6254,3447,760190,35297,5970,3448,978.7,301.9
D,NBXX,9999,4.298e-5,3.380e-5,2.487e-5,4.993e-6,4.968e-6,4.167e-6
Y,189262,978.7,301.9,297.9,63.5,13.1,5.7,0,0000
T,2014,09,02,15,18,46
B,264014,23666,140,3447,160083,6789,145,3447,978.7,301.9
G,3141850,157700,132,3447,1847907,38446,121,3447,978.7,301.9
R,1288078,82865,6041,3447,758224,35295,6001,3447,978.7,301.9
D,NBXX,9999,4.331e-5,3.326e-5,2.454e-5,5.356e-6,4.872e-6,4.278e-6
Y,189337,978.7,301.9,297.9,63.5,13.1,5.7,0,0000
T,2014,09,02,15,23,46
B,264508,23526,177,3448,160046,6863,147,3447,978.6,301.9
G,3141914,157631,121,3448,1843044,38667,106,3447,978.6,301.9
R,1286430,82801,6061,3448,756361,35609,6147,3447,978.6,301.9
D,NBXX,9999,4.261e-5,3.324e-5,2.444e-5,5.414e-6,4.954e-6,4.374e-6
Y,189286,978.6,301.9,297.9,63.8,13.1,5.7,0,0000
T,2014,09,02,15,28,46
B,263158,23241,148,3447,159522,6565,162,3447,978.5,301.9
G,3139253,157465,99,3447,1848682,38571,125,3447,978.5,301.9
R,1287113,83404,6260,3447,761000,35308,6031,3447,978.5,301.9
D,NBXX,9999,4.214e-5,3.324e-5,2.473e-5,4.639e-6,4.932e-6,4.117e-6
Y,189180,978.5,301.9,297.9,64.0,13.1,5.7,0,0000
T,2014,09,02,15,33,46
B,264143,22735,174,3447,161333,6563,157,3447,978.5,301.8
G,3138412,154433,150,3447,1851992,37970,97,3447,978.5,301.8
R,1287273,81744,6282,3447,762889,35437,6105,3447,978.5,301.8
D,NBXX,9999,4.022e-5,3.229e-5,2.363e-5,4.472e-6,4.737e-6,4.127e-6
Y,189129,978.5,301.8,297.8,62.4,13.1,5.7,0,0000
T,2014,09,02,15,38,46
B,263917,23181,142,3447,159662,6607,156,3448,978.5,301.9
G,3137191,155868,118,3447,1849502,38327,101,3448,978.5,301.9
R,1287928,82974,6180,3447,762076,35871,6195,3448,978.5,301.9
D,NBXX,9999,4.179e-5,3.277e-5,2.438e-5,4.750e-6,4.861e-6,4.391e-6
Y,189055,978.5,301.9,297.9,63.5,13.1,5.7,0,0000
T,2014,09,02,15,43,46
B,263756,23250,172,3447,160166,6576,166,3447,978.4,301.8
G,3138979,156217,156,3447,1847529,38416,95,3447,978.4,301.8
R,1285981,82871,6203,3447,759000,35576,6228,3447,978.4,301.8
D,NBXX,9999,4.188e-5,3.284e-5,2.434e-5,4.515e-6,4.874e-6,4.194e-6
Y,189163,978.4,301.8,297.8,63.3,13.1,5.7,0,0000
T,2014,09,02,15,48,46
B,264028,23441,177,3448,160197,6746,128,3447,978.4,301.8
G,3143334,158517,118,3448,1851636,38573,121,3447,978.4,301.8
R,1289759,83269,6117,3448,761236,35937,6088,3447,978.4,301.8
D,NBXX,9999,4.251e-5,3.350e-5,2.462e-5,5.143e-6,4.915e-6,4.544e-6
Y,189372,978.4,301.8,297.8,63.3,13.1,5.7,0,0000
T,2014,09,02,15,53,46
B,263913,22482,187,3447,159105,6487,155,3447,978.4,301.8
G,3138287,150464,113,3447,1843765,37666,103,3447,978.4,301.8
R,1286297,80248,6248,3447,759004,35222,6175,3447,978.4,301.8
D,NBXX,9999,3.946e-5,3.105e-5,2.272e-5,4.215e-6,4.654e-6,3.978e-6
Y,189121,978.4,301.8,297.8,63.0,13.1,5.7,0,0000
T,2014,09,02,15,58,46
B,264128,21997,167,3447,159165,6509,151,3448,978.4,301.8
G,3141203,147528,130,3447,1849313,37304,120,3448,978.4,301.8
R,1287600,80289,6192,3447,759930,34764,6189,3448,978.4,301.8
D,NBXX,9999,3.799e-5,3.007e-5,2.273e-5,4.347e-6,4.513e-6,3.708e-6
Y,189298,978.4,301.8,297.8,61.9,13.1,5.7,0,0000
T,2014,09,02,16,03,46
B,263767,22499,185,3447,159997,6643,184,3447,978.3,301.8
G,3135721,151467,115,3447,1848466,37815,109,3447,978.3,301.8
R,1287242,81604,6110,3447,762641,34922,6075,3447,978.3,301.8
D,NBXX,9999,3.945e-5,3.143e-5,2.369e-5,4.610e-6,4.720e-6,3.954e-6
Y,188966,978.3,301.8,297.8,62.9,13.1,5.7,0,0000
T,2014,09,02,16,08,46
B,264859,23187,161,3448,160823,6686,208,3447,978.2,301.8
G,3139125,157872,158,3448,1847135,38099,133,3447,978.2,301.8
R,1287732,83717,6304,3448,760123,35170,6133,3447,978.2,301.8
D,NBXX,9999,4.131e-5,3.337e-5,2.480e-5,4.683e-6,4.776e-6,3.927e-6
Y,189117,978.2,301.8,297.8,63.7,13.1,5.7,0,0000
T,2014,09,02,16,13,46
B,264258,23615,168,3447,159344,6937,177,3447,978.2,301.8
G,3139916,159240,118,3447,1848295,38392,115,3447,978.2,301.8
R,1287322,84098,6146,3447,760414,35219,6127,3447,978.2,301.8
D,NBXX,9999,4.288e-5,3.381e-5,2.516e-5,5.580e-6,4.883e-6,4.073e-6
Y,189220,978.2,301.8,297.8,64.8,13.1,5.7,0,0000
T,2014,09,02,16,18,46
B,263844,23519,182,3447,159059,6891,146,3448,978.1,301.8
G,3138867,159547,144,3447,1846546,38806,109,3448,978.1,301.8
R,1285105,83871,6250,3447,758678,35311,6070,3448,978.1,301.8
D,NBXX,9999,4.275e-5,3.391e-5,2.506e-5,5.524e-6,5.006e-6,4.114e-6
Y,189157,978.1,301.8,297.8,64.6,13.1,5.7,0,0000
T,2014,09,02,16,23,46
B,263918,23179,147,3447,159454,6853,136,3447,978.1,301.8
G,3139314,154540,127,3447,1844074,38119,118,3447,978.1,301.8
R,1285391,81952,6044,3447,758796,35739,6084,3447,978.1,301.8
D,NBXX,9999,4.184e-5,3.233e-5,2.401e-5,5.568e-6,4.795e-6,4.517e-6
Y,189184,978.1,301.8,297.8,63.7,13.1,5.7,0,0000
T,2014,09,02,16,28,46
B,265037,22821,156,3448,159471,6591,137,3447,978.0,301.8
G,3133760,153279,129,3448,1843800,38133,86,3447,978.0,301.8
R,1285590,80713,6023,3448,756923,34972,6064,3447,978.0,301.8
D,NBXX,9999,4.041e-5,3.203e-5,2.326e-5,4.649e-6,4.835e-6,4.077e-6
Y,188793,978.0,301.8,297.8,62.4,13.1,5.7,0,0000
T,2014,09,02,16,33,46
B,264323,23543,176,3447,159925,6772,165,3447,977.9,301.8
G,3139640,154965,148,3447,1851509,38425,132,3447,977.9,301.8
R,1286206,82009,6032,3447,759163,35272,6200,3447,977.9,301.8
D,NBXX,9999,4.265e-5,3.245e-5,2.394e-5,5.081e-6,4.877e-6,4.147e-6
Y,189203,977.9,301.8,297.8,62.5,13.1,5.7,0,0000
T,2014,09,02,16,38,46
B,264554,23856,194,3447,159776,6930,149,3448,977.9,301.8
G,3139056,163055,131,3447,1843622,39499,98,3448,977.9,301.8
R,1284966,84936,6028,3447,759629,35447,6126,3448,977.9,301.8
D,NBXX,9999,4.354e-5,3.502e-5,2.584e-5,5.537e-6,5.232e-6,4.318e-6
Y,189168,977.9,301.8,297.8,64.5,13.1,5.7,0,0000
T,2014,09,02,16,43,46
B,263983,24468,163,3447,159487,6844,182,3447,978.0,301.8
G,3139136,163353,111,3447,1848811,39341,126,3447,978.0,301.8
R,1287850,84987,6033,3447,758146,35991,6136,3447,978.0,301.8
D,NBXX,9999,4.558e-5,3.511e-5,2.576e-5,5.314e-6,5.183e-6,4.618e-6
Y,189173,978.0,301.8,297.8,64.8,13.1,5.7,0,0000
T,2014,09,02,16,48,46
B,263857,24626,181,3448,160336,6756,169,3447,977.9,301.8
G,3139722,167786,104,3448,1846739,40276,104,3447,977.9,301.8
R,1286664,86346,6076,3448,761579,36254,6033,3447,977.9,301.8
D,NBXX,9999,4.609e-5,3.651e-5,2.668e-5,5.040e-6,5.489e-6,4.840e-6
Y,189153,977.9,301.8,297.8,65.1,13.1,5.7,0,0000
T,2014,09,02,16,53,46
B,263594,25575,162,3447,159323,7035,166,3447,977.9,301.8
G,3138806,173143,114,3447,1847155,40363,115,3447,977.9,301.8
R,1285335,88802,5979,3447,759539,35849,6127,3447,977.9,301.8
D,NBXX,9999,4.917e-5,3.820e-5,2.825e-5,5.994e-6,5.508e-6,4.602e-6
Y,189153,977.9,301.8,297.8,65.8,13.1,5.7,0,0000
T,2014,09,02,16,58,46
B,265373,25777,159,3447,160348,7030,157,3448,977.9,301.8
G,3139350,175211,142,3447,1851181,40945,111,3448,977.9,301.8
R,1289054,88303,6173,3447,760659,36354,6088,3448,977.9,301.8
D,NBXX,9999,4.931e-5,3.883e-5,2.770e-5,5.877e-6,5.677e-6,4.757e-6
Y,189186,977.9,301.8,297.8,66.1,13.1,5.7,0,0000
T,2014,09,02,17,03,46
B,264294,26131,144,3447,159526,6998,158,3447,977.8,301.8
G,3138768,178092,143,3447,1847618,41112,93,3447,977.8,301.8
R,1286930,90421,6233,3447,760126,36531,6108,3447,977.8,301.8
D,NBXX,9999,5.077e-5,3.975e-5,2.902e-5,5.918e-6,5.742e-6,4.837e-6
Y,189151,977.8,301.8,297.8,66.6,13.1,5.7,0,0000
T,2014,09,02,17,08,46
B,265008,26073,151,3448,159784,6996,153,3447,977.7,301.8
G,3142351,177412,113,3448,1851340,41866,108,3447,977.7,301.8
R,1285606,89972,6170,3448,761594,36771,5948,3447,977.7,301.8
D,NBXX,9999,5.037e-5,3.948e-5,2.895e-5,5.856e-6,5.973e-6,5.164e-6
Y,189312,977.7,301.8,297.8,65.9,13.1,5.7,0,0000
T,2014,09,02,17,13,46
B,264943,26472,150,3447,159886,7190,136,3447,977.6,301.8
G,3139033,180001,139,3447,1851705,41649,144,3447,977.6,301.8
R,1287043,90831,6134,3447,761238,36815,6082,3447,977.6,301.8
D,NBXX,9999,5.167e-5,4.033e-5,2.936e-5,6.515e-6,5.892e-6,5.100e-6
Y,189167,977.6,301.8,297.8,67.1,13.1,5.7,0,0000
T,2014,09,02,17,18,46
B,264596,26848,180,3447,160168,7212,164,3448,977.6,301.8
G,3137658,179234,125,3447,1850337,41606,110,3448,977.6,301.8
R,1287466,90014,6203,3447,760677,36538,6228,3448,977.6,301.8
D,NBXX,9999,5.273e-5,4.013e-5,2.869e-5,6.397e-6,5.898e-6,4.766e-6
Y,189083,977.6,301.8,297.8,66.4,13.1,5.7,0,0000
T,2014,09,02,17,23,46
B,264643,26614,149,3447,158923,7024,157,3447,977.6,301.8
G,3136645,178199,131,3447,1850373,41388,107,3447,977.6,301.8
R,1287663,89757,6176,3447,761517,36566,6251,3447,977.6,301.8
D,NBXX,9999,5.213e-5,3.983e-5,2.853e-5,5.957e-6,5.836e-6,4.789e-6
Y,189022,977.6,301.8,297.8,66.4,13.1,5.7,0,0000
T,2014,09,02,17,28,46
B,264747,27026,175,3448,159457,7036,104,3447,977.6,301.8
G,3144826,184075,134,3448,1849467,42380,134,3447,977.6,301.8
R,1287214,92104,6126,3448,759557,37090,6076,3447,977.6,301.8
D,NBXX,9999,5.346e-5,4.151e-5,3.015e-5,6.088e-6,6.107e-6,5.283e-6
Y,189462,977.6,301.8,297.8,67.7,13.1,5.7,0,0000
T,2014,09,02,17,33,46
B,263300,27765,155,3447,160197,7094,150,3447,977.6,301.8
G,3135975,187548,152,3447,1848250,42787,101,3447,977.6,301.8
R,1285657,93196,6057,3447,757034,36890,6112,3447,977.6,301.8
D,NBXX,9999,5.611e-5,4.278e-5,3.090e-5,6.282e-6,6.274e-6,5.195e-6
Y,188982,977.6,301.8,297.8,68.0,13.1,5.7,0,0000
T,2014,09,02,17,38,46
B,264976,27894,155,3447,159464,7152,148,3447,977.5,301.8
G,3143226,188554,155,3447,1852779,42228,135,3447,977.5,301.8
R,1287430,93556,6170,3447,762255,37012,6182,3447,977.5,301.8
D,NBXX,9999,5.597e-5,4.294e-5,3.093e-5,6.335e-6,6.054e-6,5.120e-6
Y,189420,977.5,301.8,297.8,68.5,13.1,5.7,0,0000
T,2014,09,02,17,43,46
B,263914,27723,155,3447,159640,7266,130,3448,977.5,301.8
G,3134139,188605,131,3447,1847843,42625,110,3448,977.5,301.8
R,1285435,93097,6238,3447,760021,36799,6139,3448,977.5,301.8
D,NBXX,9999,5.585e-5,4.315e-5,3.070e-5,6.829e-6,6.231e-6,4.987e-6
Y,188871,977.5,301.8,297.8,69.0,13.1,5.7,0,0000
T,2014,09,02,17,48,46
B,263466,28230,170,3447,159527,7199,145,3447,977.6,301.8
G,3139957,191316,131,3447,1846810,43176,124,3447,977.6,301.8
R,1283759,93948,6068,3447,760056,37714,6080,3447,977.6,301.8
D,NBXX,9999,5.746e-5,4.388e-5,3.145e-5,6.557e-6,6.379e-6,5.740e-6
Y,189222,977.6,301.8,297.8,69.0,13.1,5.7,0,0000
T,2014,09,02,17,53,46
B,264177,28793,173,3448,160219,7480,112,3447,977.7,301.8
G,3138996,195762,125,3448,1849697,43689,141,3447,977.7,301.8
R,1284323,96107,6002,3448,758854,37174,6126,3447,977.7,301.8
D,NBXX,9999,5.906e-5,4.530e-5,3.278e-5,7.480e-6,6.544e-6,5.420e-6
Y,189109,977.7,301.8,297.8,69.3,13.1,5.7,0,0000
T,2014,09,02,17,58,46
B,263953,29128,154,3447,160359,7475,161,3447,977.7,301.8
G,3140020,199167,115,3447,1851468,44141,119,3447,977.7,301.8
R,1283540,95984,6137,3447,758713,37377,5950,3447,977.7,301.8
D,NBXX,9999,6.007e-5,4.636e-5,3.276e-5,7.369e-6,6.689e-6,5.578e-6
Y,189226,977.7,301.8,297.8,69.7,13.1,5.7,0,0000
T,2014,09,02,18,03,46
B,265245,28030,183,3447,159771,7310,147,3448,977.7,301.9
G,3142858,192185,142,3447,1852077,43261,147,3448,977.7,301.9
R,1283848,94889,6166,3447,758662,37406,6160,3448,977.7,301.9
D,NBXX,9999,5.624e-5,4.409e-5,3.191e-5,6.710e-6,6.376e-6,5.416e-6
Y,189398,977.7,301.9,297.9,68.9,13.1,5.7,0,0000
T,2014,09,02,18,08,46
B,264165,27482,197,3447,160002,7152,146,3447,977.7,301.9
G,3134199,188441,140,3447,1851638,42362,113,3447,977.7,301.9
R,1286728,93174,6151,3447,760261,37335,6086,3447,977.7,301.9
D,NBXX,9999,5.485e-5,4.309e-5,3.080e-5,6.270e-6,6.148e-6,5.409e-6
Y,188874,977.7,301.9,297.9,68.2,13.1,5.7,0,0000
T,2014,09,02,18,13,46
B,265818,26791,169,3448,160962,7043,160,3447,977.7,301.9
G,3136407,181977,106,3448,1852262,41816,114,3447,977.7,301.9
R,1285865,91301,6133,3448,760739,37028,6223,3447,977.7,301.9
D,NBXX,9999,5.227e-5,4.103e-5,2.959e-5,5.863e-6,5.982e-6,5.150e-6
Y,188953,977.7,301.9,297.9,67.4,13.1,5.7,0,0000
T,2014,09,02,18,18,46
B,264996,26318,142,3447,159675,7082,160,3447,977.6,301.9
G,3140433,178751,118,3447,1852424,41197,122,3447,977.6,301.9
R,1287420,90189,6201,3447,762358,36594,6017,3447,977.6,301.9
D,NBXX,9999,5.116e-5,3.993e-5,2.895e-5,6.136e-6,5.760e-6,4.959e-6
Y,189251,977.6,301.9,297.9,67.2,13.1,5.7,0,0000
T,2014,09,02,18,23,46
B,265738,26546,177,3447,159268,7047,127,3448,977.5,301.9
G,3140071,179995,102,3447,1851053,41330,141,3448,977.5,301.9
R,1287284,90906,6072,3447,761733,37169,6302,3448,977.5,301.9
D,NBXX,9999,5.163e-5,4.033e-5,2.929e-5,5.958e-6,5.798e-6,5.197e-6
Y,189229,977.5,301.9,297.9,67.9,13.1,5.7,0,0000
T,2014,09,02,18,28,46
B,264990,26593,153,3447,159373,6867,161,3447,977.5,301.9
G,3139380,179286,144,3447,1849610,41173,118,3447,977.5,301.9
R,1284713,90533,6190,3447,761783,36596,6142,3447,977.5,301.9
D,NBXX,9999,5.196e-5,4.011e-5,2.918e-5,5.433e-6,5.749e-6,4.907e-6
Y,189188,977.5,301.9,297.9,67.6,13.1,5.7,0,0000
T,2014,09,02,18,33,46
B,264119,26919,177,3448,160157,7171,159,3447,977.5,301.9
G,3145101,184205,114,3448,1847431,42095,130,3447,977.5,301.9
R,1287814,92593,6301,3448,758983,37190,6199,3447,977.5,301.9
D,NBXX,9999,5.316e-5,4.156e-5,3.021e-5,6.364e-6,6.025e-6,5.125e-6
Y,189478,977.5,301.9,297.9,67.9,13.1,5.7,0,0000
T,2014,09,02,18,38,46
B,263701,27573,171,3447,160516,7228,159,3447,977.6,301.9
G,3135838,187950,139,3447,1848739,42026,120,3447,977.6,301.9
R,1288932,93319,6306,3447,760857,37192,6299,3447,977.6,301.9
D,NBXX,9999,5.533e-5,4.290e-5,3.055e-5,6.588e-6,6.033e-6,5.034e-6
Y,188973,977.6,301.9,297.9,69.0,13.1,5.7,0,0000
T,2014,09,02,18,43,46
B,263763,26502,159,3447,160319,7081,142,3448,977.6,301.9
G,3134243,180977,115,3447,1848649,41695,106,3448,977.6,301.9
R,1285201,91700,6351,3447,760465,37247,6134,3448,977.6,301.9
D,NBXX,9999,5.210e-5,4.075e-5,2.978e-5,6.227e-6,5.945e-6,5.189e-6
Y,188877,977.6,301.9,297.9,67.7,13.1,5.7,0,0000
T,2014,09,02,18,48,46
B,264432,26104,137,3447,159874,7108,143,3447,977.6,301.9
G,3136481,176079,127,3447,1847578,41033,116,3447,977.6,301.9
R,1288662,89914,6347,3447,759657,36605,6155,3447,977.6,301.9
D,NBXX,9999,5.075e-5,3.916e-5,2.853e-5,6.338e-6,5.723e-6,4.749e-6
Y,189012,977.6,301.9,297.9,66.6,13.1,5.7,0,0000
T,2014,09,02,18,53,46
B,264116,26104,166,3448,160158,6980,150,3447,977.7,301.9
G,3137482,177444,132,3448,1850665,41417,141,3447,977.7,301.9
R,1285811,89771,6352,3448,761833,36998,6233,3447,977.7,301.9
D,NBXX,9999,5.071e-5,3.956e-5,2.849e-5,5.847e-6,5.833e-6,4.968e-6
Y,189018,977.7,301.9,297.9,67.1,13.1,5.7,0,0000
T,2014,09,02,18,58,46
B,262869,25784,150,3447,160650,6936,133,3447,977.7,301.9
G,3141655,174556,112,3447,1852475,40857,125,3447,977.7,301.9
R,1284762,88888,6098,3447,762757,36377,6317,3447,977.7,301.9
D,NBXX,9999,5.022e-5,3.859e-5,2.810e-5,5.919e-6,5.649e-6,4.712e-6
Y,189325,977.7,301.9,297.8,66.6,13.1,5.7,0,0000
T,2014,09,02,19,03,46
B,264292,25418,157,3447,159647,6930,166,3448,977.7,301.9
G,3136601,171197,155,3447,1848038,40087,118,3448,977.7,301.9
R,1284231,87856,6272,3447,760838,36782,6279,3448,977.7,301.9
D,NBXX,9999,4.852e-5,3.761e-5,2.739e-5,5.642e-6,5.411e-6,4.865e-6
Y,189019,977.7,301.9,297.8,65.6,13.1,5.7,0,0000
T,2014,09,02,19,08,46
B,263301,25098,167,3447,159959,6804,169,3447,977.7,301.8
G,3140949,170376,126,3447,1850886,40409,104,3447,977.7,301.8
R,1287241,87782,6122,3447,761143,36421,6323,3447,977.7,301.8
D,NBXX,9999,4.775e-5,3.729e-5,2.731e-5,5.274e-6,5.514e-6,4.692e-6
Y,189282,977.7,301.8,297.7,65.9,13.1,5.7,0,0000
T,2014,09,02,19,13,46
B,264403,25674,171,3448,160253,7038,156,3447,977.6,301.8
G,3141492,173136,120,3448,1856109,40501,126,3447,977.6,301.8
R,1288153,87904,6330,3448,762364,36706,6179,3447,977.6,301.8
D,NBXX,9999,4.924e-5,3.814e-5,2.731e-5,5.950e-6,5.538e-6,4.817e-6
Y,189260,977.6,301.8,297.7,66.6,13.1,5.7,0,0000
T,2014,09,02,19,18,46
B,262619,25690,137,3447,160163,6946,161,3447,977.6,301.8
G,3136514,171155,108,3447,1848154,40324,123,3447,977.6,301.8
R,1286658,87718,6293,3447,760618,36550,6391,3447,977.6,301.8
D,NBXX,9999,4.992e-5,3.761e-5,2.712e-5,5.902e-6,5.505e-6,4.606e-6
Y,189014,977.6,301.8,297.7,66.6,13.1,5.7,0,0000
T,2014,09,02,19,23,46
B,265189,25945,179,3447,160303,7096,137,3448,977.7,301.8
G,3136128,174967,144,3447,1850229,40211,112,3448,977.7,301.8
R,1286165,89086,6379,3447,760962,36620,6128,3448,977.7,301.8
D,NBXX,9999,4.988e-5,3.881e-5,2.811e-5,6.094e-6,5.458e-6,4.776e-6
Y,188991,977.7,301.8,297.7,67.4,13.1,5.7,0,0000
T,2014,09,02,19,28,46
B,264735,26107,171,3447,160187,7242,131,3447,977.7,301.8
G,3137221,177910,129,3447,1850035,42164,114,3447,977.7,301.8
R,1286173,91187,6434,3447,762694,38174,6264,3447,977.7,301.8
D,NBXX,9999,5.056e-5,3.972e-5,2.927e-5,6.634e-6,6.076e-6,5.603e-6
Y,189057,977.7,301.8,297.7,68.0,13.1,5.7,0,0000
T,2014,09,02,19,33,46
B,263418,26367,179,3448,160480,6912,134,3447,977.7,301.8
G,3140388,177471,99,3448,1853974,40772,155,3447,977.7,301.8
R,1286683,89876,6147,3448,763517,37040,6279,3447,977.7,301.8
D,NBXX,9999,5.172e-5,3.952e-5,2.863e-5,5.687e-6,5.625e-6,5.098e-6
Y,189193,977.7,301.8,297.7,68.7,13.1,5.7,0,0000
T,2014,09,02,19,38,46
B,264586,25663,163,3447,160192,6904,162,3447,977.7,301.8
G,3138152,175548,137,3447,1851024,40787,103,3447,977.7,301.8
R,1285607,89546,6212,3447,760331,36790,6192,3447,977.7,301.8
D,NBXX,9999,4.916e-5,3.896e-5,2.849e-5,5.524e-6,5.640e-6,4.966e-6
Y,189113,977.7,301.8,297.7,68.2,13.1,5.7,0,0000
T,2014,09,02,19,43,46
B,264136,26375,187,3447,159968,6986,152,3448,977.8,301.8
G,3140871,178402,123,3447,1849902,41123,111,3448,977.8,301.8
R,1286580,90572,6289,3447,761752,36875,6374,3448,977.8,301.8
D,NBXX,9999,5.144e-5,3.982e-5,2.890e-5,5.755e-6,5.733e-6,4.817e-6
Y,189278,977.8,301.8,297.7,68.9,13.1,5.7,0,0000
T,2014,09,02,19,48,46
B,263786,25458,145,3447,160317,7071,169,3447,977.9,301.8
G,3135552,174278,131,3447,1850189,40383,145,3447,977.9,301.8
R,1284270,89193,6174,3447,761745,36650,6289,3447,977.9,301.8
D,NBXX,9999,4.880e-5,3.860e-5,2.828e-5,6.140e-6,5.511e-6,4.851e-6
Y,188956,977.9,301.8,297.7,68.5,13.1,5.7,0,0000
T,2014,09,02,19,53,46
B,264121,25950,139,3447,159686,6980,145,3447,978.0,301.8
G,3138272,175672,119,3447,1849785,40356,148,3447,978.0,301.8
R,1285912,89389,6362,3447,760383,36836,6240,3447,978.0,301.8
D,NBXX,9999,5.032e-5,3.899e-5,2.824e-5,5.940e-6,5.494e-6,4.849e-6
Y,189121,978.0,301.8,297.7,68.9,13.1,5.7,0,0000
T,2014,09,02,19,58,46
B,264185,26137,168,3448,160102,6881,168,3447,978.0,301.8
G,3141400,177922,157,3448,1851263,40779,103,3447,978.0,301.8
R,1287330,90216,6116,3448,759779,36325,6125,3447,978.0,301.8
D,NBXX,9999,5.070e-5,3.965e-5,2.895e-5,5.451e-6,5.621e-6,4.783e-6
Y,189255,978.0,301.8,297.7,69.2,13.1,5.7,0,0000
T,2014,09,02,20,03,46
B,265126,25549,155,3447,160285,6987,166,3447,978.1,301.8
G,3137502,174654,94,3447,1850175,40375,131,3447,978.1,301.8
R,1287031,88701,6073,3447,762572,36367,6117,3447,978.1,301.8
D,NBXX,9999,4.866e-5,3.870e-5,2.807e-5,5.753e-6,5.519e-6,4.843e-6
Y,189074,978.1,301.8,297.7,69.0,13.1,5.7,0,0000
T,2014,09,02,20,08,46
B,264458,25146,154,3447,160104,7146,124,3448,978.1,301.8
G,3141374,172735,122,3447,1850359,40309,108,3448,978.1,301.8
R,1286251,88026,6382,3447,758725,36060,6091,3448,978.1,301.8
D,NBXX,9999,4.777e-5,3.803e-5,2.748e-5,6.440e-6,5.477e-6,4.454e-6
Y,189308,978.1,301.8,297.7,68.5,13.1,5.7,0,0000
T,2014,09,02,20,13,46
B,262952,25290,173,3447,159831,7074,164,3447,978.2,301.8
G,3139596,172120,128,3447,1850236,40110,109,3447,978.2,301.8
R,1286059,87745,6417,3447,759930,36116,6197,3447,978.2,301.8
D,NBXX,9999,4.844e-5,3.786e-5,2.721e-5,6.133e-6,5.423e-6,4.395e-6
Y,189201,978.2,301.8,297.6,68.5,13.1,5.7,0,0000
T,2014,09,02,20,18,46
B,264099,26057,159,3448,160278,6948,151,3447,978.2,301.8
G,3139856,173611,130,3448,1851101,40491,130,3447,978.2,301.8
R,1285200,88070,6203,3448,759909,36568,6226,3447,978.2,301.8
D,NBXX,9999,5.057e-5,3.832e-5,2.757e-5,5.757e-6,5.537e-6,4.821e-6
Y,189161,978.2,301.8,297.6,68.9,13.1,5.7,0,0000
T,2014,09,02,20,23,46
B,263943,25510,133,3447,160279,6972,150,3447,978.3,301.8
G,3138436,171830,110,3447,1851471,39957,129,3447,978.3,301.8
R,1284505,87295,6199,3447,761838,36394,6149,3447,978.3,301.8
D,NBXX,9999,4.900e-5,3.779e-5,2.718e-5,5.919e-6,5.378e-6,4.773e-6
Y,189130,978.3,301.8,297.6,68.5,13.1,5.7,0,0000
T,2014,09,02,20,28,46
B,264896,25579,191,3447,159721,6962,152,3448,978.4,301.8
G,3136447,173594,157,3447,1848353,40504,111,3448,978.4,301.8
R,1284838,87681,6188,3447,759330,36780,6220,3448,978.4,301.8
D,NBXX,9999,4.872e-5,3.834e-5,2.736e-5,5.595e-6,5.531e-6,4.960e-6
Y,189010,978.4,301.8,297.6,69.0,13.1,5.7,0,0000
T,2014,09,02,20,33,46
B,263899,26401,132,3447,160361,7090,179,3447,978.4,301.8
G,3137838,178661,136,3447,1849064,41161,107,3447,978.4,301.8
R,1283679,90279,6219,3447,761922,36854,6217,3447,978.4,301.8
D,NBXX,9999,5.166e-5,3.992e-5,2.899e-5,6.187e-6,5.745e-6,5.003e-6
Y,189094,978.4,301.8,297.6,69.8,13.1,5.7,0,0000
T,2014,09,02,20,38,46
B,264136,27263,168,3448,160693,7301,149,3447,978.4,301.8
G,3139763,186812,128,3448,1856482,41916,137,3447,978.4,301.8
R,1284790,92460,6270,3448,762189,36656,6129,3447,978.4,301.8
D,NBXX,9999,5.422e-5,4.244e-5,3.032e-5,6.803e-6,5.970e-6,4.901e-6
Y,189156,978.4,301.8,297.6,70.8,13.1,5.7,0,0000
T,2014,09,02,20,43,46
B,263947,27547,121,3447,160130,7193,159,3447,978.5,301.7
G,3140338,187903,165,3447,1852289,41937,102,3447,978.5,301.7
R,1286119,93323,6338,3447,760047,37253,6150,3447,978.5,301.7
D,NBXX,9999,5.529e-5,4.277e-5,3.074e-5,6.611e-6,5.970e-6,5.186e-6
Y,189245,978.5,301.7,297.6,71.5,13.1,5.7,0,0000
T,2014,09,02,20,48,46
B,264488,27807,152,3447,160179,7230,138,3448,978.5,301.7
G,3142401,187003,122,3447,1849398,42275,110,3448,978.5,301.7
R,1288965,92694,6156,3447,761200,37330,6155,3448,978.5,301.7
D,NBXX,9999,5.588e-5,4.246e-5,3.037e-5,6.640e-6,6.076e-6,5.323e-6
Y,189370,978.5,301.7,297.6,71.5,13.1,5.7,0,0000
T,2014,09,02,20,53,46
B,264232,27730,158,3447,160515,7050,149,3447,978.5,301.7
G,3136037,186761,98,3447,1852594,41998,94,3447,978.5,301.7
R,1285405,92727,6297,3447,760768,37154,5994,3447,978.5,301.7
D,NBXX,9999,5.567e-5,4.252e-5,3.054e-5,6.052e-6,6.034e-6,5.273e-6
Y,188985,978.5,301.7,297.6,71.8,13.1,5.7,0,0000
T,2014,09,02,20,58,46
B,264003,27110,140,3448,159834,7142,160,3447,978.6,301.7
G,3138570,183657,154,3448,1853297,41767,121,3447,978.6,301.7
R,1284477,91737,6205,3448,760868,36702,5988,3447,978.6,301.7
D,NBXX,9999,5.385e-5,4.147e-5,3.003e-5,6.384e-6,5.925e-6,5.080e-6
Y,189083,978.6,301.7,297.6,71.5,13.1,5.7,0,0000
T,2014,09,02,21,03,46
B,264376,26472,170,3447,159685,6925,143,3447,978.7,301.7
G,3139662,179133,146,3447,1854344,40955,118,3447,978.7,301.7
R,1284491,89343,6259,3447,763577,36814,6073,3447,978.7,301.7
D,NBXX,9999,5.173e-5,4.003e-5,2.845e-5,5.634e-6,5.665e-6,5.044e-6
Y,189205,978.7,301.7,297.5,71.0,13.1,5.7,0,0000
T,2014,09,02,21,08,46
B,264353,25731,124,3447,159375,6939,143,3448,978.7,301.7
G,3139004,172121,115,3447,1847334,40135,117,3448,978.7,301.7
R,1284092,87549,6312,3447,760215,35857,6083,3448,978.7,301.7
D,NBXX,9999,4.961e-5,3.785e-5,2.732e-5,5.837e-6,5.418e-6,4.407e-6
Y,189165,978.7,301.7,297.5,69.8,13.1,5.7,0,0000
T,2014,09,02,21,13,46
B,264108,25666,152,3447,159696,7021,150,3447,978.8,301.7
G,3141827,172151,111,3447,1850187,40235,127,3447,978.8,301.7
R,1284005,86051,6141,3447,759155,36139,6152,3447,978.8,301.7
D,NBXX,9999,4.936e-5,3.780e-5,2.647e-5,5.990e-6,5.439e-6,4.661e-6
Y,189336,978.8,301.7,297.5,69.3,13.1,5.7,0,0000
T,2014,09,02,21,18,46
B,264235,26401,150,3448,159467,6964,173,3447,978.9,301.7
G,3138092,175069,127,3448,1848267,41041,97,3447,978.9,301.7
R,1286625,87540,6216,3448,758242,36365,6287,3447,978.9,301.7
D,NBXX,9999,5.151e-5,3.879e-5,2.714e-5,5.735e-6,5.717e-6,4.627e-6
Y,189055,978.9,301.7,297.5,70.2,13.1,5.7,0,0000
T,2014,09,02,21,23,46
B,263397,25835,141,3447,160337,7148,143,3447,979.0,301.7
G,3138125,173365,138,3447,1852776,40681,111,3447,979.0,301.7
R,1285350,86713,6010,3447,762027,36509,6211,3447,979.0,301.7
D,NBXX,9999,5.016e-5,3.825e-5,2.688e-5,6.502e-6,5.591e-6,4.926e-6
Y,189112,979.0,301.7,297.5,70.2,13.1,5.7,0,0000
T,2014,09,02,21,28,46
B,263949,25457,178,3447,159594,7105,153,3448,979.0,301.6
G,3140978,170913,145,3447,1852745,40490,114,3448,979.0,301.6
R,1286836,85838,6180,3447,761685,36258,6124,3448,979.0,301.6
D,NBXX,9999,4.866e-5,3.742e-5,2.623e-5,6.151e-6,5.512e-6,4.691e-6
Y,189284,979.0,301.6,297.5,69.8,13.1,5.7,0,0000
T,2014,09,02,21,33,46
B,264982,26016,133,3447,160265,7015,142,3447,979.0,301.7
G,3136373,172581,150,3447,1852440,40625,140,3447,979.0,301.7
R,1285313,86406,6303,3447,762558,36152,6241,3447,979.0,301.7
D,NBXX,9999,5.027e-5,3.802e-5,2.646e-5,6.000e-6,5.565e-6,4.475e-6
Y,189006,979.0,301.7,297.5,70.0,13.1,5.7,0,0000
T,2014,09,02,21,38,46
B,263928,26231,162,3448,160028,6959,133,3447,979.0,301.7
G,3141184,173997,107,3448,1849610,40356,116,3447,979.0,301.7
R,1285752,86765,6185,3448,762709,36283,6080,3447,979.0,301.7
D,NBXX,9999,5.118e-5,3.840e-5,2.686e-5,5.844e-6,5.489e-6,4.756e-6
Y,189242,979.0,301.7,297.5,70.3,13.1,5.7,0,0000
T,2014,09,02,21,43,46
B,264510,25859,147,3447,159351,6942,166,3447,979.1,301.6
G,3140770,172798,135,3447,1852087,39928,123,3447,979.1,301.6
R,1286136,85735,6228,3447,763216,36025,6213,3447,979.1,301.6
D,NBXX,9999,4.980e-5,3.802e-5,2.609e-5,5.676e-6,5.340e-6,4.462e-6
Y,189272,979.1,301.6,297.5,70.5,13.1,5.7,0,0000
T,2014,09,02,21,48,46
B,263656,25623,140,3447,159941,7084,162,3448,979.2,301.6
G,3142822,168545,118,3447,1852781,40192,118,3448,979.2,301.6
R,1284417,84105,6239,3447,760881,35503,6080,3448,979.2,301.6
D,NBXX,9999,4.936e-5,3.666e-5,2.523e-5,6.213e-6,5.419e-6,4.240e-6
Y,189396,979.2,301.6,297.5,70.5,13.1,5.7,0,0000
T,2014,09,02,21,53,46
B,264488,25495,131,3447,159919,6883,177,3447,979.3,301.6
G,3140427,166524,128,3447,1849289,39434,119,3447,979.3,301.6
R,1283246,82836,6062,3447,760471,35382,6078,3447,979.3,301.6
D,NBXX,9999,4.870e-5,3.606e-5,2.461e-5,5.514e-6,5.190e-6,4.311e-6
Y,189251,979.3,301.6,297.4,70.5,13.1,5.7,0,0000
T,2014,09,02,21,58,46
B,264529,25115,162,3448,160740,6976,169,3447,979.4,301.6
G,3142259,164650,123,3448,1854084,39365,126,3447,979.4,301.6
R,1286462,81333,6001,3448,761735,35738,6140,3447,979.4,301.6
D,NBXX,9999,4.741e-5,3.544e-5,2.358e-5,5.707e-6,5.164e-6,4.501e-6
Y,189307,979.4,301.6,297.4,70.5,13.1,5.7,0,0000
T,2014,09,02,22,03,46
B,265150,25147,195,3447,160414,6827,149,3447,979.4,301.6
G,3136377,163843,136,3447,1850996,39231,113,3447,979.4,301.6
R,1283658,80918,6103,3447,761401,35522,5999,3447,979.4,301.6
D,NBXX,9999,4.729e-5,3.528e-5,2.344e-5,5.150e-6,5.141e-6,4.420e-6
Y,189006,979.4,301.6,297.4,70.3,13.1,5.7,0,0000
T,2014,09,02,22,08,46
B,263986,25055,145,3447,160353,6722,137,3447,979.4,301.6
G,3139548,161761,121,3447,1850788,38944,115,3447,979.4,301.6
R,1284356,80321,6285,3447,760915,35463,6025,3447,979.4,301.6
D,NBXX,9999,4.756e-5,3.458e-5,2.290e-5,5.135e-6,5.043e-6,4.227e-6
Y,189198,979.4,301.6,297.4,70.2,13.1,5.7,0,0000
T,2014,09,02,22,13,46
B,263755,24653,137,3447,159847,6804,134,3448,979.4,301.6
G,3137637,158323,125,3447,1850108,38780,111,3448,979.4,301.6
R,1285015,78921,6163,3447,759312,35244,6102,3448,979.4,301.6
D,NBXX,9999,4.642e-5,3.353e-5,2.205e-5,5.439e-6,4.996e-6,4.113e-6
Y,189082,979.4,301.6,297.4,70.2,13.1,5.7,0,0000
T,2014,09,02,22,18,46
B,263334,24143,162,3447,160126,6756,141,3447,979.3,301.6
G,3139169,154888,130,3447,1849580,38494,103,3447,979.3,301.6
R,1284783,77221,6054,3447,759813,34795,6170,3447,979.3,301.6
D,NBXX,9999,4.488e-5,3.242e-5,2.104e-5,5.227e-6,4.904e-6,3.872e-6
Y,189175,979.3,301.6,297.4,69.7,13.1,5.7,0,0000
T,2014,09,02,22,23,46
B,262015,23893,158,3421,158783,6608,170,3420,979.4,301.6
G,3117820,151029,127,3421,1832624,37937,87,3420,979.4,301.6
R,1275649,75781,5955,3421,753351,34504,5963,3420,979.4,301.6
D,NBXX,9999,4.436e-5,3.154e-5,2.064e-5,4.769e-6,4.821e-6,4.008e-6
Y,189317,979.4,301.6,297.4,69.3,13.1,5.7,0,0008
T,2014,09,02,22,28,46
B,258395,23231,162,3361,154606,6515,145,3361,979.5,301.6
G,3060220,147953,125,3361,1798271,36903,111,3361,979.5,301.6
R,1254347,73104,5865,3361,740539,33942,5920,3361,979.5,301.6
D,NBXX,9999,4.337e-5,3.144e-5,1.970e-5,4.818e-6,4.700e-6,3.964e-6
Y,189136,979.5,301.6,297.4,69.5,13.1,5.7,0,0008
T,2014,09,02,22,33,46
B,261704,23872,131,3403,157848,6318,126,3404,979.6,301.6
G,3108758,150160,100,3403,1824047,37135,128,3404,979.6,301.6
R,1270786,75319,5839,3403,748847,34486,5912,3404,979.6,301.6
D,NBXX,9999,4.463e-5,3.140e-5,2.062e-5,4.135e-6,4.589e-6,4.157e-6
Y,189767,979.6,301.6,297.4,69.5,13.1,5.7,0,0008
T,2014,09,02,22,38,46
B,245106,22028,169,3188,147130,6115,158,3191,979.7,301.5
G,2907638,139477,94,3188,1702582,34644,94,3191,979.7,301.5
R,1189309,68670,5585,3188,698228,31733,5674,3191,979.7,301.5
D,NBXX,9999,4.318e-5,3.108e-5,1.921e-5,4.432e-6,4.561e-6,3.583e-6
Y,189459,979.7,301.5,297.3,69.3,13.1,5.7,0,0008
T,2014,09,02,22,43,46
B,264915,23636,157,3448,159133,6771,157,3447,979.7,301.5
G,3143508,150201,138,3448,1846898,37126,100,3447,979.7,301.5
R,1286091,74962,5974,3448,759987,34140,6030,3447,979.7,301.5
D,NBXX,9999,4.279e-5,3.088e-5,1.976e-5,5.094e-6,4.460e-6,3.618e-6
Y,189382,979.7,301.5,297.3,69.3,13.1,5.7,0,0000
T,2014,09,02,22,48,46
B,261794,23117,174,3403,157265,6501,134,3403,979.8,301.5
G,3106591,144477,119,3403,1825250,36523,114,3403,979.8,301.5
R,1271173,72627,5905,3403,751788,33641,5823,3403,979.8,301.5
D,NBXX,9999,4.205e-5,2.962e-5,1.894e-5,4.505e-6,4.404e-6,3.648e-6
Y,189634,979.8,301.5,297.3,69.3,13.1,5.7,0,0008
T,2014,09,02,22,53,46
B,255224,22387,118,3318,154179,6287,154,3320,979.8,301.5
G,3028454,141056,134,3318,1781720,35581,102,3320,979.8,301.5
R,1239510,70751,5856,3318,731693,32606,5735,3320,979.8,301.5
D,NBXX,9999,4.167e-5,2.969e-5,1.879e-5,4.436e-6,4.386e-6,3.396e-6
Y,189600,979.8,301.5,297.3,69.3,13.1,5.7,0,0008
T,2014,09,02,22,58,46
B,264568,22810,143,3447,159679,6528,167,3447,979.9,301.5
G,3145794,143180,110,3447,1848516,36122,109,3447,979.9,301.5
R,1285020,72531,6064,3447,759861,33898,5856,3447,979.9,301.5
D,NBXX,9999,4.036e-5,2.865e-5,1.835e-5,4.381e-6,4.140e-6,3.534e-6
Y,189576,979.9,301.5,297.3,69.5,13.1,5.7,0,0000
T,2014,09,02,23,03,46
B,253617,20427,144,3307,151855,6088,155,3306,979.8,301.4
G,3023144,127834,117,3307,1761114,33427,110,3306,979.8,301.4
R,1234193,66534,5689,3307,721584,32157,5747,3306,979.8,301.4
D,NBXX,9999,3.573e-5,2.546e-5,1.635e-5,3.835e-6,3.717e-6,3.291e-6
Y,189898,979.8,301.4,297.3,69.3,13.1,5.7,0,0008
T,2014,09,02,23,08,46
B,264003,20741,165,3447,159277,6167,148,3447,979.8,301.4
G,3144224,128172,157,3447,1844769,34619,110,3447,979.8,301.4
R,1287720,68077,5877,3447,759665,32770,5989,3447,979.8,301.4
D,NBXX,9999,3.411e-5,2.394e-5,1.557e-5,3.298e-6,3.656e-6,2.852e-6
Y,189481,979.8,301.4,297.2,69.3,13.1,5.7,0,0000
T,2014,09,02,23,13,46
B,263397,20388,145,3447,159768,6353,139,3448,979.7,301.4
G,3144464,126572,118,3447,1854244,34487,100,3448,979.7,301.4
R,1285958,66828,5915,3447,759784,32710,5947,3448,979.7,301.4
D,NBXX,9999,3.327e-5,2.346e-5,1.485e-5,4.012e-6,3.628e-6,2.830e-6
Y,189495,979.7,301.4,297.2,69.5,13.1,5.7,0,0000
T,2014,09,02,23,18,46
B,257765,19619,142,3361,154837,6133,127,3363,979.7,301.4
G,3064397,123352,96,3361,1791845,33141,126,3363,979.7,301.4
R,1252038,65792,5743,3361,737489,32078,5690,3363,979.7,301.4
D,NBXX,9999,3.225e-5,2.345e-5,1.540e-5,3.773e-6,3.471e-6,3.056e-6
Y,189395,979.7,301.4,297.2,70.0,13.1,5.7,0,0008
T,2014,09,02,23,23,46
B,259432,19601,122,3383,157511,6213,134,3382,979.7,301.4
G,3087625,122140,152,3383,1816564,33349,112,3382,979.7,301.4
R,1260896,65275,5847,3383,746356,32242,5773,3382,979.7,301.4
D,NBXX,9999,3.185e-5,2.275e-5,1.470e-5,3.970e-6,3.452e-6,2.953e-6
Y,189590,979.7,301.4,297.1,69.7,13.1,5.7,0,0008
T,2014,09,02,23,28,46
B,263413,19666,135,3447,159973,5964,141,3447,979.7,301.4
G,3143556,123959,125,3447,1847115,33964,101,3447,979.7,301.4
R,1283910,66413,5993,3447,760195,33095,5925,3447,979.7,301.4
D,NBXX,9999,3.106e-5,2.264e-5,1.461e-5,2.843e-6,3.468e-6,3.050e-6
Y,189440,979.7,301.4,297.1,69.8,13.1,5.7,0,0000
T,2014,09,02,23,33,46
B,264347,19775,148,3447,159339,6206,123,3448,979.6,301.4
G,3142647,123717,146,3447,1848144,33835,117,3448,979.6,301.4
R,1285102,66465,5765,3447,759193,32878,5763,3448,979.6,301.4
D,NBXX,9999,3.120e-5,2.257e-5,1.489e-5,3.539e-6,3.414e-6,3.180e-6
Y,189385,979.6,301.4,297.1,69.7,13.1,5.7,0,0000
T,2014,09,02,23,38,46
B,264202,19766,178,3447,160364,6176,140,3447,979.6,301.3
G,3139698,124591,125,3447,1851923,33952,111,3447,979.6,301.3
R,1285516,65981,5884,3447,760789,32075,5896,3447,979.6,301.3
D,NBXX,9999,3.104e-5,2.289e-5,1.440e-5,3.294e-6,3.473e-6,2.505e-6
Y,189207,979.6,301.3,297.1,69.8,13.1,5.7,0,0000
T,2014,09,02,23,43,46
B,262071,19789,128,3425,158285,6085,136,3425,979.5,301.3
G,3121313,122493,124,3425,1834664,34018,159,3425,979.5,301.3
R,1279164,64976,5874,3425,749796,32133,5905,3425,979.5,301.3
D,NBXX,9999,3.179e-5,2.244e-5,1.393e-5,3.351e-6,3.539e-6,2.598e-6
Y,189307,979.5,301.3,297.1,70.3,13.1,5.7,0,0008
T,2014,09,02,23,48,46
B,263744,19929,158,3447,160969,6186,132,3447,979.4,301.3
G,3138783,123848,102,3447,1850839,34123,125,3447,979.4,301.3
R,1284414,66134,5741,3447,759907,32502,5879,3447,979.4,301.3
D,NBXX,9999,3.175e-5,2.267e-5,1.463e-5,3.456e-6,3.533e-6,2.893e-6
Y,189151,979.4,301.3,297.0,70.2,13.1,5.7,0,0000
T,2014,09,02,23,53,46
B,264122,19853,181,3447,158976,6176,131,3448,979.4,301.3
G,3142587,123039,153,3447,1843129,33624,97,3448,979.4,301.3
R,1284285,65583,5834,3447,755505,32198,5781,3448,979.4,301.3
D,NBXX,9999,3.135e-5,2.236e-5,1.430e-5,3.316e-6,3.352e-6,2.706e-6
Y,189382,979.4,301.3,297.0,70.3,13.1,5.7,0,0000
T,2014,09,02,23,58,46
B,258493,19697,164,3375,155764,6121,140,3376,979.4,301.3
G,3078051,125314,109,3375,1803117,33426,135,3376,979.4,301.3
R,1256870,65846,5725,3375,740676,31840,5749,3376,979.4,301.3
D,NBXX,9999,3.220e-5,2.390e-5,1.527e-5,3.562e-6,3.510e-6,2.835e-6
Y,189450,979.4,301.3,297.0,70.2,13.1,5.7,0,0008
