T,2014,09,12,11,30,29
B,55627,5202,24,690,33533,1388,39,689,974.3,301.3
G,652319,32308,23,690,386984,7516,14,689,974.3,301.3
R,266182,14970,1042,690,157163,6558,964,689,974.3,301.3
D,NBXX,9999,4.647e-5,3.268e-5,1.977e-5,4.741e-6,4.235e-6,3.778e-6
Y,196410,974.3,301.3,297.0,46.0,13.3,5.8,0,0000
T,2014,09,12,11,31,29
B,54975,5147,24,689,33453,1401,26,690,974.3,301.4
G,652162,33069,19,689,386154,7817,11,690,974.3,301.4
R,264146,14971,1013,689,156050,6551,959,690,974.3,301.4
D,NBXX,9999,4.676e-5,3.385e-5,2.019e-5,5.327e-6,4.672e-6,3.926e-6
Y,196648,974.3,301.4,297.1,45.8,13.3,5.8,0,0000
T,2014,09,12,11,32,29
B,55441,5106,33,690,33328,1424,26,689,974.3,301.4
G,654401,32057,24,690,385897,7649,21,689,974.3,301.4
R,263739,14903,1052,690,155812,6676,1091,689,974.3,301.4
D,NBXX,9999,4.538e-5,3.213e-5,1.944e-5,5.404e-6,4.386e-6,3.771e-6
Y,197039,974.3,301.4,297.1,45.7,13.3,5.8,0,0000
T,2014,09,12,11,33,29
B,53756,4908,25,664,33090,1323,35,665,974.3,301.4
G,634932,31308,14,664,376220,7094,15,665,974.3,301.4
R,256416,14602,1021,664,154085,6468,1016,665,974.3,301.4
D,NBXX,9999,4.468e-5,3.247e-5,1.997e-5,4.422e-6,3.869e-6,3.820e-6
Y,198669,974.3,301.4,297.1,45.3,13.3,5.8,0,0008
T,2014,09,12,11,34,29
B,55644,5231,39,690,33420,1283,16,689,974.3,301.5
G,655838,32678,31,690,385411,7671,22,689,974.3,301.5
R,263828,15226,1014,690,156221,6628,1049,689,974.3,301.5
D,NBXX,9999,4.700e-5,3.294e-5,2.068e-5,3.333e-6,4.379e-6,3.902e-6
Y,197473,974.3,301.5,297.1,45.2,13.3,5.8,0,0000
T,2014,09,12,11,35,29
B,55729,5061,45,689,33640,1330,26,689,974.3,301.5
G,653714,32740,17,689,384847,7517,13,689,974.3,301.5
R,264517,15221,1015,689,155307,6482,1054,689,974.3,301.5
D,NBXX,9999,4.414e-5,3.324e-5,2.055e-5,3.695e-6,4.208e-6,3.387e-6
Y,197118,974.3,301.5,297.1,45.0,13.3,5.8,0,0000
T,2014,09,12,11,36,29
B,55534,5219,30,689,33278,1370,13,690,974.3,301.5
G,653584,32414,28,689,383782,7656,22,690,974.3,301.5
R,264658,14980,1062,689,154950,6534,1036,690,974.3,301.5
D,NBXX,9999,4.718e-5,3.272e-5,1.971e-5,4.792e-6,4.368e-6,3.412e-6
Y,197079,974.3,301.5,297.2,44.8,13.3,5.7,0,0000
T,2014,09,12,11,37,29
B,55189,5160,33,690,33751,1315,25,689,974.3,301.6
G,654185,32003,17,690,386760,7547,15,689,974.3,301.6
R,264490,14920,1025,690,156683,6649,994,689,974.3,301.6
D,NBXX,9999,4.656e-5,3.208e-5,1.982e-5,3.916e-6,4.258e-6,4.086e-6
Y,196974,974.3,301.6,297.2,44.7,13.3,5.8,0,0000
T,2014,09,12,11,38,29
B,55259,5103,32,689,33005,1347,16,690,974.3,301.6
G,652628,31949,26,689,382832,7540,24,690,974.3,301.6
R,264946,14916,1054,689,155902,6566,1059,690,974.3,301.6
D,NBXX,9999,4.579e-5,3.209e-5,1.943e-5,4.479e-6,4.210e-6,3.442e-6
Y,196789,974.3,301.6,297.2,44.5,13.3,5.8,0,0000
T,2014,09,12,11,39,29
B,55576,5020,22,690,33680,1423,18,689,974.3,301.6
G,653527,32034,24,690,383042,7547,32,689,974.3,301.6
R,264761,14813,1132,690,155563,6572,1055,689,974.3,301.6
D,NBXX,9999,4.428e-5,3.214e-5,1.888e-5,5.677e-6,4.227e-6,3.258e-6
Y,196775,974.3,301.6,297.2,44.2,13.3,5.8,0,0000
T,2014,09,12,11,40,29
B,55543,5095,32,689,33257,1350,24,690,974.3,301.6
G,653185,31321,21,689,381807,7529,13,690,974.3,301.6
R,264390,14797,1087,689,155204,6589,1056,690,974.3,301.6
D,NBXX,9999,4.516e-5,3.112e-5,1.905e-5,4.290e-6,4.212e-6,3.433e-6
Y,196958,974.3,301.6,297.2,44.0,13.3,5.8,0,0000
T,2014,09,12,11,41,29
B,54931,5102,29,690,33307,1290,36,689,974.5,301.7
G,654721,31886,17,690,385187,7608,19,689,974.5,301.7
R,264774,15010,1023,690,156157,6571,1058,689,974.5,301.7
D,NBXX,9999,4.593e-5,3.186e-5,1.983e-5,3.511e-6,4.334e-6,3.623e-6
Y,197136,974.5,301.7,297.2,44.0,13.3,5.8,0,0000
T,2014,09,12,11,42,29
B,54776,4903,45,689,33585,1347,26,690,981.7,301.5
G,652992,32831,17,689,383742,7960,14,690,981.7,301.5
R,264317,16073,1077,689,155789,7019,1086,690,981.7,301.5
D,NBXX,9999,4.287e-5,3.334e-5,2.279e-5,4.140e-6,4.831e-6,4.641e-6
Y,196900,981.7,301.5,297.1,49.7,13.3,5.8,0,0000
T,2014,09,12,11,43,29
B,55347,4660,30,690,33383,1381,20,689,982.6,301.4
G,655354,31133,37,690,384968,7212,22,689,982.6,301.4
R,266404,15156,1087,690,156801,6620,1062,689,982.6,301.4
D,NBXX,9999,3.890e-5,3.056e-5,1.977e-5,4.861e-6,3.645e-6,3.444e-6
Y,197327,982.6,301.4,297.1,54.6,13.3,5.8,0,0000
T,2014,09,12,11,44,29
B,55400,4830,32,689,33311,1343,28,690,982.6,301.3
G,651973,31039,25,689,382873,7302,21,690,982.6,301.3
R,264576,15211,1121,689,155784,6656,1067,690,982.6,301.3
D,NBXX,9999,4.117e-5,3.068e-5,2.008e-5,4.057e-6,3.829e-6,3.455e-6
Y,196591,982.6,301.3,297.1,55.4,13.4,5.8,0,0000
T,2014,09,12,11,45,29
B,55294,4735,37,689,33272,1292,30,689,982.6,301.3
G,653552,31334,11,689,382049,7351,22,689,982.6,301.3
R,264719,15078,1030,689,156982,6415,1130,689,982.6,301.3
D,NBXX,9999,3.979e-5,3.104e-5,1.975e-5,3.250e-6,3.915e-6,2.847e-6
Y,197069,982.6,301.3,297.1,55.9,13.3,5.8,0,0000
T,2014,09,12,11,46,29
B,55444,4876,28,690,33507,1364,32,689,982.6,301.3
G,655180,31052,30,690,384166,7322,17,689,982.6,301.3
R,264994,15240,1146,690,156882,6556,1066,689,982.6,301.3
D,NBXX,9999,4.179e-5,3.047e-5,2.001e-5,4.407e-6,3.835e-6,3.099e-6
Y,197274,982.6,301.3,297.1,55.9,13.3,5.8,0,0000
T,2014,09,12,11,47,29
B,54746,4580,27,689,33446,1283,28,690,982.6,301.3
G,653653,30975,25,689,386026,7202,17,690,982.6,301.3
R,264030,15414,1071,689,155781,6565,1132,690,982.6,301.3
D,NBXX,9999,3.837e-5,3.047e-5,2.071e-5,3.475e-6,3.657e-6,3.155e-6
Y,197100,982.6,301.3,297.1,56.0,13.4,5.8,0,0000
T,2014,09,12,11,48,29
B,55630,4761,39,690,33625,1405,38,689,982.6,301.3
G,656513,31267,14,690,386296,7322,20,689,982.6,301.3
R,264411,15595,1162,690,156296,6685,1143,689,982.6,301.3
D,NBXX,9999,3.959e-5,3.072e-5,2.084e-5,4.655e-6,3.836e-6,3.188e-6
Y,197677,982.6,301.3,297.1,56.2,13.3,5.8,0,0000
T,2014,09,12,11,49,29
B,55013,4619,22,689,33630,1378,23,690,982.6,301.3
G,655619,31198,18,689,386662,7500,21,690,982.6,301.3
R,264350,15562,1169,689,157276,6679,1075,690,982.6,301.3
D,NBXX,9999,3.879e-5,3.067e-5,2.097e-5,4.962e-6,4.078e-6,3.339e-6
Y,197695,982.6,301.3,297.1,56.4,13.3,5.7,0,0000
T,2014,09,12,11,50,29
B,55702,4826,42,690,33639,1350,33,689,982.6,301.3
G,654892,32283,23,690,383481,7506,17,689,982.6,301.3
R,265090,15569,1124,690,155486,6643,1089,689,982.6,301.3
D,NBXX,9999,4.048e-5,3.236e-5,2.098e-5,3.859e-6,4.130e-6,3.352e-6
Y,197187,982.6,301.3,297.1,56.4,13.4,5.8,0,0000
T,2014,09,12,11,51,29
B,55419,4830,38,689,33489,1290,30,690,982.6,301.3
G,652893,31548,26,689,383404,7483,26,690,982.6,301.3
R,265056,15487,1135,689,156021,6708,1091,690,982.6,301.3
D,NBXX,9999,4.101e-5,3.138e-5,2.070e-5,3.137e-6,4.076e-6,3.456e-6
Y,196870,982.6,301.3,297.1,56.4,13.3,5.8,0,0000
T,2014,09,12,11,52,29
B,55174,4815,41,690,33935,1372,33,689,982.6,301.3
G,654452,31820,29,690,386822,7554,29,689,982.6,301.3
R,265046,15818,1068,690,156814,6580,1063,689,982.6,301.3
D,NBXX,9999,4.100e-5,3.166e-5,2.201e-5,4.378e-6,4.179e-6,3.450e-6
Y,197054,982.6,301.3,297.1,56.4,13.3,5.8,0,0000
T,2014,09,12,11,53,29
B,55573,4780,32,689,33430,1338,23,690,982.6,301.3
G,653847,31517,19,689,383893,7429,18,690,982.6,301.3
R,265443,15588,1164,689,156358,6789,1142,690,982.6,301.3
D,NBXX,9999,4.030e-5,3.129e-5,2.067e-5,4.010e-6,4.004e-6,3.402e-6
Y,197158,982.6,301.3,297.1,56.4,13.3,5.8,0,0000
T,2014,09,12,11,54,29
B,55702,4650,17,690,33832,1370,21,689,982.6,301.4
G,654124,31787,29,690,386406,7411,19,689,982.6,301.4
R,265884,15765,1040,690,157203,6711,1122,689,982.6,301.4
D,NBXX,9999,3.853e-5,3.165e-5,2.162e-5,4.779e-6,3.986e-6,3.695e-6
Y,196955,982.6,301.4,297.1,56.4,13.3,5.8,0,0000
T,2014,09,12,11,55,29
B,53940,4743,45,666,32454,1284,15,666,982.6,301.4
G,634388,30628,18,666,376668,7130,23,666,982.6,301.4
R,257546,15375,1125,666,153062,6493,1057,666,982.6,301.4
D,NBXX,9999,4.175e-5,3.135e-5,2.164e-5,3.701e-6,3.890e-6,3.334e-6
Y,197900,982.6,301.4,297.1,56.4,13.3,5.8,0,0008
T,2014,09,12,11,56,29
B,55496,4953,29,689,33098,1369,28,690,982.6,301.3
G,655058,31414,33,689,382883,7424,17,690,982.6,301.3
R,264113,15127,1092,689,153987,6678,1196,690,982.6,301.3
D,NBXX,9999,4.290e-5,3.102e-5,1.955e-5,4.456e-6,3.954e-6,3.194e-6
Y,197525,982.6,301.3,297.1,56.5,13.4,5.8,0,0000
T,2014,09,12,11,57,29
B,55136,4780,33,690,33665,1342,24,689,982.6,301.4
G,654642,31816,21,690,385922,7416,24,689,982.6,301.4
R,266504,15584,1096,690,155961,6788,1123,689,982.6,301.4
D,NBXX,9999,4.082e-5,3.166e-5,2.079e-5,4.239e-6,3.990e-6,3.698e-6
Y,197112,982.6,301.4,297.1,56.5,13.4,5.8,0,0000
T,2014,09,12,11,58,29
B,55405,4808,22,689,33372,1354,44,690,982.6,301.4
G,652632,31704,38,689,385136,7330,26,690,982.6,301.4
R,264831,15707,1102,689,157074,6800,1114,690,982.6,301.4
D,NBXX,9999,4.074e-5,3.161e-5,2.143e-5,4.114e-6,3.828e-6,3.776e-6
Y,196791,982.6,301.4,297.1,56.5,13.4,5.8,0,0000
T,2014,09,12,11,59,29
B,55189,4830,32,690,33734,1308,37,689,982.5,301.4
G,654357,31559,32,690,383091,7374,22,689,982.5,301.4
R,264989,15481,1128,690,156549,6633,1157,689,982.5,301.4
D,NBXX,9999,4.129e-5,3.128e-5,2.048e-5,3.513e-6,3.915e-6,3.076e-6
Y,197026,982.5,301.4,297.2,56.4,13.3,5.8,0,0000
T,2014,09,12,12,00,29
B,55691,4683,30,689,33481,1406,32,690,982.5,301.4
G,652815,31986,25,689,386258,7507,26,690,982.5,301.4
R,264568,15671,1109,689,157773,6807,1178,690,982.5,301.4
D,NBXX,9999,3.862e-5,3.205e-5,2.112e-5,4.845e-6,4.115e-6,3.562e-6
Y,196846,982.5,301.4,297.2,56.4,13.4,5.8,0,0000
T,2014,09,12,12,01,29
B,55768,4907,29,690,33591,1344,38,689,982.6,301.4
G,654034,31380,30,690,384716,7279,24,689,982.6,301.4
R,265336,15364,1129,690,156628,6777,1157,689,982.6,301.4
D,NBXX,9999,4.171e-5,3.104e-5,2.008e-5,3.885e-6,3.777e-6,3.488e-6
Y,196928,982.6,301.4,297.2,56.5,13.3,5.8,0,0000
T,2014,09,12,12,02,29
B,55800,4770,26,689,33637,1343,27,690,982.6,301.4
G,653843,31690,21,689,385012,7480,23,690,982.6,301.4
R,264428,15463,1209,689,157035,6750,1149,690,982.6,301.4
D,NBXX,9999,3.991e-5,3.153e-5,2.027e-5,4.041e-6,4.069e-6,3.151e-6
Y,197157,982.6,301.4,297.2,56.5,13.3,5.8,0,0000
T,2014,09,12,12,03,29
B,55441,4858,45,690,33677,1319,33,689,982.5,301.4
G,656392,31898,27,690,385741,7366,13,689,982.5,301.4
R,264866,15852,1233,690,157026,6589,1185,689,982.5,301.4
D,NBXX,9999,4.123e-5,3.167e-5,2.115e-5,3.439e-6,3.893e-6,2.487e-6
Y,197641,982.5,301.4,297.2,56.5,13.4,5.8,0,0000
T,2014,09,12,12,04,29
B,55495,4819,32,689,33452,1327,29,689,982.5,301.4
G,653288,31937,29,689,383541,7425,17,689,982.5,301.4
R,264807,15942,1149,689,155432,6686,1174,689,982.5,301.4
D,NBXX,9999,4.087e-5,3.194e-5,2.176e-5,3.801e-6,4.008e-6,3.088e-6
Y,196989,982.5,301.4,297.2,56.5,13.3,5.8,0,0000
T,2014,09,12,12,05,29
B,55210,4768,35,689,33670,1325,26,690,982.5,301.4
G,653442,32264,33,689,385051,7309,24,690,982.5,301.4
R,265815,15496,1123,689,156610,6627,1142,690,982.5,301.4
D,NBXX,9999,4.048e-5,3.241e-5,2.049e-5,3.839e-6,3.795e-6,3.044e-6
Y,197036,982.5,301.4,297.2,56.5,13.3,5.8,0,0000
T,2014,09,12,12,06,29
B,55507,4775,17,690,33436,1333,20,689,982.5,301.4
G,655314,31518,17,690,383429,7535,31,689,982.5,301.4
R,265251,15819,1199,690,155627,6799,1162,689,982.5,301.4
D,NBXX,9999,4.061e-5,3.116e-5,2.119e-5,4.321e-6,4.153e-6,3.297e-6
Y,197315,982.5,301.4,297.2,56.5,13.4,5.8,0,0000
T,2014,09,12,12,07,29
B,55429,4889,38,689,33643,1360,38,690,982.5,301.4
G,653884,31580,31,689,381876,7528,29,690,982.5,301.4
R,264942,15856,1203,689,155845,6830,1193,690,982.5,301.4
D,NBXX,9999,4.173e-5,3.134e-5,2.124e-5,4.024e-6,4.113e-6,3.235e-6
Y,197170,982.5,301.4,297.2,56.5,13.3,5.8,0,0000
T,2014,09,12,12,08,29
B,55566,4741,45,690,33757,1386,41,689,982.5,301.4
G,654938,31634,32,690,384177,7308,15,689,982.5,301.4
R,265311,15457,1146,690,156531,6746,1133,689,982.5,301.4
D,NBXX,9999,3.922e-5,3.136e-5,2.038e-5,4.246e-6,3.818e-6,3.420e-6
Y,197201,982.5,301.4,297.2,56.5,13.3,5.8,0,0000
T,2014,09,12,12,09,29
B,55838,4859,35,689,33770,1333,31,690,982.5,301.4
G,652674,31802,23,689,387351,7545,23,690,982.5,301.4
R,263827,15792,1063,689,157769,6806,1132,690,982.5,301.4
D,NBXX,9999,4.094e-5,3.179e-5,2.191e-5,3.663e-6,4.184e-6,3.915e-6
Y,196803,982.5,301.4,297.2,56.4,13.3,5.8,0,0000
T,2014,09,12,12,10,29
B,55464,4819,33,690,33594,1324,40,689,982.5,301.4
G,655804,31390,33,690,386907,7451,24,689,982.5,301.4
R,265850,15529,1140,690,155872,6745,1148,689,982.5,301.4
D,NBXX,9999,4.071e-5,3.092e-5,2.049e-5,3.590e-6,4.002e-6,3.361e-6
Y,197463,982.5,301.4,297.3,56.4,13.3,5.8,0,0000
T,2014,09,12,12,11,29
B,55163,4954,32,689,33162,1361,20,690,982.5,301.4
G,653103,31998,28,689,383482,7334,18,690,982.5,301.4
R,265396,15991,1141,689,156826,6880,1191,690,982.5,301.4
D,NBXX,9999,4.344e-5,3.205e-5,2.179e-5,4.539e-6,3.858e-6,3.585e-6
Y,196933,982.5,301.4,297.3,56.4,13.3,5.8,0,0000
T,2014,09,12,12,12,29
B,55449,4843,27,690,32870,1307,28,689,982.5,301.4
G,654727,32199,34,690,381479,7480,13,689,982.5,301.4
R,265102,15748,1202,690,156071,6790,1113,689,982.5,301.4
D,NBXX,9999,4.138e-5,3.223e-5,2.116e-5,3.652e-6,4.081e-6,3.437e-6
Y,197138,982.5,301.4,297.3,56.4,13.4,5.8,0,0000
T,2014,09,12,12,13,29
B,55425,4748,33,689,33885,1352,31,690,982.5,301.4
G,651685,31573,29,689,386574,7300,18,690,982.5,301.4
R,265024,15709,1230,689,157175,6965,1229,690,982.5,301.4
D,NBXX,9999,3.987e-5,3.151e-5,2.057e-5,4.112e-6,3.829e-6,3.416e-6
Y,196504,982.5,301.4,297.3,56.4,13.3,5.8,0,0000
T,2014,09,12,12,14,29
B,55356,4731,31,689,33277,1368,41,689,982.5,301.4
G,651580,31721,21,689,383638,7373,19,689,982.5,301.4
R,265729,15632,1251,689,155774,6785,1177,689,982.5,301.4
D,NBXX,9999,3.957e-5,3.175e-5,2.034e-5,4.263e-6,3.970e-6,2.978e-6
Y,196472,982.5,301.4,297.3,56.2,13.3,5.8,0,0000
T,2014,09,12,12,15,29
B,55203,4831,39,690,33228,1385,31,689,982.5,301.4
G,655108,31625,24,690,384826,7426,17,689,982.5,301.4
R,266021,15628,1186,690,156155,6805,1190,689,982.5,301.4
D,NBXX,9999,4.127e-5,3.135e-5,2.046e-5,4.629e-6,4.004e-6,3.228e-6
Y,197253,982.5,301.4,297.3,56.2,13.3,5.8,0,0000
T,2014,09,12,12,16,29
B,55468,4878,38,689,33259,1300,33,690,982.5,301.5
G,652706,31403,28,689,383548,7421,38,690,982.5,301.5
R,265463,15854,1153,689,156708,6896,1205,690,982.5,301.5
D,NBXX,9999,4.161e-5,3.115e-5,2.129e-5,3.217e-6,3.961e-6,3.540e-6
Y,196813,982.5,301.5,297.3,56.2,13.3,5.8,0,0000
T,2014,09,12,12,17,29
B,55529,4803,28,690,33760,1386,19,689,982.5,301.5
G,654055,31559,32,690,385284,7429,20,689,982.5,301.5
R,265174,15495,1146,690,156165,6803,1163,689,982.5,301.5
D,NBXX,9999,4.083e-5,3.131e-5,2.041e-5,4.921e-6,4.007e-6,3.493e-6
Y,196934,982.5,301.5,297.3,56.2,13.3,5.8,0,0000
T,2014,09,12,12,18,29
B,54990,4813,19,689,33572,1346,23,690,982.5,301.5
G,655042,31442,24,689,384981,7193,16,690,982.5,301.5
R,264811,15705,1272,689,157542,6760,1200,690,982.5,301.5
D,NBXX,9999,4.174e-5,3.108e-5,2.054e-5,4.549e-6,3.624e-6,2.768e-6
Y,197520,982.5,301.5,297.3,56.0,13.3,5.8,0,0000
T,2014,09,12,12,19,29
B,55640,4731,44,690,33241,1283,32,689,982.5,301.5
G,652064,31183,23,690,383911,7447,33,689,982.5,301.5
R,265337,15705,1175,690,156282,6990,1195,689,982.5,301.5
D,NBXX,9999,3.915e-5,3.088e-5,2.081e-5,2.881e-6,4.061e-6,3.833e-6
Y,196333,982.5,301.5,297.3,56.0,13.4,5.8,0,0000
T,2014,09,12,12,20,29
B,55505,4799,45,689,33738,1388,34,690,982.5,301.5
G,652439,31246,21,689,383984,7263,24,690,982.5,301.5
R,265118,15422,1143,689,156747,6903,1195,690,982.5,301.5
D,NBXX,9999,4.027e-5,3.096e-5,2.011e-5,4.358e-6,3.764e-6,3.646e-6
Y,196732,982.5,301.5,297.3,56.0,13.4,5.8,0,0000
T,2014,09,12,12,21,29
B,55046,4734,40,690,34442,1344,30,689,982.5,301.5
G,655547,31265,12,690,394802,7380,19,689,982.5,301.5
R,265737,15678,1233,690,160656,6929,1219,689,982.5,301.5
D,NBXX,9999,4.003e-5,3.079e-5,2.039e-5,4.076e-6,3.945e-6,3.348e-6
Y,197385,982.5,301.5,297.3,56.0,13.3,5.8,0,0000
T,2014,09,12,12,22,29
B,55339,4857,36,689,33497,1362,32,690,982.5,301.5
G,656173,31314,22,689,381562,7479,10,690,982.5,301.5
R,267393,15370,1130,689,155313,6787,1207,690,982.5,301.5
D,NBXX,9999,4.151e-5,3.082e-5,1.964e-5,4.220e-6,4.049e-6,3.200e-6
Y,197863,982.5,301.5,297.3,56.0,13.3,5.8,0,0000
T,2014,09,12,12,23,29
B,55725,4779,42,690,32514,1337,23,689,982.5,301.5
G,653694,31337,38,690,374898,7274,32,689,982.5,301.5
R,266688,15916,1241,690,153247,6989,1203,689,982.5,301.5
D,NBXX,9999,3.993e-5,3.097e-5,2.098e-5,3.831e-6,3.747e-6,3.510e-6
Y,196825,982.5,301.5,297.3,56.0,13.3,5.8,0,0000
T,2014,09,12,12,24,29
B,54963,4890,35,689,33282,1403,19,689,982.5,301.5
G,651941,30537,31,689,385596,7380,32,689,982.5,301.5
R,264776,15553,1176,689,156163,6796,1191,689,982.5,301.5
D,NBXX,9999,4.272e-5,2.990e-5,2.045e-5,5.225e-6,3.933e-6,3.265e-6
Y,196581,982.5,301.5,297.3,56.0,13.4,5.8,0,0000
T,2014,09,12,12,25,29
B,54845,4812,36,689,33483,1353,36,690,982.5,301.5
G,652399,31132,27,689,383979,7279,28,690,982.5,301.5
R,265351,15414,1257,689,156146,6861,1221,690,982.5,301.5
D,NBXX,9999,4.141e-5,3.078e-5,1.958e-5,4.188e-6,3.771e-6,3.024e-6
Y,196720,982.5,301.5,297.3,56.0,13.4,5.8,0,0000
T,2014,09,12,12,26,29
B,55166,4757,39,690,34022,1330,35,689,982.5,301.5
G,654141,31165,30,690,388823,7399,18,689,982.5,301.5
R,265147,15523,1187,690,158330,6907,1225,689,982.5,301.5
D,NBXX,9999,4.015e-5,3.071e-5,2.015e-5,3.760e-6,3.967e-6,3.448e-6
Y,196960,982.5,301.5,297.3,56.0,13.4,5.8,0,0000
T,2014,09,12,12,27,29
B,55290,4914,44,689,33935,1312,24,690,982.5,301.5
G,655551,31321,33,689,387296,7343,19,690,982.5,301.5
R,266146,15680,1200,689,157386,6904,1207,690,982.5,301.5
D,NBXX,9999,4.241e-5,3.084e-5,2.050e-5,3.502e-6,3.820e-6,3.362e-6
Y,197674,982.5,301.5,297.3,56.0,13.3,5.8,0,0000
T,2014,09,12,12,28,29
B,55706,4724,46,690,33187,1371,37,689,982.5,301.5
G,654348,31232,24,690,383111,7373,19,689,982.5,301.5
R,265110,15522,1235,690,155975,6803,1251,689,982.5,301.5
D,NBXX,9999,3.885e-5,3.081e-5,1.989e-5,4.030e-6,3.933e-6,2.881e-6
Y,197023,982.5,301.5,297.3,56.0,13.3,5.8,0,0000
T,2014,09,12,12,29,29
B,55258,4796,28,689,33253,1338,38,690,982.4,301.6
G,651604,31351,31,689,382558,7351,17,690,982.4,301.6
R,265211,15571,1243,689,155835,6926,1205,690,982.4,301.6
D,NBXX,9999,4.078e-5,3.118e-5,2.017e-5,3.943e-6,3.906e-6,3.329e-6
Y,196479,982.4,301.6,297.3,56.0,13.3,5.8,0,0000
T,2014,09,12,12,30,29
B,55187,4696,50,690,33873,1411,32,689,982.4,301.6
G,654094,31280,33,690,386232,7218,15,689,982.4,301.6
R,264659,15395,1185,690,157399,6707,1204,689,982.4,301.6
D,NBXX,9999,3.912e-5,3.089e-5,1.991e-5,4.827e-6,3.695e-6,2.951e-6
Y,196946,982.4,301.6,297.4,56.0,13.3,5.8,0,0000
T,2014,09,12,12,31,29
B,55404,4663,42,689,33194,1358,20,690,982.4,301.6
G,652751,30828,24,689,382829,7441,26,690,982.4,301.6
R,265056,15497,1245,689,155559,6903,1231,690,982.4,301.6
D,NBXX,9999,3.871e-5,3.030e-5,1.987e-5,4.255e-6,4.019e-6,3.170e-6
Y,196827,982.4,301.6,297.4,56.0,13.3,5.8,0,0000
T,2014,09,12,12,32,29
B,55718,4781,21,690,33224,1320,35,689,982.4,301.6
G,654154,31119,26,690,387250,7351,20,689,982.4,301.6
R,266013,15462,1239,690,157637,6946,1133,689,982.4,301.6
D,NBXX,9999,4.015e-5,3.065e-5,1.998e-5,3.751e-6,3.898e-6,3.663e-6
Y,196964,982.4,301.6,297.4,56.0,13.3,5.8,0,0000
T,2014,09,12,12,33,29
B,55460,4786,39,689,33757,1305,47,689,982.4,301.6
G,652379,30912,17,689,385449,7221,17,689,982.4,301.6
R,263807,15790,1207,689,157493,6760,1224,689,982.4,301.6
D,NBXX,9999,4.004e-5,3.048e-5,2.108e-5,3.078e-6,3.736e-6,2.978e-6
Y,196714,982.4,301.6,297.4,56.0,13.4,5.8,0,0000
T,2014,09,12,12,34,29
B,54941,4824,39,689,33827,1308,33,690,982.3,301.6
G,653962,30996,38,689,392393,7332,21,690,982.3,301.6
R,264333,15615,1248,689,159942,6876,1208,690,982.3,301.6
D,NBXX,9999,4.149e-5,3.045e-5,2.040e-5,3.503e-6,3.818e-6,3.192e-6
Y,197193,982.3,301.6,297.4,56.4,13.3,5.8,0,0000
T,2014,09,12,12,35,29
B,55764,4749,45,690,33114,1403,44,689,982.3,301.6
G,657264,31898,27,690,384377,7336,22,689,982.3,301.6
R,266974,15896,1272,690,156305,7003,1214,689,982.3,301.6
D,NBXX,9999,3.907e-5,3.159e-5,2.074e-5,4.390e-6,3.818e-6,3.394e-6
Y,197904,982.3,301.6,297.4,57.2,13.3,5.8,0,0000
T,2014,09,12,12,36,29
B,55316,4799,36,689,33787,1387,32,690,982.3,301.6
G,657342,31820,28,689,385914,7406,21,690,982.3,301.6
R,266333,15873,1229,689,157438,6978,1239,690,982.3,301.6
D,NBXX,9999,4.071e-5,3.147e-5,2.084e-5,4.609e-6,3.890e-6,3.363e-6
Y,198216,982.3,301.6,297.4,57.8,13.4,5.8,0,0000
T,2014,09,12,12,37,29
B,55947,4833,27,690,33488,1397,46,689,982.3,301.6
G,657492,31973,25,690,385376,7591,28,689,982.3,301.6
R,266029,16071,1209,690,156548,7020,1238,689,982.3,301.6
D,NBXX,9999,4.034e-5,3.168e-5,2.153e-5,4.511e-6,4.190e-6,3.623e-6
Y,197973,982.3,301.6,297.4,58.0,13.3,5.8,0,0000
T,2014,09,12,12,38,29
B,55553,4814,36,689,33513,1425,39,690,982.3,301.6
G,656155,31342,30,689,386460,7512,22,690,982.3,301.6
R,266448,15773,1214,689,157937,6963,1242,690,982.3,301.6
D,NBXX,9999,4.052e-5,3.083e-5,2.056e-5,4.965e-6,4.064e-6,3.355e-6
Y,197857,982.3,301.6,297.4,57.7,13.3,5.8,0,0000
T,2014,09,12,12,39,29
B,55132,4803,39,690,33452,1319,30,689,982.3,301.6
G,658047,31363,23,690,386684,7415,22,689,982.3,301.6
R,265939,15872,1183,690,156992,7084,1255,689,982.3,301.6
D,NBXX,9999,4.099e-5,3.074e-5,2.098e-5,3.709e-6,3.930e-6,3.850e-6
Y,198141,982.3,301.6,297.4,57.3,13.3,5.8,0,0000
T,2014,09,12,12,40,29
B,55788,4796,55,689,33267,1355,40,690,982.3,301.6
G,656561,31318,30,689,382876,7355,21,690,982.3,301.6
R,266421,15724,1269,689,155487,7006,1246,690,982.3,301.6
D,NBXX,9999,3.963e-5,3.076e-5,2.022e-5,3.524e-6,3.823e-6,3.280e-6
Y,197980,982.3,301.6,297.5,57.3,13.3,5.8,0,0000
T,2014,09,12,12,41,29
B,55814,4806,30,690,32778,1371,44,689,982.3,301.7
G,656626,31955,42,690,375026,7235,11,689,982.3,301.7
R,266820,15870,1239,690,152191,6935,1199,689,982.3,301.7
D,NBXX,9999,4.009e-5,3.171e-5,2.085e-5,4.160e-6,3.670e-6,3.364e-6
Y,197712,982.3,301.7,297.5,57.7,13.4,5.8,0,0000
T,2014,09,12,12,42,29
B,55234,4837,42,689,33696,1377,36,690,982.3,301.7
G,652331,31327,39,689,384184,7423,27,690,982.3,301.7
R,265557,16026,1263,689,157244,6922,1206,690,982.3,301.7
D,NBXX,9999,4.121e-5,3.106e-5,2.141e-5,4.320e-6,3.970e-6,3.228e-6
Y,196699,982.3,301.7,297.5,58.1,13.4,5.8,0,0000
T,2014,09,12,12,43,29
B,55078,4826,29,689,33791,1289,16,689,982.3,301.7
G,651454,31736,29,689,389728,7419,14,689,982.3,301.7
R,264339,16084,1239,689,158230,7067,1249,689,982.3,301.7
D,NBXX,9999,4.180e-5,3.178e-5,2.169e-5,3.667e-6,4.036e-6,3.677e-6
Y,196434,982.3,301.7,297.5,58.3,13.3,5.8,0,0000
T,2014,09,12,12,44,29
B,56091,4924,38,690,34007,1336,29,689,982.3,301.7
G,657261,32129,30,690,385277,7639,20,689,982.3,301.7
R,266318,16095,1212,690,157099,6998,1182,689,982.3,301.7
D,NBXX,9999,4.158e-5,3.193e-5,2.174e-5,3.676e-6,4.272e-6,3.727e-6
Y,197904,982.3,301.7,297.5,58.5,13.3,5.8,0,0000
T,2014,09,12,12,45,29
B,51763,4450,25,636,30909,1250,26,637,982.2,301.7
G,606699,29279,13,636,354756,6902,14,637,982.2,301.7
R,245907,14997,1139,636,144336,6506,1222,637,982.2,301.7
D,NBXX,9999,4.030e-5,3.135e-5,2.163e-5,4.085e-6,4.031e-6,3.256e-6
Y,198191,982.2,301.7,297.5,58.0,13.4,5.8,0,0008
T,2014,09,12,12,46,29
B,55889,4856,44,690,33643,1392,36,689,982.2,301.7
G,653674,31899,25,690,380315,7477,16,689,982.2,301.7
R,266387,15961,1296,690,154759,6976,1224,689,982.2,301.7
D,NBXX,9999,4.063e-5,3.187e-5,2.090e-5,4.339e-6,4.106e-6,3.223e-6
Y,196819,982.2,301.7,297.5,58.0,13.3,5.8,0,0000
T,2014,09,12,12,47,29
B,54997,4726,50,689,33679,1336,36,690,982.2,301.7
G,654758,31431,22,689,386597,7475,30,690,982.2,301.7
R,265548,15715,1278,689,156824,7129,1240,690,982.2,301.7
D,NBXX,9999,3.973e-5,3.106e-5,2.031e-5,3.658e-6,4.032e-6,3.676e-6
Y,197434,982.2,301.7,297.5,58.0,13.3,5.8,0,0000
T,2014,09,12,12,48,29
B,55436,4856,30,690,32894,1396,25,689,982.2,301.7
G,653545,31501,26,690,383210,7500,9,689,982.2,301.7
R,265768,15903,1273,690,156542,6863,1298,689,982.2,301.7
D,NBXX,9999,4.162e-5,3.129e-5,2.064e-5,4.979e-6,4.153e-6,2.736e-6
Y,196780,982.2,301.7,297.5,58.0,13.4,5.8,0,0000
T,2014,09,12,12,49,29
B,55230,4848,46,689,33218,1350,29,690,982.3,301.7
G,652955,31477,32,689,385714,7583,17,690,982.3,301.7
R,265775,15666,1273,689,156990,6977,1280,690,982.3,301.7
D,NBXX,9999,4.143e-5,3.127e-5,2.001e-5,3.975e-6,4.231e-6,3.091e-6
Y,196888,982.3,301.7,297.5,58.0,13.3,5.8,0,0000
T,2014,09,12,12,50,29
B,55142,4935,45,690,33400,1351,37,689,982.3,301.7
G,654716,32063,35,690,384676,7426,20,689,982.3,301.7
R,265732,15736,1233,690,156712,7054,1219,689,982.3,301.7
D,NBXX,9999,4.270e-5,3.201e-5,2.056e-5,3.956e-6,3.986e-6,3.721e-6
Y,197134,982.3,301.7,297.5,58.1,13.3,5.8,0,0000
T,2014,09,12,12,51,29
B,55181,4966,35,689,33697,1404,35,690,982.2,301.8
G,654343,32201,37,689,382522,7468,19,690,982.2,301.8
R,265865,16112,1257,689,156178,6920,1243,690,982.2,301.8
D,NBXX,9999,4.331e-5,3.225e-5,2.151e-5,4.873e-6,4.021e-6,3.101e-6
Y,197309,982.2,301.8,297.5,58.5,13.4,5.8,0,0000
T,2014,09,12,12,52,29
B,55228,4855,44,689,32796,1314,18,689,982.3,301.8
G,654788,32363,22,689,384113,7341,29,689,982.3,301.8
R,264569,16129,1228,689,156453,7037,1361,689,982.3,301.8
D,NBXX,9999,4.175e-5,3.247e-5,2.144e-5,3.695e-6,3.847e-6,3.224e-6
Y,197443,982.3,301.8,297.6,58.3,13.4,5.8,0,0000
T,2014,09,12,12,53,29
B,55436,4909,36,690,33527,1305,30,689,982.2,301.8
G,652151,31490,20,690,384127,7450,24,689,982.2,301.8
R,266247,16019,1239,690,156504,7031,1269,689,982.2,301.8
D,NBXX,9999,4.221e-5,3.136e-5,2.114e-5,3.453e-6,4.086e-6,3.434e-6
Y,196359,982.2,301.8,297.6,58.1,13.4,5.8,0,0000
T,2014,09,12,12,54,29
B,55950,4926,37,689,33670,1341,24,690,982.2,301.8
G,653286,32378,27,689,383686,7401,26,690,982.2,301.8
R,265281,15905,1318,689,156347,7130,1232,690,982.2,301.8
D,NBXX,9999,4.189e-5,3.260e-5,2.081e-5,3.841e-6,3.944e-6,3.581e-6
Y,196989,982.2,301.8,297.6,58.3,13.4,5.8,0,0000
T,2014,09,12,12,55,29
B,55555,4908,34,690,33267,1396,28,689,982.2,301.8
G,652968,32132,24,690,386027,7399,28,689,982.2,301.8
R,265348,15948,1260,690,156830,7139,1367,689,982.2,301.8
D,NBXX,9999,4.211e-5,3.225e-5,2.065e-5,4.818e-6,3.980e-6,3.386e-6
Y,196606,982.2,301.8,297.6,58.6,13.2,5.8,0,0000
T,2014,09,12,12,56,29
B,55094,4932,32,689,33779,1369,35,690,982.2,301.8
G,652435,32163,35,689,383325,7425,17,690,982.2,301.8
R,264174,15901,1304,689,157340,7191,1246,690,982.2,301.8
D,NBXX,9999,4.298e-5,3.234e-5,2.096e-5,4.438e-6,3.996e-6,3.816e-6
Y,196731,982.2,301.8,297.6,59.0,13.3,5.8,0,0000
T,2014,09,12,12,57,29
B,55368,4792,28,690,33682,1426,54,689,982.2,301.8
G,653186,32100,35,690,384409,7374,23,689,982.2,301.8
R,266065,16118,1312,690,156703,7093,1223,689,982.2,301.8
D,NBXX,9999,4.031e-5,3.218e-5,2.137e-5,4.984e-6,3.928e-6,3.534e-6
Y,196672,982.2,301.8,297.6,58.6,13.4,5.8,0,0000
T,2014,09,12,12,58,29
B,55435,4946,33,689,33260,1381,41,690,982.2,301.8
G,653089,32233,25,689,385039,7438,32,690,982.2,301.8
R,264347,15986,1218,689,157994,6922,1170,690,982.2,301.8
D,NBXX,9999,4.262e-5,3.239e-5,2.174e-5,4.378e-6,3.996e-6,3.566e-6
Y,196929,982.2,301.8,297.6,58.5,13.4,5.8,0,0000
T,2014,09,12,12,59,29
B,55111,4932,30,690,33192,1343,46,689,982.2,301.8
G,653507,32359,38,690,384238,7478,33,689,982.2,301.8
R,265433,15854,1275,690,156953,7048,1284,689,982.2,301.8
D,NBXX,9999,4.280e-5,3.252e-5,2.059e-5,3.951e-6,4.057e-6,3.346e-6
Y,196769,982.2,301.8,297.6,58.6,13.4,5.8,0,0000
T,2014,09,12,13,00,29
B,55854,4881,22,689,33540,1368,38,690,982.2,301.8
G,653670,32112,17,689,383637,7514,22,690,982.2,301.8
R,265708,16060,1343,689,155748,7046,1331,690,982.2,301.8
D,NBXX,9999,4.137e-5,3.219e-5,2.078e-5,4.283e-6,4.132e-6,2.881e-6
Y,197105,982.2,301.8,297.6,58.8,13.4,5.8,0,0000
T,2014,09,12,13,01,29
B,55263,4810,56,690,33837,1313,41,689,982.2,301.8
G,653859,32115,28,690,388114,7364,19,689,982.2,301.8
R,264724,16074,1237,690,157740,6993,1322,689,982.2,301.8
D,NBXX,9999,4.045e-5,3.217e-5,2.135e-5,3.098e-6,3.921e-6,3.214e-6
Y,196875,982.2,301.8,297.6,58.8,13.4,5.8,0,0000
T,2014,09,12,13,02,29
B,54818,4861,41,689,33805,1384,28,689,982.2,301.8
G,650983,31909,22,689,385885,7287,34,689,982.2,301.8
R,266175,16114,1261,689,155957,6951,1339,689,982.2,301.8
D,NBXX,9999,4.225e-5,3.206e-5,2.112e-5,4.751e-6,3.821e-6,2.857e-6
Y,196291,982.2,301.8,297.6,58.6,13.4,5.8,0,0000
T,2014,09,12,13,03,29
B,55312,5089,22,689,33322,1383,33,690,982.2,301.8
G,652942,31950,22,689,383087,7550,29,690,982.2,301.8
R,265383,16067,1252,689,155334,6874,1236,690,982.2,301.8
D,NBXX,9999,4.520e-5,3.198e-5,2.149e-5,4.773e-6,4.178e-6,3.027e-6
Y,196884,982.2,301.8,297.6,58.5,13.3,5.8,0,0000
T,2014,09,12,13,04,29
B,54934,4907,50,690,33432,1328,21,689,982.2,301.8
G,652737,31832,28,690,385983,7350,42,689,982.2,301.8
R,265773,15614,1374,690,157019,7046,1299,689,982.2,301.8
D,NBXX,9999,4.275e-5,3.179e-5,1.943e-5,3.874e-6,3.878e-6,2.929e-6
Y,196536,982.2,301.8,297.6,58.6,13.3,5.8,0,0000
T,2014,09,12,13,05,29
B,55276,4910,32,686,33542,1334,36,686,982.2,301.8
G,652712,31978,21,686,385386,7437,17,686,982.2,301.8
R,264927,16068,1318,686,157359,7017,1337,686,982.2,301.8
D,NBXX,9999,4.240e-5,3.206e-5,2.098e-5,3.871e-6,4.050e-6,2.918e-6
Y,197679,982.2,301.8,297.7,58.6,13.3,5.8,0,0008
T,2014,09,12,13,06,29
B,54304,4846,39,671,32494,1335,43,671,982.2,301.8
G,635966,31036,28,671,375183,7229,22,671,982.2,301.8
R,257538,15182,1218,671,153495,6979,1328,671,982.2,301.8
D,NBXX,9999,4.247e-5,3.185e-5,1.975e-5,3.974e-6,4.000e-6,3.529e-6
Y,196910,982.2,301.8,297.7,58.5,13.3,5.8,0,0008
T,2014,09,12,13,07,29
B,55537,4974,27,689,33820,1352,35,690,982.2,301.9
G,652585,31773,16,689,386234,7494,27,690,982.2,301.9
R,265651,15937,1283,689,158213,7180,1277,690,982.2,301.9
D,NBXX,9999,4.313e-5,3.175e-5,2.081e-5,4.136e-6,4.114e-6,3.678e-6
Y,196776,982.2,301.9,297.7,58.5,13.4,5.8,0,0000
T,2014,09,12,13,08,29
B,55493,4879,30,690,33616,1367,37,689,982.2,301.9
G,654633,31609,28,690,383296,7433,29,689,982.2,301.9
R,264078,15953,1367,690,155083,7078,1346,689,982.2,301.9
D,NBXX,9999,4.171e-5,3.133e-5,2.055e-5,4.342e-6,3.994e-6,2.961e-6
Y,197109,982.2,301.9,297.7,58.3,13.4,5.8,0,0000
T,2014,09,12,13,09,29
B,55650,4914,37,689,33381,1359,37,690,982.2,301.9
G,651298,32226,25,689,382935,7352,26,690,982.2,301.9
R,265288,15683,1321,689,156581,7106,1243,690,982.2,301.9
D,NBXX,9999,4.191e-5,3.252e-5,2.009e-5,3.997e-6,3.907e-6,3.460e-6
Y,196387,982.2,301.9,297.7,58.3,13.4,5.8,0,0000
T,2014,09,12,13,10,29
B,55052,4934,25,690,33378,1402,29,689,982.2,301.9
G,651433,31534,36,690,384454,7481,16,689,982.2,301.9
R,265893,15864,1297,690,156938,7085,1323,689,982.2,301.9
D,NBXX,9999,4.330e-5,3.146e-5,2.034e-5,5.235e-6,4.131e-6,3.224e-6
Y,196142,982.2,301.9,297.7,58.5,13.4,5.8,0,0000
T,2014,09,12,13,11,29
B,55573,4785,33,689,33743,1388,45,690,982.2,301.9
G,653445,31979,26,689,387686,7364,21,690,982.2,301.9
R,265653,15841,1318,689,157794,7115,1242,690,982.2,301.9
D,NBXX,9999,4.005e-5,3.200e-5,2.053e-5,4.379e-6,3.896e-6,3.484e-6
Y,197037,982.2,301.9,297.7,58.3,13.4,5.8,0,0000
T,2014,09,12,13,12,29
B,55296,4876,41,689,33131,1378,27,689,982.2,301.9
G,654463,32010,33,689,383865,7462,16,689,982.2,301.9
R,265481,15788,1326,689,156310,6999,1300,689,982.2,301.9
D,NBXX,9999,4.190e-5,3.196e-5,2.016e-5,4.526e-6,4.039e-6,2.941e-6
Y,197345,982.2,301.9,297.7,58.3,13.4,5.8,0,0000
T,2014,09,12,13,13,29
B,55280,4952,29,690,33419,1331,37,689,982.2,301.9
G,653884,31867,17,690,382058,7384,32,689,982.2,301.9
R,265568,16046,1308,690,156196,7043,1227,689,982.2,301.9
D,NBXX,9999,4.307e-5,3.179e-5,2.122e-5,3.902e-6,3.947e-6,3.408e-6
Y,196883,982.2,301.9,297.7,58.1,13.4,5.8,0,0000
T,2014,09,12,13,14,29
B,55131,4893,41,689,33582,1355,42,690,982.2,301.9
G,651764,31186,38,689,383954,7414,34,690,982.2,301.9
R,265247,15936,1232,689,158315,7243,1208,690,982.2,301.9
D,NBXX,9999,4.211e-5,3.088e-5,2.128e-5,3.959e-6,3.956e-6,4.301e-6
Y,196528,982.2,301.9,297.7,58.1,13.4,5.8,0,0000
T,2014,09,12,13,15,29
B,55232,4848,45,690,33498,1277,29,689,982.2,301.9
G,655315,31795,27,690,384429,7401,29,689,982.2,301.9
R,265744,15880,1370,690,157586,7009,1335,689,982.2,301.9
D,NBXX,9999,4.147e-5,3.156e-5,2.012e-5,2.984e-6,3.936e-6,2.709e-6
Y,197315,982.2,301.9,297.7,58.3,13.4,5.8,0,0000
T,2014,09,12,13,16,29
B,55518,4851,39,689,33564,1280,31,690,982.2,301.9
G,651629,31606,36,689,385980,7498,24,690,982.2,301.9
R,265669,15815,1269,689,157164,7162,1408,690,982.2,301.9
D,NBXX,9999,4.122e-5,3.154e-5,2.004e-5,2.953e-6,4.106e-6,3.218e-6
Y,196487,982.2,301.9,297.7,58.3,13.3,5.7,0,0000
T,2014,09,12,13,17,29
B,54939,4842,49,690,33442,1399,38,689,982.2,301.9
G,654480,31835,27,690,383043,7445,28,689,982.2,301.9
R,265618,16013,1325,690,155996,7236,1305,689,982.2,301.9
D,NBXX,9999,4.153e-5,3.169e-5,2.079e-5,4.665e-6,4.019e-6,3.653e-6
Y,197063,982.2,301.9,297.7,58.3,13.4,5.8,0,0000
T,2014,09,12,13,18,29
B,54705,4818,49,689,33853,1354,35,690,982.2,301.9
G,652938,31398,32,689,386161,7327,21,690,982.2,301.9
R,266126,15989,1251,689,157653,7100,1352,690,982.2,301.9
D,NBXX,9999,4.153e-5,3.114e-5,2.075e-5,4.072e-6,3.838e-6,3.269e-6
Y,196883,982.2,301.9,297.7,58.1,13.4,5.8,0,0000
T,2014,09,12,13,19,29
B,54888,4986,41,690,33637,1412,42,689,982.2,301.9
G,653175,31555,29,690,384154,7406,20,689,982.2,301.9
R,265250,15885,1292,690,156060,7068,1302,689,982.2,301.9
D,NBXX,9999,4.380e-5,3.137e-5,2.059e-5,4.944e-6,3.993e-6,3.293e-6
Y,196668,982.2,301.9,297.7,58.3,13.3,5.8,0,0000
T,2014,09,12,13,20,29
B,55768,5055,30,689,33537,1376,37,690,982.2,301.9
G,653423,31223,35,689,385573,7465,34,690,982.2,301.9
R,265863,15999,1297,689,156843,7269,1273,690,982.2,301.9
D,NBXX,9999,4.393e-5,3.082e-5,2.093e-5,4.324e-6,4.010e-6,3.898e-6
Y,197030,982.2,301.9,297.7,58.3,13.4,5.8,0,0000
T,2014,09,12,13,21,29
B,55057,4766,35,689,33570,1349,38,689,982.2,301.9
G,654686,31001,28,689,386932,7445,31,689,982.2,301.9
R,264974,15353,1298,689,158227,7128,1347,689,982.2,301.9
D,NBXX,9999,4.050e-5,3.041e-5,1.887e-5,4.095e-6,3.992e-6,3.283e-6
Y,197412,982.2,301.9,297.7,58.0,13.3,5.8,0,0000
T,2014,09,12,13,22,29
B,55282,4815,42,690,33317,1378,43,689,982.2,302.0
G,651728,31300,24,690,384179,7239,15,689,982.2,302.0
R,265739,15838,1316,690,157030,7087,1340,689,982.2,302.0
D,NBXX,9999,4.073e-5,3.114e-5,2.016e-5,4.269e-6,3.795e-6,3.112e-6
Y,196231,982.2,302.0,297.8,58.0,13.3,5.8,0,0000
T,2014,09,12,13,23,29
B,55551,4652,36,689,33327,1357,49,690,982.2,302.0
G,653350,30711,20,689,382014,7299,14,690,982.2,302.0
R,264856,15800,1297,689,156134,7138,1326,690,982.2,302.0
D,NBXX,9999,3.801e-5,3.014e-5,2.030e-5,3.814e-6,3.835e-6,3.371e-6
Y,197008,982.2,302.0,297.8,58.0,13.3,5.8,0,0000
T,2014,09,12,13,24,29
B,55125,4841,27,690,33546,1332,57,689,982.2,302.0
G,652770,31085,20,690,385666,7339,32,689,982.2,302.0
R,265793,15584,1374,690,157539,7422,1328,689,982.2,302.0
D,NBXX,9999,4.133e-5,3.071e-5,1.924e-5,3.660e-6,3.906e-6,3.951e-6
Y,196546,982.2,302.0,297.8,58.0,13.4,5.8,0,0000
T,2014,09,12,13,25,29
B,55046,4693,40,689,33476,1332,34,690,982.2,302.0
G,654705,30860,19,689,384371,7244,22,690,982.2,302.0
R,264703,15716,1256,689,156492,7243,1412,690,982.2,302.0
D,NBXX,9999,3.941e-5,3.025e-5,1.992e-5,3.802e-6,3.718e-6,3.536e-6
Y,197418,982.2,302.0,297.8,58.0,13.3,5.8,0,0000
T,2014,09,12,13,26,29
B,55363,4690,37,690,33523,1376,28,689,982.2,302.0
G,653810,30477,19,690,382487,7209,32,689,982.2,302.0
R,266371,15538,1341,690,155149,6903,1317,689,982.2,302.0
D,NBXX,9999,3.913e-5,2.972e-5,1.917e-5,4.553e-6,3.694e-6,2.528e-6
Y,196860,982.2,302.0,297.8,58.0,13.4,5.8,0,0000
T,2014,09,12,13,27,29
B,55384,4648,35,689,33824,1340,48,690,982.1,302.0
G,652024,30747,25,689,385612,7272,35,690,982.1,302.0
R,264758,16000,1335,689,156354,7097,1333,690,982.1,302.0
D,NBXX,9999,3.819e-5,3.024e-5,2.076e-5,3.654e-6,3.771e-6,3.096e-6
Y,196607,982.1,302.0,297.8,58.0,13.4,5.8,0,0000
T,2014,09,12,13,28,29
B,55150,4809,30,690,33464,1359,42,689,982.1,302.0
G,652224,31091,38,690,383293,7437,38,689,982.1,302.0
R,266072,16129,1330,690,156012,7272,1299,689,982.1,302.0
D,NBXX,9999,4.103e-5,3.072e-5,2.107e-5,4.256e-6,4.022e-6,3.743e-6
Y,196381,982.1,302.0,297.8,58.3,13.4,5.8,0,0000
T,2014,09,12,13,29,29
B,55538,4941,34,689,33323,1346,30,690,982.1,302.0
G,652706,31015,18,689,382937,7306,16,690,982.1,302.0
R,265797,15794,1317,689,156910,7194,1299,690,982.1,302.0
D,NBXX,9999,4.261e-5,3.064e-5,2.017e-5,4.014e-6,3.857e-6,3.519e-6
Y,196813,982.1,302.0,297.8,58.5,13.4,5.8,0,0000
T,2014,09,12,13,30,29
B,55816,4952,32,690,33365,1378,43,689,982.1,302.0
G,653169,31575,24,690,386185,7371,39,689,982.1,302.0
R,266672,15988,1352,690,157035,7208,1318,689,982.1,302.0
D,NBXX,9999,4.223e-5,3.140e-5,2.043e-5,4.258e-6,3.928e-6,3.382e-6
Y,196667,982.1,302.0,297.8,58.3,13.4,5.8,0,0000
T,2014,09,12,13,31,29
B,55740,4792,18,689,33298,1360,38,689,982.1,302.0
G,652271,31418,32,689,383558,7313,25,689,982.1,302.0
R,264820,15984,1344,689,156628,7160,1286,689,982.1,302.0
D,NBXX,9999,4.031e-5,3.124e-5,2.083e-5,4.314e-6,3.850e-6,3.439e-6
Y,196681,982.1,302.0,297.8,58.3,13.4,5.8,0,0000
T,2014,09,12,13,32,29
B,55713,4870,47,689,33598,1354,43,690,982.1,302.0
G,652978,31000,21,689,385747,7320,13,690,982.1,302.0
R,265110,16012,1300,689,156364,7003,1321,690,982.1,302.0
D,NBXX,9999,4.092e-5,3.060e-5,2.091e-5,3.632e-6,3.873e-6,2.963e-6
Y,196895,982.1,302.0,297.8,58.1,13.3,5.8,0,0000
T,2014,09,12,13,33,29
B,55746,4983,45,690,33302,1317,38,689,982.1,302.0
G,652653,31165,18,690,383219,7399,31,689,982.1,302.0
R,265790,16052,1355,690,155511,7190,1284,689,982.1,302.0
D,NBXX,9999,4.264e-5,3.085e-5,2.085e-5,3.254e-6,4.004e-6,3.476e-6
Y,196511,982.1,302.0,297.8,58.0,13.4,5.8,0,0000
T,2014,09,12,13,34,29
B,55287,4844,40,689,33346,1341,42,690,982.1,302.0
G,651275,31160,26,689,383533,7295,17,690,982.1,302.0
R,265783,16161,1529,689,157122,7350,1255,690,982.1,302.0
D,NBXX,9999,4.121e-5,3.095e-5,2.069e-5,3.718e-6,3.849e-6,3.402e-6
Y,196380,982.1,302.0,297.8,58.1,13.3,5.8,0,0000
T,2014,09,12,13,35,29
B,55682,4693,32,690,33151,1400,30,689,982.1,302.0
G,651599,30828,25,690,380997,7196,33,689,982.1,302.0
R,264651,15984,1372,690,155442,7228,1324,689,982.1,302.0
D,NBXX,9999,3.883e-5,3.040e-5,2.062e-5,4.846e-6,3.698e-6,3.445e-6
Y,196192,982.1,302.0,297.8,58.0,13.3,5.8,0,0000
T,2014,09,12,13,36,29
B,55191,4655,60,689,33357,1320,38,690,982.1,302.0
G,652959,30658,17,689,380105,7270,25,690,982.1,302.0
R,265827,15846,1258,689,155176,6985,1357,690,982.1,302.0
D,NBXX,9999,3.827e-5,3.007e-5,2.033e-5,3.167e-6,3.784e-6,2.898e-6
Y,196890,982.1,302.0,297.8,58.0,13.4,5.8,0,0000
T,2014,09,12,13,37,29
B,55424,4789,34,690,33380,1363,50,689,982.1,302.0
G,651001,31435,25,690,383623,7257,18,689,982.1,302.0
R,265811,15922,1375,690,156367,7180,1329,689,982.1,302.0
D,NBXX,9999,4.019e-5,3.139e-5,2.024e-5,4.017e-6,3.827e-6,3.220e-6
Y,196011,982.1,302.0,297.8,58.1,13.4,5.8,0,0000
T,2014,09,12,13,38,29
B,55498,4765,27,689,33907,1313,40,690,982.0,302.0
G,650456,30934,36,689,387191,7213,27,690,982.0,302.0
R,264859,15946,1328,689,158223,7227,1327,690,982.0,302.0
D,NBXX,9999,4.003e-5,3.063e-5,2.063e-5,3.493e-6,3.703e-6,3.526e-6
Y,196132,982.0,302.0,297.8,58.1,13.3,5.8,0,0000
T,2014,09,12,13,39,29
B,55353,4743,47,690,33762,1370,31,689,982.0,302.0
G,653269,30840,48,690,383695,7369,20,689,982.0,302.0
R,266025,15745,1320,690,155721,7236,1334,689,982.0,302.0
D,NBXX,9999,3.970e-5,3.028e-5,1.985e-5,4.247e-6,3.915e-6,3.551e-6
Y,196697,982.0,302.0,297.8,58.0,13.4,5.8,0,0000
T,2014,09,12,13,40,29
B,55495,4873,51,689,34001,1312,48,690,982.0,302.0
G,651861,31170,23,689,389002,7353,17,690,982.0,302.0
R,266163,15681,1363,689,157942,7170,1367,690,982.0,302.0
D,NBXX,9999,4.109e-5,3.093e-5,1.939e-5,2.936e-6,3.932e-6,3.036e-6
Y,196557,982.0,302.0,297.8,58.3,13.4,5.8,0,0000
T,2014,09,12,13,41,29
B,55214,4750,32,689,33098,1396,51,689,982.0,302.0
G,652395,30881,39,689,377635,7272,34,689,982.0,302.0
R,265775,15824,1405,689,153539,7063,1351,689,982.0,302.0
D,NBXX,9999,3.989e-5,3.039e-5,1.978e-5,4.564e-6,3.758e-6,2.668e-6
Y,196719,982.0,302.0,297.8,58.3,13.3,5.8,0,0000
T,2014,09,12,13,42,29
B,55381,4724,39,690,33330,1248,30,689,982.0,302.0
G,653522,31370,23,690,387691,7243,29,689,982.0,302.0
R,265229,15898,1387,690,159020,7236,1350,689,982.0,302.0
D,NBXX,9999,3.954e-5,3.109e-5,2.014e-5,2.595e-6,3.748e-6,3.300e-6
Y,196773,982.0,302.0,297.8,58.0,13.4,5.8,0,0000
T,2014,09,12,13,43,29
B,55711,4747,33,689,33502,1308,31,690,982.0,302.0
G,652151,30228,43,689,385475,7275,30,690,982.0,302.0
R,265045,15726,1336,689,156732,7229,1342,690,982.0,302.0
D,NBXX,9999,3.956e-5,2.942e-5,1.986e-5,3.402e-6,3.751e-6,3.443e-6
Y,196645,982.0,302.0,297.8,58.0,13.4,5.8,0,0000
T,2014,09,12,13,44,29
B,55557,4664,42,690,33708,1409,62,689,982.0,302.0
G,651899,30540,27,690,386905,7323,21,689,982.0,302.0
R,264357,15760,1278,690,157652,7092,1394,689,982.0,302.0
D,NBXX,9999,3.786e-5,2.996e-5,2.007e-5,4.308e-6,3.904e-6,3.134e-6
Y,196283,982.0,302.0,297.9,58.0,13.4,5.8,0,0000
T,2014,09,12,13,45,29
B,55127,4652,52,689,33504,1310,34,690,982.0,302.0
G,651323,30399,45,689,384504,7379,21,690,982.0,302.0
R,264800,15770,1372,689,157337,7159,1305,690,982.0,302.0
D,NBXX,9999,3.851e-5,2.975e-5,2.004e-5,3.246e-6,3.934e-6,3.249e-6
Y,196394,982.0,302.0,297.9,58.0,13.4,5.8,0,0000
T,2014,09,12,13,46,29
B,55515,4750,56,690,33621,1355,32,689,981.9,302.0
G,652054,30510,31,690,381661,7374,29,689,981.9,302.0
R,265034,15756,1367,690,156535,7037,1336,689,981.9,302.0
D,NBXX,9999,3.944e-5,2.988e-5,1.986e-5,3.801e-6,3.957e-6,2.830e-6
Y,196330,981.9,302.0,297.9,58.0,13.4,5.8,0,0000
T,2014,09,12,13,47,29
B,55645,4811,31,689,33581,1309,43,690,981.9,302.1
G,653060,30310,24,689,383867,7374,26,690,981.9,302.1
R,265430,15651,1336,689,157013,7315,1433,690,981.9,302.1
D,NBXX,9999,4.041e-5,2.952e-5,1.927e-5,3.268e-6,3.925e-6,3.366e-6
Y,196920,981.9,302.1,297.9,58.1,13.4,5.8,0,0000
T,2014,09,12,13,48,29
B,55233,4649,28,690,33135,1351,31,689,981.9,302.1
G,651469,31250,22,690,383501,7282,28,689,981.9,302.1
R,264470,15997,1313,690,157377,7043,1394,689,981.9,302.1
D,NBXX,9999,3.878e-5,3.106e-5,2.065e-5,4.332e-6,3.845e-6,2.860e-6
Y,196153,981.9,302.1,297.9,58.1,13.4,5.8,0,0000
T,2014,09,12,13,49,29
B,55002,4851,62,689,34701,1347,27,690,981.9,302.1
G,652935,31104,19,689,392871,7436,19,690,981.9,302.1
R,266113,15973,1385,689,159899,7195,1365,690,981.9,302.1
D,NBXX,9999,4.155e-5,3.075e-5,2.020e-5,3.782e-6,4.042e-6,3.043e-6
Y,196882,981.9,302.1,297.9,58.3,13.4,5.8,0,0000
T,2014,09,12,13,50,29
B,55300,4766,39,689,33482,1348,28,689,981.9,302.1
G,655739,31283,38,689,379463,7275,48,689,981.9,302.1
R,267336,15842,1431,689,156013,7354,1307,689,981.9,302.1
D,NBXX,9999,4.029e-5,3.074e-5,1.967e-5,4.100e-6,3.684e-6,3.526e-6
Y,197731,981.9,302.1,297.9,58.1,13.4,5.8,0,0000
T,2014,09,12,13,51,29
B,55885,4730,38,690,33533,1327,42,689,981.9,302.1
G,652456,31003,36,690,377780,7261,27,689,981.9,302.1
R,265149,16148,1421,690,154446,7122,1438,689,981.9,302.1
D,NBXX,9999,3.883e-5,3.059e-5,2.048e-5,3.406e-6,3.774e-6,2.537e-6
Y,196451,981.9,302.1,297.9,58.0,13.4,5.8,0,0000
T,2014,09,12,13,52,29
B,55624,4928,37,689,33271,1332,54,690,981.9,302.1
G,651499,31031,24,689,384893,7531,29,690,981.9,302.1
R,265714,15885,1362,689,156943,7443,1376,690,981.9,302.1
D,NBXX,9999,4.186e-5,3.072e-5,2.004e-5,3.323e-6,4.184e-6,3.842e-6
Y,196448,981.9,302.1,297.9,57.8,13.4,5.8,0,0000
T,2014,09,12,13,53,29
B,55543,4838,36,690,33606,1358,42,689,981.9,302.1
G,652471,31045,32,690,384743,7458,27,689,981.9,302.1
R,265808,16061,1393,690,156189,7264,1332,689,981.9,302.1
D,NBXX,9999,4.086e-5,3.066e-5,2.058e-5,4.006e-6,4.079e-6,3.398e-6
Y,196456,981.9,302.1,297.9,58.0,13.4,5.8,0,0000
T,2014,09,12,13,54,29
B,54799,4765,34,689,33361,1319,36,690,981.9,302.1
G,651129,31257,25,689,385122,7338,37,690,981.9,302.1
R,266072,16204,1375,689,157655,7309,1374,690,981.9,302.1
D,NBXX,9999,4.086e-5,3.107e-5,2.090e-5,3.761e-6,3.883e-6,3.388e-6
Y,196336,981.9,302.1,297.9,58.0,13.4,5.8,0,0000
T,2014,09,12,13,55,29
B,55394,4843,34,690,32991,1369,28,689,981.8,302.1
G,653659,31618,22,690,382577,7557,40,689,981.8,302.1
R,266592,16287,1295,690,156444,7185,1342,689,981.8,302.1
D,NBXX,9999,4.139e-5,3.144e-5,2.144e-5,4.491e-6,4.203e-6,3.431e-6
Y,196815,981.8,302.1,297.9,58.0,13.4,5.8,0,0000
T,2014,09,12,13,56,29
B,54768,4803,31,689,33739,1296,31,690,981.8,302.1
G,652843,31663,32,689,383332,7279,23,690,981.8,302.1
R,265209,16055,1444,689,156569,7116,1396,690,981.8,302.1
D,NBXX,9999,4.160e-5,3.158e-5,2.027e-5,3.568e-6,3.777e-6,2.536e-6
Y,196854,981.8,302.1,297.9,58.1,13.4,5.8,0,0000
T,2014,09,12,13,57,29
B,55784,4707,29,690,33219,1346,42,689,981.8,302.1
G,654059,31681,36,690,384082,7344,33,689,981.8,302.1
R,266804,15968,1361,690,157746,7428,1395,689,981.8,302.1
D,NBXX,9999,3.876e-5,3.149e-5,2.005e-5,3.869e-6,3.862e-6,3.734e-6
Y,196936,981.8,302.1,297.9,58.1,13.4,5.8,0,0000
T,2014,09,12,13,58,29
B,55411,4838,37,689,33231,1346,28,690,981.8,302.1
G,652114,31132,28,689,380793,7391,25,690,981.8,302.1
R,264497,16127,1389,689,155345,7363,1335,690,981.8,302.1
D,NBXX,9999,4.125e-5,3.083e-5,2.099e-5,4.040e-6,3.962e-6,3.710e-6
Y,196634,981.8,302.1,297.9,57.8,13.4,5.8,0,0000
T,2014,09,12,13,59,29
B,55231,4853,40,690,33116,1351,43,689,981.8,302.1
G,651674,31246,35,690,385852,7245,21,689,981.8,302.1
R,265289,16061,1377,690,156590,7060,1413,689,981.8,302.1
D,NBXX,9999,4.139e-5,3.103e-5,2.043e-5,3.923e-6,3.775e-6,2.586e-6
Y,196215,981.8,302.1,297.9,57.7,13.4,5.8,0,0000
T,2014,09,12,14,00,29
B,54920,4808,41,689,33308,1338,35,689,981.8,302.1
G,652759,31692,32,689,381951,7444,35,689,981.8,302.1
R,265689,16405,1345,689,156290,7285,1368,689,981.8,302.1
D,NBXX,9999,4.124e-5,3.160e-5,2.167e-5,3.927e-6,4.023e-6,3.484e-6
Y,196829,981.8,302.1,297.9,57.5,13.4,5.8,0,0000
T,2014,09,12,14,01,29
B,55213,4794,34,689,33449,1441,53,690,981.8,302.1
G,651854,32313,23,689,386436,7310,33,690,981.8,302.1
R,264303,16376,1428,689,157648,7371,1364,690,981.8,302.1
D,NBXX,9999,4.048e-5,3.263e-5,2.153e-5,5.130e-6,3.839e-6,3.506e-6
Y,196555,981.8,302.1,297.9,57.3,13.4,5.8,0,0000
T,2014,09,12,14,02,29
B,54999,4845,41,690,33275,1353,29,689,981.8,302.1
G,652362,32318,38,690,380733,7578,39,689,981.8,302.1
R,265286,16418,1424,690,156203,7336,1339,689,981.8,302.1
D,NBXX,9999,4.179e-5,3.256e-5,2.159e-5,4.254e-6,4.231e-6,3.506e-6
Y,196423,981.8,302.1,297.9,57.3,13.4,5.8,0,0000
T,2014,09,12,14,03,29
B,55226,4810,28,689,33444,1330,37,690,981.8,302.1
G,649346,31640,29,689,383510,7373,27,690,981.8,302.1
R,264616,16244,1410,689,155968,7238,1335,690,981.8,302.1
D,NBXX,9999,4.107e-5,3.180e-5,2.125e-5,3.867e-6,3.977e-6,3.257e-6
Y,195796,981.8,302.1,297.9,57.3,13.4,5.8,0,0000
T,2014,09,12,14,04,29
B,55244,4968,37,690,33674,1376,32,689,981.8,302.1
G,651186,31370,30,690,382356,7267,25,689,981.8,302.1
R,266011,16063,1387,690,156781,7341,1447,689,981.8,302.1
D,NBXX,9999,4.330e-5,3.125e-5,2.018e-5,4.526e-6,3.818e-6,3.241e-6
Y,196067,981.8,302.1,297.9,57.5,13.3,5.8,0,0000
T,2014,09,12,14,05,29
B,55274,4796,33,689,33423,1364,41,690,981.7,302.1
G,650017,31546,38,689,384760,7334,34,690,981.7,302.1
R,265228,16430,1398,689,157432,7253,1457,690,981.7,302.1
D,NBXX,9999,4.065e-5,3.158e-5,2.134e-5,4.197e-6,3.878e-6,2.892e-6
Y,195999,981.7,302.1,297.9,57.3,13.4,5.8,0,0000
T,2014,09,12,14,06,29
B,54807,4755,33,690,33078,1336,47,689,981.7,302.1
G,651766,31328,34,690,382516,7227,31,689,981.7,302.1
R,265450,16104,1383,690,156072,7305,1302,689,981.7,302.1
D,NBXX,9999,4.053e-5,3.113e-5,2.090e-5,3.894e-6,3.730e-6,3.677e-6
Y,196243,981.7,302.1,297.9,57.5,13.4,5.8,0,0000
T,2014,09,12,14,07,29
B,55095,4712,33,689,33315,1374,24,690,981.7,302.1
G,651206,31374,40,689,384262,7256,26,690,981.7,302.1
R,265906,16022,1384,689,156480,7245,1378,690,981.7,302.1
D,NBXX,9999,3.992e-5,3.124e-5,2.034e-5,4.697e-6,3.750e-6,3.160e-6
Y,196359,981.7,302.1,297.9,57.5,13.3,5.8,0,0000
T,2014,09,12,14,08,29
B,55196,4836,42,690,33620,1324,32,689,981.7,302.1
G,651862,30962,33,690,385548,7334,40,689,981.7,302.1
R,265663,15984,1441,690,157481,7253,1436,689,981.7,302.1
D,NBXX,9999,4.134e-5,3.055e-5,1.985e-5,3.689e-6,3.877e-6,2.845e-6
Y,196272,981.7,302.1,297.9,57.5,13.4,5.8,0,0000
T,2014,09,12,14,09,29
B,55281,4658,50,689,33205,1349,44,690,981.7,302.1
G,651548,30594,30,689,384483,7297,33,690,981.7,302.1
R,265510,15738,1362,689,156985,7063,1357,690,981.7,302.1
D,NBXX,9999,3.827e-5,3.004e-5,1.969e-5,3.633e-6,3.812e-6,2.784e-6
Y,196462,981.7,302.1,297.9,57.3,13.4,5.8,0,0000
T,2014,09,12,14,10,29
B,55267,4678,39,689,33262,1321,26,689,981.6,302.1
G,649514,30898,29,689,381217,7397,24,689,981.6,302.1
R,265011,16100,1392,689,155052,7269,1383,689,981.6,302.1
D,NBXX,9999,3.907e-5,3.066e-5,2.065e-5,3.748e-6,4.032e-6,3.252e-6
Y,195847,981.6,302.1,297.9,57.3,13.3,5.8,0,0000
T,2014,09,12,14,11,29
B,55444,4689,28,690,34126,1293,30,689,981.6,302.1
G,653733,30349,23,690,387923,7324,17,689,981.6,302.1
R,266408,16026,1386,690,157946,7340,1411,689,981.6,302.1
D,NBXX,9999,3.913e-5,2.955e-5,2.014e-5,3.424e-6,3.888e-6,3.348e-6
Y,196837,981.6,302.1,297.9,57.3,13.4,5.8,0,0000
T,2014,09,12,14,12,29
B,51675,4217,38,633,31249,1226,33,634,981.6,302.1
G,609775,28410,25,633,356985,6772,8,634,981.6,302.1
R,247665,14945,1320,633,146281,6817,1258,634,981.6,302.1
D,NBXX,9999,3.641e-5,2.972e-5,2.039e-5,3.388e-6,3.766e-6,3.358e-6
Y,200147,981.6,302.1,297.9,57.2,13.4,5.8,0,0008
T,2014,09,12,14,13,29
B,53136,4355,56,671,31896,1325,35,671,981.6,302.1
G,621858,28860,31,671,364859,7004,28,671,981.6,302.1
R,254442,15107,1274,671,150018,6820,1333,671,981.6,302.1
D,NBXX,9999,3.639e-5,2.950e-5,1.976e-5,4.084e-6,3.893e-6,2.964e-6
Y,192525,981.6,302.1,297.9,57.3,13.4,5.8,0,0008
T,2014,09,12,14,14,29
B,55470,4584,32,689,33542,1298,28,690,981.6,302.1
G,651919,30111,32,689,384089,7195,19,690,981.6,302.1
R,264656,15678,1364,689,156576,7374,1380,690,981.6,302.1
D,NBXX,9999,3.753e-5,2.930e-5,1.955e-5,3.402e-6,3.672e-6,3.666e-6
Y,196575,981.6,302.1,297.9,57.3,13.4,5.8,0,0000
T,2014,09,12,14,15,29
B,54825,4593,35,690,32803,1311,31,689,981.6,302.1
G,653079,30053,28,690,383604,7094,24,689,981.6,302.1
R,265816,15712,1426,690,156376,7152,1425,689,981.6,302.1
D,NBXX,9999,3.834e-5,2.913e-5,1.911e-5,3.758e-6,3.530e-6,2.626e-6
Y,196639,981.6,302.1,297.9,57.2,13.4,5.8,0,0000
T,2014,09,12,14,16,29
B,55379,4574,25,689,33273,1316,51,690,981.5,302.1
G,651070,29788,40,689,382981,7250,20,690,981.5,302.1
R,265303,15576,1334,689,156368,7260,1485,690,981.5,302.1
D,NBXX,9999,3.722e-5,2.885e-5,1.889e-5,3.423e-6,3.754e-6,3.034e-6
Y,196318,981.5,302.1,297.9,57.3,13.3,5.8,0,0000
T,2014,09,12,14,17,29
B,55709,4635,36,690,33870,1299,49,689,981.5,302.1
G,652345,29967,34,690,381411,7208,20,689,981.5,302.1
R,265619,15593,1355,690,156852,7089,1373,689,981.5,302.1
D,NBXX,9999,3.757e-5,2.905e-5,1.920e-5,2.969e-6,3.711e-6,2.873e-6
Y,196418,981.5,302.1,297.9,57.2,13.4,5.8,0,0000
T,2014,09,12,14,18,29
B,55283,4519,37,689,33222,1301,41,690,981.5,302.1
G,652969,29451,21,689,385014,7286,17,690,981.5,302.1
R,265237,16030,1332,689,156523,7298,1348,690,981.5,302.1
D,NBXX,9999,3.649e-5,2.825e-5,2.074e-5,3.199e-6,3.815e-6,3.633e-6
Y,196893,981.5,302.1,298.0,57.5,13.4,5.8,0,0000
T,2014,09,12,14,19,29
B,54871,4557,31,689,33501,1314,27,689,981.5,302.1
G,649771,29203,28,689,385340,7123,29,689,981.5,302.1
R,265862,15506,1363,689,157228,7138,1348,689,981.5,302.1
D,NBXX,9999,3.788e-5,2.806e-5,1.897e-5,3.897e-6,3.604e-6,3.044e-6
Y,195925,981.5,302.1,298.0,57.3,13.4,5.8,0,0000
T,2014,09,12,14,20,29
B,55534,4392,60,690,33276,1329,54,689,981.5,302.2
G,651966,29108,26,690,379835,6963,25,689,981.5,302.2
R,265490,15523,1422,690,156084,7145,1411,689,981.5,302.2
D,NBXX,9999,3.376e-5,2.778e-5,1.865e-5,2.985e-6,3.351e-6,2.682e-6
Y,196303,981.5,302.2,298.0,57.2,13.3,5.8,0,0000
T,2014,09,12,14,21,29
B,55096,4536,33,689,33717,1435,51,690,981.5,302.2
G,649879,29145,22,689,384086,7280,32,690,981.5,302.2
R,265038,15391,1403,689,157309,7166,1354,690,981.5,302.2
D,NBXX,9999,3.689e-5,2.797e-5,1.859e-5,5.148e-6,3.830e-6,2.981e-6
Y,195957,981.5,302.2,298.0,57.2,13.4,5.8,0,0000
T,2014,09,12,14,22,29
B,55100,4576,32,690,33498,1309,28,689,981.5,302.2
G,653769,29702,27,690,382339,7179,24,689,981.5,302.2
R,265894,15571,1405,690,155946,7146,1420,689,981.5,302.2
D,NBXX,9999,3.788e-5,2.855e-5,1.876e-5,3.753e-6,3.649e-6,2.695e-6
Y,196848,981.5,302.2,298.0,57.5,13.4,5.8,0,0000
T,2014,09,12,14,23,29
B,55365,4586,29,689,33243,1347,36,690,981.5,302.2
G,651594,29135,30,689,381811,7135,34,690,981.5,302.2
R,265137,15574,1412,689,155256,7127,1431,690,981.5,302.2
D,NBXX,9999,3.763e-5,2.782e-5,1.883e-5,4.084e-6,3.564e-6,2.561e-6
Y,196476,981.5,302.2,298.0,57.3,13.3,5.8,0,0000
T,2014,09,12,14,24,29
B,55186,4322,34,690,33295,1337,31,689,981.4,302.2
G,652656,29073,31,690,382735,7046,38,689,981.4,302.2
R,265837,15388,1360,690,156094,7119,1442,689,981.4,302.2
D,NBXX,9999,3.397e-5,2.765e-5,1.830e-5,4.066e-6,3.434e-6,2.697e-6
Y,196512,981.4,302.2,298.0,57.0,13.4,5.8,0,0000
T,2014,09,12,14,25,29
B,55548,4572,44,689,33629,1337,23,690,981.4,302.2
G,650542,28820,23,689,382258,7107,35,690,981.4,302.2
R,264768,15410,1406,689,156254,7161,1406,690,981.4,302.2
D,NBXX,9999,3.720e-5,2.743e-5,1.850e-5,3.856e-6,3.550e-6,2.787e-6
Y,196158,981.4,302.2,298.0,57.2,13.4,5.8,0,0000
T,2014,09,12,14,26,29
B,55423,4528,39,690,33607,1368,42,689,981.5,302.2
G,651437,28629,21,690,383142,6921,13,689,981.5,302.2
R,264821,15250,1442,690,157032,7075,1400,689,981.5,302.2
D,NBXX,9999,3.643e-5,2.712e-5,1.789e-5,4.156e-6,3.326e-6,2.470e-6
Y,196143,981.5,302.2,298.0,57.0,13.3,5.8,0,0000
T,2014,09,12,14,27,29
B,55330,4569,24,689,33077,1405,40,690,981.4,302.2
G,651878,29077,25,689,380655,6991,36,690,981.4,302.2
R,265880,15403,1401,689,155502,7329,1374,690,981.4,302.2
D,NBXX,9999,3.746e-5,2.772e-5,1.845e-5,4.979e-6,3.347e-6,3.366e-6
Y,196562,981.4,302.2,298.0,57.2,13.4,5.8,0,0000
T,2014,09,12,14,28,29
B,55625,4452,41,690,33589,1317,35,689,981.4,302.2
G,652582,28512,22,690,384639,7210,39,689,981.4,302.2
R,265736,15357,1424,690,157059,7289,1388,689,981.4,302.2
D,NBXX,9999,3.520e-5,2.682e-5,1.819e-5,3.439e-6,3.698e-6,3.175e-6
Y,196489,981.4,302.2,298.0,56.9,13.4,5.8,0,0000
T,2014,09,12,14,29,29
B,55242,4506,52,689,33237,1431,47,689,981.4,302.2
G,651228,29221,35,689,381936,7053,26,689,981.4,302.2
R,265256,15570,1372,689,156708,7274,1423,689,981.4,302.2
D,NBXX,9999,3.605e-5,2.798e-5,1.896e-5,4.824e-6,3.467e-6,3.186e-6
Y,196366,981.4,302.2,298.0,57.2,13.4,5.8,0,0000
T,2014,09,12,14,30,29
B,55748,4387,38,689,33661,1342,37,690,981.4,302.2
G,650326,28619,33,689,383269,7029,26,690,981.4,302.2
R,265798,15208,1333,689,156942,7181,1408,690,981.4,302.2
D,NBXX,9999,3.412e-5,2.713e-5,1.800e-5,3.727e-6,3.433e-6,3.047e-6
Y,196093,981.4,302.2,298.0,57.2,13.4,5.8,0,0000
T,2014,09,12,14,31,29
B,54716,4547,24,690,33305,1277,34,689,981.4,302.2
G,652671,28811,23,690,382457,7163,23,689,981.4,302.2
R,265343,15268,1354,690,156984,7156,1459,689,981.4,302.2
D,NBXX,9999,3.798e-5,2.729e-5,1.797e-5,3.453e-6,3.652e-6,2.791e-6
Y,196516,981.4,302.2,298.0,57.0,13.4,5.8,0,0000
T,2014,09,12,14,32,29
B,55103,4431,34,689,33301,1287,33,690,981.4,302.2
G,652081,28497,29,689,382228,7056,19,690,981.4,302.2
R,265666,15176,1421,689,156696,7282,1391,690,981.4,302.2
D,NBXX,9999,3.564e-5,2.685e-5,1.767e-5,3.267e-6,3.465e-6,3.108e-6
Y,196624,981.4,302.2,298.0,57.2,13.4,5.8,0,0000
T,2014,09,12,14,33,29
B,55505,4458,36,690,33547,1341,43,689,981.4,302.2
G,651370,28403,26,690,382581,7164,39,689,981.4,302.2
R,265870,15076,1434,690,156076,7427,1410,689,981.4,302.2
D,NBXX,9999,3.537e-5,2.673e-5,1.722e-5,3.780e-6,3.641e-6,3.470e-6
Y,196123,981.4,302.2,298.0,57.0,13.4,5.8,0,0000
T,2014,09,12,14,34,29
B,50988,3990,47,633,31355,1153,37,634,981.4,302.2
G,599056,26156,28,633,357218,6565,16,634,981.4,302.2
R,244560,14122,1310,633,146288,6577,1282,634,981.4,302.2
D,NBXX,9999,3.349e-5,2.681e-5,1.815e-5,2.254e-6,3.600e-6,2.683e-6
Y,196615,981.4,302.2,298.0,57.0,13.4,5.8,0,0008
T,2014,09,12,14,35,29
B,35563,2667,22,445,21313,798,18,446,981.4,302.2
G,420860,18022,9,445,247410,4461,19,446,981.4,302.2
R,170884,9547,889,445,101222,4736,919,446,981.4,302.2
D,NBXX,9999,3.132e-5,2.599e-5,1.669e-5,2.593e-6,3.247e-6,3.340e-6
Y,196485,981.4,302.2,298.0,56.9,13.4,5.8,0,0008
T,2014,09,12,14,36,29
B,40685,3194,25,511,24304,992,24,511,981.4,302.2
G,477842,20623,21,511,278416,5162,23,511,981.4,302.2
R,194356,11106,1026,511,113764,5382,1014,511,981.4,302.2
D,NBXX,9999,3.410e-5,2.630e-5,1.776e-5,4.140e-6,3.442e-6,3.437e-6
Y,194266,981.4,302.2,298.0,57.5,13.3,5.8,0,0008
T,2014,09,12,14,37,29
B,39133,3054,25,481,23819,871,28,483,981.4,302.2
G,462680,19624,15,481,273526,4969,21,483,981.4,302.2
R,188293,10625,986,481,111859,5172,1018,483,981.4,302.2
D,NBXX,9999,3.359e-5,2.557e-5,1.708e-5,2.196e-6,3.351e-6,3.054e-6
Y,199856,981.4,302.2,298.0,57.8,13.4,5.8,0,0008
T,2014,09,12,14,38,29
B,30009,2322,7,386,18042,742,19,389,981.3,302.2
G,358392,14841,12,386,211430,3872,17,389,981.3,302.2
R,145803,8226,801,386,86592,3895,821,389,981.3,302.2
D,NBXX,9999,3.350e-5,2.458e-5,1.665e-5,4.587e-6,3.374e-6,1.959e-6
Y,192882,981.3,302.2,298.0,58.0,13.4,5.8,0,0008
T,2014,09,12,14,39,29
B,44656,3447,31,541,26915,1067,35,542,981.3,302.2
G,527636,21947,26,541,308340,5561,21,542,981.3,302.2
R,215541,11974,1095,541,126439,5826,1145,542,981.3,302.2
D,NBXX,9999,3.278e-5,2.475e-5,1.660e-5,3.449e-6,3.165e-6,2.976e-6
Y,202648,981.3,302.2,298.0,57.7,13.3,5.8,0,0008
T,2014,09,12,14,40,29
B,43716,3418,23,546,25929,986,27,547,981.3,302.2
G,514938,21820,21,546,297905,5532,13,547,981.3,302.2
R,209852,11626,1140,546,122462,5711,1076,547,981.3,302.2
D,NBXX,9999,3.390e-5,2.555e-5,1.633e-5,2.677e-6,3.393e-6,2.969e-6
Y,195934,981.3,302.2,298.0,57.5,13.4,5.8,0,0008
T,2014,09,12,14,41,29
B,47144,3763,23,591,28304,1144,36,593,981.3,302.2
G,556517,23545,14,591,324612,6118,14,593,981.3,302.2
R,226903,12590,1224,591,133046,6157,1225,593,981.3,302.2
D,NBXX,9999,3.513e-5,2.550e-5,1.619e-5,3.936e-6,3.641e-6,2.666e-6
Y,195630,981.3,302.2,298.0,57.5,13.4,5.8,0,0008
T,2014,09,12,14,42,29
B,55616,4326,41,690,33242,1294,41,689,981.3,302.2
G,651113,27694,37,690,383529,6972,21,689,981.3,302.2
R,266244,15051,1462,690,156810,7209,1427,689,981.3,302.2
D,NBXX,9999,3.326e-5,2.568e-5,1.695e-5,3.003e-6,3.366e-6,2.646e-6
Y,196045,981.3,302.2,298.1,57.2,13.4,5.8,0,0000
T,2014,09,12,14,43,29
B,55641,4394,34,689,33228,1269,54,690,981.3,302.3
G,652142,27378,30,689,383391,7022,25,690,981.3,302.3
R,264994,15022,1431,689,156782,7040,1400,690,981.3,302.3
D,NBXX,9999,3.413e-5,2.514e-5,1.724e-5,2.475e-6,3.400e-6,2.349e-6
Y,196642,981.3,302.3,298.1,57.0,13.4,5.8,0,0000
T,2014,09,12,14,44,29
B,55456,4142,33,690,33822,1284,51,689,981.3,302.3
G,652994,27435,40,690,384667,6802,25,689,981.3,302.3
R,265228,14806,1447,690,157715,7012,1384,689,981.3,302.3
D,NBXX,9999,3.071e-5,2.516e-5,1.655e-5,2.873e-6,3.066e-6,2.302e-6
Y,196614,981.3,302.3,298.1,57.0,13.4,5.8,0,0000
T,2014,09,12,14,45,29
B,54628,4277,29,689,33364,1269,42,690,981.3,302.3
G,650335,27668,40,689,383326,6911,29,690,981.3,302.3
R,266029,14885,1429,689,157462,7231,1414,690,981.3,302.3
D,NBXX,9999,3.384e-5,2.567e-5,1.665e-5,3.085e-6,3.237e-6,2.832e-6
Y,196095,981.3,302.3,298.1,57.0,13.4,5.8,0,0000
T,2014,09,12,14,46,29
B,55335,4299,25,690,33423,1275,43,689,981.3,302.3
G,652033,27820,19,690,383407,6891,14,689,981.3,302.3
R,265939,15152,1432,690,156713,7231,1413,689,981.3,302.3
D,NBXX,9999,3.341e-5,2.586e-5,1.744e-5,3.052e-6,3.273e-6,2.878e-6
Y,196323,981.3,302.3,298.1,56.9,13.4,5.8,0,0000
T,2014,09,12,14,47,29
B,55208,4306,41,689,33737,1310,60,690,981.3,302.3
G,651853,27650,30,689,384863,6883,38,690,981.3,302.3
R,266831,14892,1375,689,158458,7095,1390,690,981.3,302.3
D,NBXX,9999,3.311e-5,2.555e-5,1.683e-5,2.991e-6,3.172e-6,2.663e-6
Y,196555,981.3,302.3,298.1,56.7,13.4,5.8,0,0000
T,2014,09,12,14,48,29
B,54804,4334,45,689,33304,1293,45,689,981.2,302.3
G,651492,27630,25,689,383569,6873,21,689,981.2,302.3
R,265956,14921,1549,689,157451,7255,1402,689,981.2,302.3
D,NBXX,9999,3.416e-5,2.558e-5,1.639e-5,3.084e-6,3.216e-6,2.557e-6
Y,196446,981.2,302.3,298.1,56.7,13.4,5.8,0,0000
T,2014,09,12,14,49,29
B,55429,4341,50,690,33870,1229,33,689,981.2,302.3
G,652461,27587,28,690,386950,6786,36,689,981.2,302.3
R,265300,14968,1459,690,157466,7142,1434,689,981.2,302.3
D,NBXX,9999,3.367e-5,2.542e-5,1.681e-5,2.089e-6,3.052e-6,2.473e-6
Y,196453,981.2,302.3,298.1,56.7,13.4,5.8,0,0000
T,2014,09,12,14,50,29
B,55322,4273,39,689,33624,1284,28,690,981.2,302.3
G,650520,26968,34,689,382025,6983,40,690,981.2,302.3
R,264268,15109,1440,689,156015,7305,1382,690,981.2,302.3
D,NBXX,9999,3.306e-5,2.459e-5,1.763e-5,3.152e-6,3.334e-6,3.205e-6
Y,196151,981.2,302.3,298.1,56.5,13.4,5.8,0,0000
T,2014,09,12,14,51,29
B,55342,4204,53,690,33146,1321,46,689,981.2,302.3
G,654275,27448,35,690,381903,6907,32,689,981.2,302.3
R,265398,14900,1426,690,156643,7222,1490,689,981.2,302.3
D,NBXX,9999,3.149e-5,2.509e-5,1.651e-5,3.198e-6,3.202e-6,2.628e-6
Y,197001,981.2,302.3,298.1,56.5,13.4,5.8,0,0000
T,2014,09,12,14,52,29
B,55650,4313,41,689,33061,1251,54,690,981.2,302.3
G,652136,27398,28,689,384539,6928,21,690,981.2,302.3
R,265284,14839,1403,689,157097,7220,1438,690,981.2,302.3
D,NBXX,9999,3.282e-5,2.518e-5,1.662e-5,2.091e-6,3.269e-6,2.839e-6
Y,196640,981.2,302.3,298.1,56.5,13.4,5.8,0,0000
T,2014,09,12,14,53,29
B,54987,4169,43,690,33469,1357,58,689,981.2,302.3
G,653476,27548,35,690,383563,6887,28,689,981.2,302.3
R,265944,15114,1459,690,156508,7356,1438,689,981.2,302.3
D,NBXX,9999,3.132e-5,2.530e-5,1.715e-5,3.812e-6,3.191e-6,3.071e-6
Y,196759,981.2,302.3,298.1,56.4,13.4,5.8,0,0000
T,2014,09,12,14,54,29
B,55450,4394,43,689,33552,1272,42,690,981.2,302.3
G,652075,26897,24,689,381657,6899,41,690,981.2,302.3
R,264955,14608,1433,689,156569,7189,1412,690,981.2,302.3
D,NBXX,9999,3.440e-5,2.440e-5,1.596e-5,2.629e-6,3.198e-6,2.747e-6
Y,196622,981.2,302.3,298.1,56.2,13.4,5.8,0,0000
T,2014,09,12,14,55,29
B,55675,4399,43,690,33545,1352,38,689,981.2,302.3
G,652247,26732,45,690,384969,7071,30,689,981.2,302.3
R,266891,14745,1359,690,158039,7152,1403,689,981.2,302.3
D,NBXX,9999,3.428e-5,2.412e-5,1.639e-5,3.851e-6,3.468e-6,2.887e-6
Y,196388,981.2,302.3,298.1,56.0,13.4,5.8,0,0000
T,2014,09,12,14,56,29
B,55090,4356,29,689,33436,1290,41,690,981.1,302.3
G,652006,26905,26,689,383040,6871,26,690,981.1,302.3
R,266367,14831,1421,689,156977,7314,1448,690,981.1,302.3
D,NBXX,9999,3.450e-5,2.444e-5,1.636e-5,3.264e-6,3.179e-6,2.975e-6
Y,196601,981.1,302.3,298.1,56.0,13.4,5.8,0,0000
T,2014,09,12,14,57,29
B,55708,4179,52,690,33370,1256,36,689,981.1,302.3
G,653633,27133,26,690,384664,7022,13,689,981.1,302.3
R,265998,15028,1404,690,156745,7097,1479,689,981.1,302.3
D,NBXX,9999,3.091e-5,2.470e-5,1.693e-5,2.316e-6,3.435e-6,2.343e-6
Y,196807,981.1,302.3,298.1,56.4,13.3,5.8,0,0000
T,2014,09,12,14,58,29
B,52975,4171,39,658,32367,1182,22,658,981.1,302.3
G,622464,25831,21,658,367591,6428,31,658,981.1,302.3
R,252291,14432,1384,658,150727,6724,1305,658,981.1,302.3
D,NBXX,9999,3.434e-5,2.466e-5,1.766e-5,2.505e-6,2.981e-6,2.463e-6
Y,196536,981.1,302.3,298.1,56.4,13.4,5.8,0,0008
T,2014,09,12,14,59,29
B,55181,4265,55,689,33650,1247,63,690,981.1,302.3
G,653095,27476,31,689,383980,6923,38,690,981.1,302.3
R,265195,15139,1452,689,157586,7291,1407,690,981.1,302.3
D,NBXX,9999,3.225e-5,2.520e-5,1.746e-5,1.780e-6,3.211e-6,2.993e-6
Y,196931,981.1,302.3,298.1,56.2,13.4,5.8,0,0000
T,2014,09,12,15,00,29
B,55115,4272,46,690,33409,1311,29,689,981.1,302.3
G,653889,27238,25,690,381692,6793,20,689,981.1,302.3
R,265760,14710,1408,690,156122,7067,1439,689,981.1,302.3
D,NBXX,9999,3.315e-5,2.484e-5,1.614e-5,3.535e-6,3.074e-6,2.388e-6
Y,196884,981.1,302.3,298.1,56.2,13.4,5.8,0,0000
T,2014,09,12,15,01,29
B,54663,4183,30,689,33579,1337,34,690,981.0,302.3
G,650722,27175,19,689,383031,6828,35,690,981.0,302.3
R,266654,15092,1474,689,157117,7171,1401,690,981.0,302.3
D,NBXX,9999,3.252e-5,2.493e-5,1.708e-5,4.206e-6,3.131e-6,2.516e-6
Y,196212,981.0,302.3,298.1,56.0,13.4,5.8,0,0000
T,2014,09,12,15,02,29
B,54841,4236,30,690,33143,1268,33,689,981.0,302.3
G,652487,27462,36,690,385847,6941,20,689,981.0,302.3
R,265821,15320,1482,690,157604,7307,1456,689,981.0,302.3
D,NBXX,9999,3.312e-5,2.524e-5,1.764e-5,3.192e-6,3.301e-6,2.787e-6
Y,196460,981.0,302.3,298.1,56.2,13.4,5.8,0,0000
T,2014,09,12,15,03,29
B,55773,4325,56,689,33310,1279,46,690,981.0,302.3
G,652699,27521,24,689,383569,6915,12,690,981.0,302.3
R,265869,14951,1428,689,157140,7237,1456,690,981.0,302.3
D,NBXX,9999,3.274e-5,2.535e-5,1.673e-5,2.344e-6,3.263e-6,2.715e-6
Y,196811,981.0,302.3,298.1,56.0,13.4,5.8,0,0000
T,2014,09,12,15,04,29
B,55047,4304,33,690,33458,1272,44,689,981.0,302.3
G,652789,27386,35,690,382667,6965,35,689,981.0,302.3
R,264468,15008,1389,690,156818,7139,1458,689,981.0,302.3
D,NBXX,9999,3.366e-5,2.509e-5,1.720e-5,2.945e-6,3.308e-6,2.660e-6
Y,196552,981.0,302.3,298.1,55.9,13.4,5.8,0,0000
T,2014,09,12,15,05,29
B,54767,4229,38,689,33509,1314,39,690,981.0,302.3
G,651630,27512,34,689,381822,6852,42,690,981.0,302.3
R,265688,14923,1450,689,157296,7184,1394,690,981.0,302.3
D,NBXX,9999,3.287e-5,2.534e-5,1.681e-5,3.605e-6,3.114e-6,2.704e-6
Y,196487,981.0,302.3,298.1,55.9,13.4,5.8,0,0000
T,2014,09,12,15,06,29
B,54878,4220,32,690,33346,1266,42,689,981.0,302.3
G,651239,27202,21,690,384354,6983,36,689,981.0,302.3
R,266193,15003,1421,690,157470,7107,1447,689,981.0,302.3
D,NBXX,9999,3.266e-5,2.493e-5,1.688e-5,2.961e-6,3.383e-6,2.417e-6
Y,196083,981.0,302.3,298.1,55.9,13.4,5.8,0,0000
T,2014,09,12,15,07,29
B,55495,4244,43,689,33752,1306,37,690,981.0,302.3
G,650904,26872,31,689,382730,6825,19,690,981.0,302.3
R,265669,15224,1371,689,156945,7244,1420,690,981.0,302.3
D,NBXX,9999,3.223e-5,2.446e-5,1.789e-5,3.198e-6,3.131e-6,3.067e-6
Y,196268,981.0,302.3,298.1,55.7,13.4,5.8,0,0000
T,2014,09,12,15,08,29
B,55311,4389,28,689,33558,1286,25,689,981.0,302.3
G,650990,27340,25,689,384750,6886,20,689,981.0,302.3
R,265163,15110,1341,689,156662,7169,1476,689,981.0,302.3
D,NBXX,9999,3.502e-5,2.517e-5,1.752e-5,3.451e-6,3.246e-6,2.800e-6
Y,196294,981.0,302.3,298.1,55.7,13.3,5.8,0,0000
T,2014,09,12,15,09,29
B,55266,4290,31,690,33103,1252,40,689,981.0,302.3
G,653610,27615,31,690,383113,7002,23,689,981.0,302.3
R,265261,15161,1420,690,156721,7272,1494,689,981.0,302.3
D,NBXX,9999,3.331e-5,2.541e-5,1.732e-5,2.683e-6,3.379e-6,2.791e-6
Y,196800,981.0,302.3,298.1,55.7,13.4,5.8,0,0000
T,2014,09,12,15,10,29
B,54967,4271,50,689,33674,1257,54,690,981.0,302.3
G,651748,27200,38,689,386046,6864,31,690,981.0,302.3
R,264336,14979,1467,689,158580,7208,1445,690,981.0,302.3
D,NBXX,9999,3.281e-5,2.487e-5,1.692e-5,2.232e-6,3.143e-6,2.598e-6
Y,196523,981.0,302.3,298.1,55.6,13.4,5.8,0,0000
T,2014,09,12,15,11,29
B,55027,4273,43,690,33351,1301,41,689,981.0,302.3
G,651797,27493,35,690,385991,6992,27,689,981.0,302.3
R,265631,15165,1450,690,158047,7205,1453,689,981.0,302.3
D,NBXX,9999,3.311e-5,2.532e-5,1.732e-5,3.261e-6,3.379e-6,2.612e-6
Y,196252,981.0,302.3,298.1,55.9,13.3,5.8,0,0000
T,2014,09,12,15,12,29
B,55143,4262,30,689,33036,1281,32,690,981.0,302.3
G,651850,27562,28,689,382902,6906,17,690,981.0,302.3
R,266232,14847,1437,689,156774,7205,1435,690,981.0,302.3
D,NBXX,9999,3.319e-5,2.546e-5,1.641e-5,3.251e-6,3.247e-6,2.646e-6
Y,196554,981.0,302.3,298.1,55.6,13.4,5.8,0,0000
T,2014,09,12,15,13,29
B,55636,4390,44,690,33691,1268,40,689,981.0,302.3
G,654204,27221,35,690,383154,6799,43,689,981.0,302.3
R,266319,14825,1446,690,156910,7261,1537,689,981.0,302.3
D,NBXX,9999,3.414e-5,2.473e-5,1.594e-5,2.582e-6,3.020e-6,2.473e-6
Y,196979,981.0,302.3,298.1,55.4,13.4,5.8,0,0000
T,2014,09,12,15,14,29
B,55313,4305,43,689,33158,1272,38,690,980.9,302.3
G,651227,27465,20,689,382222,6965,49,690,980.9,302.3
R,266460,15156,1484,689,156740,7200,1378,690,980.9,302.3
D,NBXX,9999,3.331e-5,2.531e-5,1.734e-5,2.740e-6,3.304e-6,2.656e-6
Y,196365,980.9,302.3,298.1,55.6,13.3,5.8,0,0000
T,2014,09,12,15,15,29
B,55506,4307,32,690,33231,1217,43,689,980.9,302.3
G,652704,27350,25,690,382798,6955,35,689,980.9,302.3
R,266189,15163,1418,690,156690,7209,1488,689,980.9,302.3
D,NBXX,9999,3.322e-5,2.505e-5,1.723e-5,2.026e-6,3.312e-6,2.590e-6
Y,196526,980.9,302.3,298.1,55.6,13.4,5.8,0,0000
T,2014,09,12,15,16,29
B,55570,4251,32,689,34043,1273,30,690,980.9,302.3
G,651660,27654,28,689,388096,6948,19,690,980.9,302.3
R,265775,14986,1437,689,159528,7413,1427,690,980.9,302.3
D,NBXX,9999,3.255e-5,2.560e-5,1.691e-5,2.997e-6,3.310e-6,3.313e-6
Y,196496,980.9,302.3,298.1,55.4,13.4,5.8,0,0000
T,2014,09,12,15,17,29
B,55314,4261,49,689,33317,1292,39,689,980.9,302.3
G,651546,28100,27,689,381623,6927,32,689,980.9,302.3
R,265129,15236,1519,689,156753,7300,1443,689,980.9,302.3
D,NBXX,9999,3.254e-5,2.627e-5,1.740e-5,2.941e-6,3.274e-6,2.689e-6
Y,196462,980.9,302.3,298.0,55.7,13.4,5.8,0,0000
T,2014,09,12,15,18,29
B,55201,4399,48,690,33175,1267,35,689,980.9,302.3
G,654104,27723,28,690,382560,6794,38,689,980.9,302.3
R,265694,15153,1401,690,156845,7337,1464,689,980.9,302.3
D,NBXX,9999,3.479e-5,2.552e-5,1.741e-5,2.720e-6,3.035e-6,3.136e-6
Y,196949,980.9,302.3,298.0,55.7,13.4,5.8,0,0000
T,2014,09,12,15,19,29
B,55287,4214,43,689,33240,1312,47,690,980.9,302.3
G,653066,27948,14,689,382365,6932,32,690,980.9,302.3
R,265575,15168,1496,689,157163,7336,1474,690,980.9,302.3
D,NBXX,9999,3.185e-5,2.596e-5,1.712e-5,3.183e-6,3.265e-6,2.725e-6
Y,196922,980.9,302.3,298.0,55.6,13.4,5.8,0,0000
T,2014,09,12,15,20,29
B,54790,4318,40,690,33091,1279,33,689,980.8,302.3
G,652655,27564,24,690,380716,6834,18,689,980.8,302.3
R,266348,15210,1514,690,156355,7259,1424,689,980.8,302.3
D,NBXX,9999,3.423e-5,2.541e-5,1.724e-5,3.200e-6,3.161e-6,2.621e-6
Y,196511,980.8,302.3,298.0,55.6,13.4,5.8,0,0000
T,2014,09,12,15,21,29
B,55148,4216,53,689,33562,1296,42,690,980.8,302.3
G,650098,28065,17,689,384656,6735,20,690,980.8,302.3
R,265252,15171,1474,689,157024,7264,1415,690,980.8,302.3
D,NBXX,9999,3.195e-5,2.635e-5,1.745e-5,2.906e-6,3.030e-6,2.806e-6
Y,196024,980.8,302.3,298.0,55.6,13.3,5.8,0,0000
T,2014,09,12,15,22,29
B,55824,4354,35,690,33276,1286,48,689,980.8,302.2
G,653579,27759,40,690,381740,6935,34,689,980.8,302.2
R,265921,15159,1443,690,157398,7105,1443,689,980.8,302.2
D,NBXX,9999,3.342e-5,2.559e-5,1.732e-5,2.804e-6,3.243e-6,2.360e-6
Y,196791,980.8,302.2,298.0,55.4,13.4,5.8,0,0000
T,2014,09,12,15,23,29
B,55116,4425,33,689,33155,1285,29,690,980.8,302.2
G,650926,28140,19,689,385254,6927,45,690,980.8,302.2
R,266016,14852,1430,689,157482,7422,1524,690,980.8,302.2
D,NBXX,9999,3.562e-5,2.636e-5,1.617e-5,3.319e-6,3.260e-6,3.018e-6
Y,196274,980.8,302.2,298.0,55.4,13.4,5.8,0,0000
T,2014,09,12,15,24,29
B,55694,4212,45,690,33159,1290,27,689,980.8,302.3
G,651515,28079,31,690,382467,6837,38,689,980.8,302.3
R,266503,15257,1472,690,156438,7298,1420,689,980.8,302.3
D,NBXX,9999,3.168e-5,2.622e-5,1.751e-5,3.090e-6,3.136e-6,2.890e-6
Y,196167,980.8,302.3,298.0,55.2,13.3,5.8,0,0000
T,2014,09,12,15,25,29
B,55412,4369,48,689,33131,1323,44,690,980.8,302.2
G,650430,27795,39,689,380367,6969,25,690,980.8,302.2
R,265726,15110,1433,689,156080,7306,1506,690,980.8,302.2
D,NBXX,9999,3.396e-5,2.587e-5,1.703e-5,3.270e-6,3.332e-6,2.737e-6
Y,196124,980.8,302.2,298.0,55.2,13.4,5.8,0,0000
T,2014,09,12,15,26,29
B,55478,4277,35,690,33326,1279,33,689,980.7,302.2
G,652876,28441,39,690,384035,6998,26,689,980.7,302.2
R,265325,15613,1478,690,157073,7310,1500,689,980.7,302.2
D,NBXX,9999,3.293e-5,2.671e-5,1.844e-5,3.065e-6,3.378e-6,2.679e-6
Y,196578,980.7,302.2,298.0,55.6,13.4,5.8,0,0000
T,2014,09,12,15,27,29
B,55648,4435,40,689,33380,1343,34,689,980.7,302.2
G,648831,28350,40,689,381517,6836,29,689,980.7,302.2
R,264360,15348,1415,689,155446,7465,1485,689,980.7,302.2
D,NBXX,9999,3.496e-5,2.683e-5,1.806e-5,3.819e-6,3.175e-6,3.434e-6
Y,195640,980.7,302.2,298.0,55.2,13.4,5.8,0,0000
T,2014,09,12,15,28,29
B,56254,4401,29,689,33146,1324,44,690,980.7,302.2
G,650576,28619,28,689,385563,7042,27,690,980.7,302.2
R,266265,15419,1465,689,158137,7221,1397,690,980.7,302.2
D,NBXX,9999,3.379e-5,2.715e-5,1.815e-5,3.336e-6,3.469e-6,2.727e-6
Y,196168,980.7,302.2,298.0,55.4,13.4,5.8,0,0000
T,2014,09,12,15,29,29
B,55219,4306,46,690,33569,1254,50,689,980.7,302.2
G,650995,28788,35,690,382530,7027,34,689,980.7,302.2
R,266214,15437,1411,690,157603,7284,1464,689,980.7,302.2
D,NBXX,9999,3.318e-5,2.736e-5,1.815e-5,2.300e-6,3.446e-6,2.920e-6
Y,196009,980.7,302.2,297.9,55.2,13.4,5.8,0,0000
T,2014,09,12,15,30,29
B,54883,4553,31,689,33525,1314,40,690,980.7,302.2
G,650085,28595,25,689,382004,7103,23,690,980.7,302.2
R,265051,15607,1435,689,156927,7343,1449,690,980.7,302.2
D,NBXX,9999,3.764e-5,2.716e-5,1.880e-5,3.670e-6,3.582e-6,3.068e-6
Y,196020,980.7,302.2,297.9,55.1,13.4,5.8,0,0000
T,2014,09,12,15,31,29
B,55792,4497,30,690,33447,1298,50,689,980.7,302.2
G,651195,28547,37,690,383042,7027,25,689,980.7,302.2
R,265034,15541,1470,690,155840,7297,1375,689,980.7,302.2
D,NBXX,9999,3.559e-5,2.699e-5,1.872e-5,3.040e-6,3.455e-6,3.116e-6
Y,196070,980.7,302.2,297.9,55.2,13.3,5.8,0,0000
T,2014,09,12,15,32,29
B,55061,4458,59,689,33896,1320,27,690,980.7,302.2
G,650322,28688,26,689,384851,7043,18,690,980.7,302.2
R,265250,15436,1402,689,157999,7331,1477,690,980.7,302.2
D,NBXX,9999,3.577e-5,2.729e-5,1.828e-5,3.442e-6,3.494e-6,3.040e-6
Y,196091,980.7,302.2,297.9,55.1,13.4,5.8,0,0000
T,2014,09,12,15,33,29
B,55441,4472,39,690,33567,1295,37,689,980.6,302.2
G,651659,28914,25,690,382584,6961,35,689,980.6,302.2
R,264082,15408,1488,690,156747,7416,1504,689,980.6,302.2
D,NBXX,9999,3.570e-5,2.752e-5,1.795e-5,3.176e-6,3.351e-6,3.004e-6
Y,196210,980.6,302.2,297.9,55.2,13.4,5.8,0,0000
T,2014,09,12,15,34,29
B,55744,4363,37,689,33691,1290,37,690,980.7,302.2
G,649807,28807,27,689,388966,6952,31,690,980.7,302.2
R,265139,15549,1392,689,160141,7180,1450,690,980.7,302.2
D,NBXX,9999,3.379e-5,2.748e-5,1.876e-5,2.987e-6,3.340e-6,2.723e-6
Y,195935,980.7,302.2,297.9,55.1,13.4,5.8,0,0000
T,2014,09,12,15,35,29
B,55715,4326,33,690,33259,1315,29,689,980.7,302.2
G,652067,29194,35,690,379602,6807,23,689,980.7,302.2
R,265858,15651,1475,690,155008,7200,1444,689,980.7,302.2
D,NBXX,9999,3.349e-5,2.792e-5,1.868e-5,3.618e-6,3.114e-6,2.532e-6
Y,196334,980.7,302.2,297.9,55.2,13.4,5.8,0,0000
T,2014,09,12,15,36,29
B,54973,4481,42,689,33567,1350,37,689,980.7,302.2
G,652280,28894,32,689,382800,7214,35,689,980.7,302.2
R,264295,15435,1453,689,156366,7343,1441,689,980.7,302.2
D,NBXX,9999,3.633e-5,2.743e-5,1.835e-5,4.063e-6,3.696e-6,3.092e-6
Y,196684,980.7,302.2,297.9,55.1,13.4,5.8,0,0000
T,2014,09,12,15,37,29
B,55726,4585,33,689,33289,1302,40,690,980.6,302.2
G,649697,29606,35,689,381095,6983,27,690,980.6,302.2
R,263902,15675,1427,689,155536,7356,1429,690,980.6,302.2
D,NBXX,9999,3.708e-5,2.870e-5,1.926e-5,3.185e-6,3.382e-6,3.257e-6
Y,195902,980.6,302.2,297.9,55.2,13.3,5.8,0,0000
T,2014,09,12,15,38,29
B,55475,4505,42,690,33247,1311,42,689,980.6,302.2
G,652228,28975,21,690,382289,6880,40,689,980.6,302.2
R,265129,15608,1466,690,156751,7238,1450,689,980.6,302.2
D,NBXX,9999,3.601e-5,2.757e-5,1.867e-5,3.264e-6,3.217e-6,2.688e-6
Y,196382,980.6,302.2,297.9,55.1,13.4,5.8,0,0000
T,2014,09,12,15,39,29
B,55338,4496,49,689,33728,1341,46,690,980.6,302.2
G,649971,30044,30,689,383583,7108,38,690,980.6,302.2
R,265212,15579,1429,689,157655,7468,1416,690,980.6,302.2
D,NBXX,9999,3.586e-5,2.933e-5,1.883e-5,3.507e-6,3.556e-6,3.569e-6
Y,195985,980.6,302.2,297.9,55.1,13.4,5.8,0,0000
T,2014,09,12,15,40,29
B,55649,4591,37,690,33270,1400,42,689,980.6,302.1
G,651929,29409,40,690,383635,7158,23,689,980.6,302.1
R,266302,15897,1450,690,157244,7372,1453,689,980.6,302.1
D,NBXX,9999,3.712e-5,2.824e-5,1.941e-5,4.583e-6,3.640e-6,3.082e-6
Y,196292,980.6,302.1,297.9,55.2,13.3,5.8,0,0000
T,2014,09,12,15,41,29
B,55323,4545,37,689,33757,1357,60,690,980.6,302.1
G,649840,29716,32,689,384681,7112,23,690,980.6,302.1
R,265949,16122,1440,689,157473,7396,1443,690,980.6,302.1
D,NBXX,9999,3.654e-5,2.887e-5,2.021e-5,3.699e-6,3.587e-6,3.189e-6
Y,195945,980.6,302.1,297.9,55.4,13.4,5.8,0,0000
T,2014,09,12,15,42,29
B,55353,4666,39,690,34080,1353,40,689,980.6,302.1
G,650009,29492,27,690,384529,7043,30,689,980.6,302.1
R,266012,15456,1464,690,157940,7298,1363,689,980.6,302.1
D,NBXX,9999,3.858e-5,2.851e-5,1.840e-5,3.993e-6,3.507e-6,3.137e-6
Y,195711,980.6,302.1,297.8,55.2,13.4,5.8,0,0000
T,2014,09,12,15,43,29
B,54926,4552,51,689,32963,1369,31,690,980.6,302.1
G,651781,29663,14,689,381613,7054,20,690,980.6,302.1
R,265934,15642,1417,689,155983,7352,1481,690,980.6,302.1
D,NBXX,9999,3.736e-5,2.869e-5,1.873e-5,4.267e-6,3.505e-6,3.007e-6
Y,196533,980.6,302.1,297.8,55.2,13.3,5.8,0,0000
T,2014,09,12,15,44,29
B,54979,4544,52,690,33734,1335,30,689,980.6,302.1
G,651087,29616,32,690,385856,7088,28,689,980.6,302.1
R,265484,15656,1410,690,157971,7264,1438,689,980.6,302.1
D,NBXX,9999,3.718e-5,2.862e-5,1.899e-5,3.801e-6,3.553e-6,2.986e-6
Y,196037,980.6,302.1,297.8,55.2,13.4,5.8,0,0000
T,2014,09,12,15,45,29
B,54831,4548,41,689,33458,1349,25,690,980.6,302.1
G,649884,29440,35,689,383111,7125,35,690,980.6,302.1
R,264490,15626,1463,689,156844,7363,1495,690,980.6,302.1
D,NBXX,9999,3.769e-5,2.842e-5,1.868e-5,4.278e-6,3.580e-6,2.895e-6
Y,195959,980.6,302.1,297.8,55.1,13.4,5.8,0,0000
T,2014,09,12,15,46,29
B,55431,4653,37,689,33028,1307,41,689,980.6,302.1
G,650865,29081,21,689,382721,7255,26,689,980.6,302.1
R,264866,15558,1388,689,156649,7345,1454,689,980.6,302.1
D,NBXX,9999,3.831e-5,2.785e-5,1.882e-5,3.281e-6,3.817e-6,3.253e-6
Y,196256,980.6,302.1,297.8,55.2,13.4,5.8,0,0000
T,2014,09,12,15,47,29
B,55498,4535,40,690,33317,1311,48,689,980.6,302.1
G,651842,29932,19,690,385720,7120,23,689,980.6,302.1
R,266097,15793,1542,690,157201,7382,1450,689,980.6,302.1
D,NBXX,9999,3.633e-5,2.908e-5,1.882e-5,3.174e-6,3.621e-6,2.812e-6
Y,196266,980.6,302.1,297.8,55.2,13.4,5.8,0,0000
T,2014,09,12,15,48,29
B,55616,4566,39,689,33532,1287,30,690,980.6,302.1
G,651054,29663,31,689,380828,7066,29,690,980.6,302.1
R,266000,15919,1473,689,156206,7222,1578,690,980.6,302.1
D,NBXX,9999,3.697e-5,2.869e-5,1.902e-5,3.055e-6,3.489e-6,2.087e-6
Y,196313,980.6,302.1,297.8,55.2,13.4,5.8,0,0000
T,2014,09,12,15,49,29
B,55072,4578,39,690,33481,1325,45,689,980.7,302.1
G,651545,29730,23,690,383148,7143,28,689,980.7,302.1
R,264825,15552,1430,690,156801,7331,1395,689,980.7,302.1
D,NBXX,9999,3.754e-5,2.878e-5,1.885e-5,3.588e-6,3.645e-6,3.297e-6
Y,196176,980.7,302.1,297.8,55.2,13.4,5.8,0,0000
T,2014,09,12,15,50,29
B,55337,4549,40,689,32920,1280,30,690,980.7,302.1
G,650684,29670,28,689,381682,7087,36,690,980.7,302.1
R,266111,15599,1432,689,156008,7478,1423,690,980.7,302.1
D,NBXX,9999,3.703e-5,2.872e-5,1.873e-5,3.024e-6,3.520e-6,3.523e-6
Y,196201,980.7,302.1,297.8,55.2,13.3,5.8,0,0000
T,2014,09,12,15,51,29
B,54653,4557,25,690,32918,1322,46,689,980.7,302.1
G,650991,28968,33,690,384223,7093,22,689,980.7,302.1
R,266428,15636,1404,690,157365,7314,1476,689,980.7,302.1
D,NBXX,9999,3.795e-5,2.765e-5,1.869e-5,3.907e-6,3.571e-6,2.983e-6
Y,196008,980.7,302.1,297.8,55.1,13.4,5.8,0,0000
T,2014,09,12,15,52,29
B,55604,4532,43,689,34019,1301,29,690,980.7,302.1
G,650230,29669,23,689,385561,7172,36,690,980.7,302.1
R,264806,15631,1421,689,158958,7391,1467,690,980.7,302.1
D,NBXX,9999,3.643e-5,2.876e-5,1.889e-5,3.212e-6,3.665e-6,3.209e-6
Y,196064,980.7,302.1,297.8,55.2,13.4,5.8,0,0000
T,2014,09,12,15,53,29
B,55549,4506,43,690,33678,1350,36,689,980.6,302.1
G,651420,29243,34,690,383935,7068,34,689,980.6,302.1
R,265728,15753,1402,690,155473,7428,1437,689,980.6,302.1
D,NBXX,9999,3.600e-5,2.802e-5,1.928e-5,3.884e-6,3.503e-6,3.497e-6
Y,196138,980.6,302.1,297.8,55.2,13.3,5.8,0,0000
T,2014,09,12,15,54,29
B,55236,4517,33,689,33466,1350,43,690,980.7,302.1
G,650667,29995,19,689,382028,7094,24,690,980.7,302.1
R,264297,15526,1492,689,156372,7389,1445,690,980.7,302.1
D,NBXX,9999,3.658e-5,2.925e-5,1.848e-5,3.984e-6,3.568e-6,3.055e-6
Y,196196,980.7,302.1,297.8,55.2,13.4,5.8,0,0000
