T,2014,08,20,10,44,40
B,271295,193741,173,3447,164210,49190,151,3448,979.6,300.0
G,3262982,2209125,111,3447,1917114,555034,138,3448,979.6,300.0
R,1327258,1246356,5788,3447,782413,335205,5736,3448,979.6,300.0
D,NBXX,9999,5.514e-4,6.524e-4,7.188e-4,1.317e-4,1.606e-4,1.833e-4
Y,196665,979.6,300.0,295.9,65.5,13.1,5.7,0,0000
Z,2.895e-5,1.633e-5,1.790e-5,1.471e-5,7.181e-6,8.841e-6,2.466e-5,1.084e-5,4.070e-6
T,2014,08,20,10,49,40
B,271500,35853,185,3447,164601,7725,185,3447,979.4,300.4
G,3259558,246760,145,3447,1918898,46771,152,3447,979.4,300.4
R,1326752,107618,5911,3447,782089,38156,5931,3447,979.4,300.4
D,NBXX,9999,7.744e-5,5.837e-5,3.820e-5,7.249e-6,6.916e-6,5.730e-6
Y,196458,979.4,300.4,296.3,69.0,13.1,5.7,0,0000
T,2014,08,20,10,54,40
B,271218,35497,160,3448,164997,7863,168,3447,979.3,300.7
G,3261209,244473,126,3448,1921467,46457,153,3447,979.3,300.7
R,1325535,107293,5765,3448,784103,38173,5963,3447,979.3,300.7
D,NBXX,9999,7.665e-5,5.767e-5,3.814e-5,7.853e-6,6.838e-6,5.838e-6
Y,196501,979.3,300.7,296.6,71.3,13.0,5.7,0,0000
T,2014,08,20,10,59,40
B,270498,34264,162,3447,164522,7664,189,3447,979.3,300.8
G,3254766,235327,118,3447,1912372,45399,114,3447,979.3,300.8
R,1325139,103728,5842,3447,783367,37706,5929,3447,979.3,300.8
D,NBXX,9999,7.314e-5,5.506e-5,3.599e-5,7.227e-6,6.557e-6,5.527e-6
Y,196168,979.3,300.8,296.8,71.3,13.1,5.7,0,0000
T,2014,08,20,11,09,40
B,270656,33914,198,3447,164499,7711,214,3447,979.3,301.2
G,3248581,229433,131,3447,1916767,45179,131,3447,979.3,301.2
R,1324694,101711,5928,3447,780925,38083,6021,3447,979.3,301.2
D,NBXX,9999,7.188e-5,5.339e-5,3.471e-5,7.171e-6,6.506e-6,5.648e-6
Y,195794,979.3,301.2,297.1,72.6,13.1,5.7,0,0000
T,2014,08,20,11,14,40
B,270174,34375,208,3448,164303,7879,174,3447,979.3,301.3
G,3244324,235785,139,3448,1911065,45835,114,3447,979.3,301.3
R,1323326,104166,5978,3448,781725,37923,5921,3447,979.3,301.3
D,NBXX,9999,7.355e-5,5.545e-5,3.627e-5,7.827e-6,6.744e-6,5.607e-6
Y,195479,979.3,301.3,297.2,73.4,13.1,5.7,0,0000
T,2014,08,20,11,19,40
B,270513,33429,176,3447,163860,7747,171,3447,979.3,301.4
G,3247724,229596,126,3447,1910858,45464,141,3447,979.3,301.4
R,1323167,101630,5937,3447,782867,37428,5817,3447,979.3,301.4
D,NBXX,9999,7.069e-5,5.349e-5,3.485e-5,7.517e-6,6.607e-6,5.408e-6
Y,195742,979.3,301.4,297.3,73.1,13.1,5.7,0,0000
T,2014,08,20,11,24,40
B,271657,33628,186,3447,163697,7557,148,3448,979.3,301.5
G,3250882,228460,159,3447,1909817,45448,126,3448,979.3,301.5
R,1323236,102230,6081,3447,778984,37907,6029,3448,979.3,301.5
D,NBXX,9999,7.092e-5,5.307e-5,3.497e-5,6.893e-6,6.579e-6,5.441e-6
Y,195933,979.3,301.5,297.4,72.9,13.1,5.7,0,0000
T,2014,08,20,11,29,40
B,270847,33938,174,3447,164411,7755,182,3447,979.3,301.5
G,3249839,230909,154,3447,1912638,45886,118,3447,979.3,301.5
R,1325629,102772,6142,3447,783712,37904,6188,3447,979.3,301.5
D,NBXX,9999,7.207e-5,5.384e-5,3.504e-5,7.482e-6,6.725e-6,5.266e-6
Y,195870,979.3,301.5,297.5,73.1,13.1,5.7,0,0000
T,2014,08,20,11,39,40
B,271547,34769,172,3447,164282,7651,184,3447,979.2,301.7
G,3247500,237375,134,3447,1915094,46361,99,3447,979.2,301.7
R,1324735,105439,6021,3447,783267,38768,6234,3447,979.2,301.7
D,NBXX,9999,7.433e-5,5.587e-5,3.673e-5,7.127e-6,6.893e-6,5.845e-6
Y,195728,979.2,301.7,297.6,73.4,13.1,5.7,0,0000
T,2014,08,20,11,44,40
B,270973,36124,185,3447,163975,8021,182,3448,979.3,301.7
G,3251696,247534,113,3447,1915162,47211,115,3448,979.3,301.7
R,1324702,109867,6111,3447,784316,39050,6047,3448,979.3,301.7
D,NBXX,9999,7.858e-5,5.886e-5,3.945e-5,8.240e-6,7.131e-6,6.076e-6
Y,195982,979.3,301.7,297.7,73.7,13.1,5.7,0,0000
T,2014,08,20,11,49,40
B,270775,36550,175,3447,165081,8002,156,3447,979.3,301.8
G,3245947,249951,143,3447,1909831,48334,112,3447,979.3,301.8
R,1323296,109953,6080,3447,781614,39585,6106,3447,979.3,301.8
D,NBXX,9999,8.006e-5,5.972e-5,3.954e-5,8.332e-6,7.492e-6,6.398e-6
Y,195634,979.3,301.8,297.8,73.2,13.1,5.7,0,0000
T,2014,08,20,11,54,40
B,269374,36492,188,3425,162716,7858,180,3424,979.2,301.9
G,3226611,251128,141,3425,1899556,47583,105,3424,979.2,301.9
R,1317592,110038,6186,3425,780015,39309,6299,3424,979.2,301.9
D,NBXX,9999,8.035e-5,6.054e-5,3.963e-5,7.907e-6,7.357e-6,6.095e-6
Y,195719,979.2,301.9,297.8,73.7,13.1,5.7,0,0008
T,2014,08,20,12,04,40
B,271368,38554,194,3447,164436,8174,195,3448,979.3,302.0
G,3245614,264918,143,3447,1911615,50089,121,3448,979.3,302.0
R,1324581,116194,6498,3447,784324,40530,6325,3448,979.3,302.0
D,NBXX,9999,8.564e-5,6.431e-5,4.279e-5,8.589e-6,8.033e-6,6.501e-6
Y,195614,979.3,302.0,297.9,73.4,13.1,5.7,0,0000
T,2014,08,20,12,09,40
B,270530,38054,213,3447,164492,8250,194,3447,979.2,302.0
G,3241844,264396,148,3447,1909657,49713,122,3447,979.2,302.0
R,1325002,115699,6526,3447,781502,41020,6371,3447,979.2,302.0
D,NBXX,9999,8.446e-5,6.424e-5,4.242e-5,8.848e-6,7.938e-6,6.744e-6
Y,195386,979.2,302.0,298.0,71.9,13.1,5.7,0,0000
T,2014,08,20,12,29,40
B,271570,38043,208,3447,164272,8115,200,3448,979.3,302.2
G,3242176,267256,157,3447,1909791,49899,108,3448,979.3,302.2
R,1325534,118890,6767,3447,783052,41512,6339,3448,979.3,302.2
D,NBXX,9999,8.399e-5,6.510e-5,4.416e-5,8.343e-6,7.991e-6,6.881e-6
Y,195406,979.3,302.2,298.2,71.5,13.1,5.7,0,0000
T,2014,08,20,12,34,40
B,271691,38737,207,3447,164233,8049,210,3447,979.3,302.3
G,3242189,270550,145,3447,1910682,49720,118,3447,979.3,302.3
R,1325511,119860,6620,3447,785267,41543,6733,3447,979.3,302.3
D,NBXX,9999,8.599e-5,6.611e-5,4.457e-5,8.111e-6,7.941e-6,6.734e-6
Y,195407,979.3,302.3,298.2,71.5,13.1,5.7,0,0000
T,2014,08,20,12,39,40
B,272289,38685,194,3448,163738,8245,185,3447,979.3,302.3
G,3242519,272901,136,3448,1910526,50148,111,3447,979.3,302.3
R,1324702,120426,6434,3448,786538,42071,6561,3447,979.3,302.3
D,NBXX,9999,8.571e-5,6.682e-5,4.519e-5,8.785e-6,8.080e-6,7.314e-6
Y,195370,979.3,302.3,298.3,72.3,13.1,5.7,0,0000
T,2014,08,20,12,44,40
B,272530,39344,230,3447,164478,8155,208,3447,979.3,302.3
G,3237773,271710,138,3447,1909731,50509,109,3447,979.3,302.3
R,1324812,121118,6837,3447,784210,42029,6562,3447,979.3,302.3
D,NBXX,9999,8.738e-5,6.658e-5,4.533e-5,8.285e-6,8.208e-6,7.001e-6
Y,195140,979.3,302.3,298.3,70.8,13.1,5.7,0,0000
T,2014,08,20,12,49,40
B,271454,39540,238,3447,164989,8365,179,3448,979.3,302.4
G,3237198,275464,162,3447,1906617,51356,122,3448,979.3,302.4
R,1327782,122824,6692,3447,782859,42777,6792,3448,979.3,302.4
D,NBXX,9999,8.850e-5,6.772e-5,4.615e-5,9.071e-6,8.452e-6,7.348e-6
Y,195105,979.3,302.4,298.4,70.6,13.1,5.7,0,0000
T,2014,08,20,12,54,40
B,271416,38787,230,3447,164780,8306,185,3447,979.3,302.4
G,3237325,269943,153,3447,1907142,50164,121,3447,979.3,302.4
R,1326060,121155,6861,3447,781505,41830,6795,3447,979.3,302.4
D,NBXX,9999,8.626e-5,6.604e-5,4.512e-5,8.912e-6,8.096e-6,6.689e-6
Y,195113,979.3,302.4,298.4,70.2,13.1,5.7,0,0000
T,2014,08,20,12,59,40
B,271524,39202,203,3448,163583,8094,218,3447,979.2,302.5
G,3239680,273247,157,3448,1904810,50366,126,3447,979.2,302.5
R,1327773,122400,6881,3448,785783,42082,6896,3447,979.2,302.5
D,NBXX,9999,8.747e-5,6.699e-5,4.569e-5,8.266e-6,8.147e-6,6.742e-6
Y,195198,979.2,302.5,298.5,70.3,13.1,5.7,0,0000
T,2014,08,20,13,04,40
B,271196,40187,229,3447,164383,8404,218,3447,979.2,302.6
G,3236982,281142,124,3447,1907908,51162,159,3447,979.2,302.6
R,1325042,124433,6955,3447,783722,42813,6911,3447,979.2,302.6
D,NBXX,9999,9.048e-5,6.946e-5,4.698e-5,9.128e-6,8.398e-6,7.144e-6
Y,195092,979.2,302.6,298.6,71.0,13.1,5.7,0,0000
T,2014,08,20,13,24,40
B,271937,39598,226,3447,164113,8309,214,3447,979.2,303.0
G,3243785,278459,165,3447,1907588,51091,157,3447,979.2,303.0
R,1332297,124755,7142,3447,783681,43509,7277,3447,979.2,303.0
D,NBXX,9999,8.844e-5,6.848e-5,4.647e-5,8.817e-6,8.344e-6,7.102e-6
Y,195504,979.2,303.0,299.0,70.0,13.1,5.7,0,0000
T,2014,08,20,13,29,40
B,272294,37927,201,3447,165113,8351,232,3448,979.2,303.1
G,3238541,265683,181,3447,1908890,49390,172,3448,979.2,303.1
R,1328720,121941,7277,3447,787900,43254,7397,3448,979.2,303.1
D,NBXX,9999,8.331e-5,6.471e-5,4.479e-5,8.929e-6,7.835e-6,6.810e-6
Y,195186,979.2,303.1,299.1,67.6,13.1,5.7,0,0000
T,2014,08,20,13,34,40
B,271268,37582,215,3447,164108,8063,236,3447,979.2,303.2
G,3237651,261961,146,3447,1902332,49227,137,3447,979.2,303.2
R,1330413,120661,7304,3447,786081,43418,7284,3447,979.2,303.2
D,NBXX,9999,8.267e-5,6.362e-5,4.401e-5,8.112e-6,7.818e-6,6.954e-6
Y,195133,979.2,303.2,299.3,66.7,13.1,5.8,0,0000
T,2014,08,20,13,39,40
B,271704,36764,220,3448,164749,8111,233,3447,979.2,303.4
G,3240180,254783,181,3448,1905495,48318,174,3447,979.2,303.4
R,1331479,119325,7465,3448,786336,43070,7422,3447,979.2,303.4
D,NBXX,9999,8.003e-5,6.135e-5,4.296e-5,8.219e-6,7.509e-6,6.533e-6
Y,195229,979.2,303.4,299.4,65.9,13.1,5.7,0,0000
T,2014,08,20,13,44,40
B,272116,36729,241,3447,163216,8311,225,3447,979.2,303.5
G,3237822,255917,152,3447,1904156,48550,127,3447,979.2,303.5
R,1333238,119234,7578,3447,786148,43412,7356,3447,979.2,303.5
D,NBXX,9999,7.975e-5,6.181e-5,4.279e-5,8.745e-6,7.626e-6,6.678e-6
Y,195143,979.2,303.5,299.5,66.3,13.1,5.7,0,0000
T,2014,08,20,13,49,40
B,271581,35944,238,3447,164616,8080,256,3448,979.1,303.6
G,3231522,249934,204,3447,1901446,48064,155,3448,979.1,303.6
R,1330698,117729,7621,3447,787118,43740,7612,3448,979.1,303.6
D,NBXX,9999,7.751e-5,6.010e-5,4.181e-5,7.994e-6,7.474e-6,6.690e-6
Y,194762,979.1,303.6,299.5,64.8,13.1,5.8,0,0000
T,2014,08,20,13,54,40
B,271555,35329,206,3447,163230,7960,207,3447,979.1,303.6
G,3231420,244374,146,3447,1905184,47546,141,3447,979.1,303.6
R,1330207,115852,7812,3447,786658,43661,7960,3447,979.1,303.6
D,NBXX,9999,7.595e-5,5.843e-5,4.034e-5,7.925e-6,7.346e-6,6.282e-6
Y,194756,979.1,303.6,299.6,64.3,13.1,5.7,0,0000
T,2014,08,20,13,59,40
B,271485,34825,228,3448,164608,7916,228,3447,979.1,303.7
G,3231680,241772,180,3448,1902645,47163,176,3447,979.1,303.7
R,1331739,114480,8027,3448,786314,43515,8156,3447,979.1,303.7
D,NBXX,9999,7.432e-5,5.761e-5,3.918e-5,7.656e-6,7.207e-6,5.899e-6
Y,194715,979.1,303.7,299.7,63.2,13.1,5.8,0,0000
T,2014,08,20,14,04,40
B,271870,35922,230,3447,164342,7997,246,3447,979.1,303.8
G,3233558,248217,171,3447,1908479,47899,158,3447,979.1,303.8
R,1333164,117915,7996,3447,790820,44257,8002,3447,979.1,303.8
D,NBXX,9999,7.739e-5,5.954e-5,4.129e-5,7.791e-6,7.429e-6,6.447e-6
Y,194885,979.1,303.8,299.7,64.5,13.1,5.8,0,0000
T,2014,08,20,14,09,40
B,272148,35608,241,3447,164080,8012,205,3448,979.0,303.8
G,3239655,247320,199,3447,1911718,47703,183,3448,979.0,303.8
R,1334981,117220,8321,3447,792059,44692,8316,3448,979.0,303.8
D,NBXX,9999,7.647e-5,5.911e-5,4.036e-5,7.924e-6,7.319e-6,6.238e-6
Y,195254,979.0,303.8,299.8,64.3,13.1,5.8,0,0000
T,2014,08,20,14,14,40
B,271822,36319,229,3447,164137,8251,205,3447,979.0,303.8
G,3240719,250298,253,3447,1901153,49476,239,3447,979.0,303.8
R,1336452,117832,8199,3447,786538,45508,8252,3447,979.0,303.8
D,NBXX,9999,7.877e-5,5.995e-5,4.079e-5,8.715e-6,7.819e-6,6.840e-6
Y,195318,979.0,303.8,299.8,63.7,13.1,5.8,0,0000
T,2014,08,20,14,19,40
B,271586,34209,241,3448,165251,8088,271,3447,979.0,303.8
G,3231918,235393,350,3448,1899598,46490,317,3447,979.0,303.8
R,1334631,114234,8325,3448,787883,44556,8209,3447,979.0,303.8
D,NBXX,9999,7.227e-5,5.554e-5,3.867e-5,7.983e-6,6.890e-6,6.244e-6
Y,194729,979.0,303.8,299.8,62.9,13.1,5.8,0,0000
T,2014,08,20,14,24,40
B,272175,34252,223,3447,163947,7887,235,3447,978.9,303.8
G,3230638,235435,165,3447,1899404,46515,199,3447,978.9,303.8
R,1333963,113039,8366,3447,786011,44890,8368,3447,978.9,303.8
D,NBXX,9999,7.237e-5,5.569e-5,3.785e-5,7.513e-6,7.007e-6,6.306e-6
Y,194708,978.9,303.8,299.8,62.7,13.1,5.8,0,0000
T,2014,08,20,14,29,40
B,271626,34027,264,3447,164478,7946,234,3447,978.8,303.8
G,3233650,231921,179,3447,1900807,45979,147,3447,978.8,303.8
R,1336568,112125,8497,3447,786910,44031,8599,3447,978.8,303.8
D,NBXX,9999,7.176e-5,5.456e-5,3.695e-5,7.596e-6,6.843e-6,5.517e-6
Y,194890,978.8,303.8,299.8,61.4,13.1,5.8,0,0000
T,2014,08,20,14,34,40
B,271302,34278,251,3447,164785,7878,216,3448,978.7,303.8
G,3226282,235926,219,3447,1900252,46635,183,3448,978.7,303.8
R,1333011,113690,8544,3447,785918,44971,8553,3448,978.7,303.8
D,NBXX,9999,7.274e-5,5.592e-5,3.803e-5,7.519e-6,7.045e-6,6.108e-6
Y,194445,978.7,303.8,299.8,63.0,13.1,5.8,0,0000
T,2014,08,20,14,41,28
B,271612,34809,263,3447,163510,7927,219,3447,978.8,303.8
G,3229185,239522,189,3447,1898150,46561,185,3447,978.8,303.8
R,1332716,115940,8549,3447,788268,45086,8536,3447,978.8,303.8
D,NBXX,9999,7.416e-5,5.697e-5,3.939e-5,7.595e-6,7.024e-6,6.195e-6
Y,194620,978.8,303.8,299.9,63.3,13.1,5.7,0,0000
T,2014,08,20,14,46,28
B,271621,33994,231,3448,164262,8009,274,3447,978.9,303.9
G,3228203,234145,197,3448,1899534,47017,156,3447,978.9,303.9
R,1335127,113225,8470,3448,786330,44648,8672,3447,978.9,303.9
D,NBXX,9999,7.167e-5,5.535e-5,3.763e-5,7.781e-6,7.179e-6,5.874e-6
Y,194504,978.9,303.9,299.9,61.7,13.1,5.8,0,0000
T,2014,08,20,14,51,28
B,272231,34302,230,3447,164178,7875,234,3447,978.9,303.9
G,3222476,235566,165,3447,1901730,46277,152,3447,978.9,303.9
R,1330856,114022,8483,3447,787764,44641,8516,3447,978.9,303.9
D,NBXX,9999,7.250e-5,5.593e-5,3.839e-5,7.466e-6,6.986e-6,6.010e-6
Y,194214,978.9,303.9,299.9,62.4,13.1,5.8,0,0000
T,2014,08,20,14,56,28
B,270959,33915,242,3447,164115,7765,216,3448,978.8,303.9
G,3225615,231148,179,3447,1896792,45946,217,3448,978.8,303.9
R,1331908,112435,8645,3447,790226,45246,8546,3448,978.8,303.9
D,NBXX,9999,7.183e-5,5.448e-5,3.727e-5,7.253e-6,6.839e-6,6.220e-6
Y,194404,978.8,303.9,300.0,62.0,13.1,5.8,0,0000
T,2014,08,20,15,01,28
B,272703,33456,264,3447,163580,7865,280,3447,978.7,304.0
G,3223470,232294,169,3447,1899723,45976,179,3447,978.7,304.0
R,1331787,112396,8561,3447,790482,45292,8628,3447,978.7,304.0
D,NBXX,9999,6.953e-5,5.489e-5,3.725e-5,7.121e-6,6.879e-6,6.256e-6
Y,194275,978.7,304.0,300.0,62.4,13.1,5.7,0,0000
T,2014,08,20,15,06,28
B,271080,34254,258,3448,165646,7869,237,3447,978.8,304.0
G,3224013,231375,193,3448,1899019,46900,179,3447,978.8,304.0
R,1333456,112929,8614,3448,788697,44820,8588,3447,978.8,304.0
D,NBXX,9999,7.268e-5,5.459e-5,3.749e-5,7.440e-6,7.155e-6,5.953e-6
Y,194251,978.8,304.0,300.0,61.7,13.1,5.8,0,0000
T,2014,08,20,15,11,28
B,270926,34603,229,3447,164124,8021,252,3447,978.7,304.0
G,3221968,237140,196,3447,1894762,47131,141,3447,978.7,304.0
R,1334837,113934,8666,3447,786151,45403,8770,3447,978.7,304.0
D,NBXX,9999,7.384e-5,5.642e-5,3.787e-5,7.951e-6,7.243e-6,6.117e-6
Y,194184,978.7,304.0,300.0,62.2,13.1,5.8,0,0000
T,2014,08,20,15,16,28
B,271918,33877,266,3447,164247,7922,235,3448,978.6,304.0
G,3222411,234532,183,3447,1900815,46402,154,3448,978.6,304.0
R,1330379,113715,8772,3447,788766,44860,8688,3448,978.6,304.0
D,NBXX,9999,7.122e-5,5.561e-5,3.791e-5,7.497e-6,7.014e-6,5.821e-6
Y,194211,978.6,304.0,300.0,61.9,13.1,5.8,0,0000
T,2014,08,20,15,21,28
B,270106,34561,243,3447,163779,8116,258,3447,978.7,304.0
G,3224829,237730,154,3447,1892429,46999,153,3447,978.7,304.0
R,1331659,114567,8763,3447,786724,45167,8745,3447,978.7,304.0
D,NBXX,9999,7.395e-5,5.654e-5,3.833e-5,8.236e-6,7.201e-6,5.962e-6
Y,194357,978.7,304.0,300.0,62.5,13.1,5.8,0,0000
T,2014,08,20,15,26,28
B,270907,34890,286,3448,163810,8010,232,3447,978.6,304.0
G,3219949,237781,193,3448,1896037,47061,178,3447,978.6,304.0
R,1330826,115923,8969,3448,787149,45940,8737,3447,978.6,304.0
D,NBXX,9999,7.458e-5,5.665e-5,3.904e-5,7.798e-6,7.223e-6,6.302e-6
Y,194005,978.6,304.0,300.0,62.9,13.1,5.8,0,0000
T,2014,08,20,15,31,28
B,272634,35196,252,3447,163974,8059,238,3447,978.5,304.0
G,3219224,239021,168,3447,1890783,46819,204,3447,978.5,304.0
R,1331699,115302,8877,3447,785545,45647,8818,3447,978.5,304.0
D,NBXX,9999,7.494e-5,5.704e-5,3.864e-5,7.893e-6,7.147e-6,6.119e-6
Y,194018,978.5,304.0,300.0,62.9,13.1,5.8,0,0000
T,2014,08,20,15,36,28
B,271808,35237,257,3447,164333,7847,217,3448,978.4,304.0
G,3219300,241908,183,3447,1896209,46926,168,3448,978.4,304.0
R,1332606,116298,8945,3447,785735,46219,8808,3448,978.4,304.0
D,NBXX,9999,7.543e-5,5.793e-5,3.916e-5,7.375e-6,7.183e-6,6.403e-6
Y,194022,978.4,304.0,300.0,63.0,13.1,5.8,0,0000
T,2014,08,20,15,41,28
B,270889,36353,268,3447,164208,8252,229,3447,978.4,304.0
G,3219884,249517,182,3447,1894035,48029,161,3447,978.4,304.0
R,1334179,119038,8979,3447,785716,46289,8959,3447,978.4,304.0
D,NBXX,9999,7.906e-5,6.026e-5,4.059e-5,8.593e-6,7.526e-6,6.305e-6
Y,194058,978.4,304.0,300.0,63.3,13.1,5.8,0,0000
T,2014,08,20,15,46,28
B,271072,35316,261,3448,164503,7929,204,3447,978.3,304.0
G,3220624,243350,156,3448,1891924,47034,190,3447,978.3,304.0
R,1331489,116620,8939,3448,786350,45456,9085,3447,978.3,304.0
D,NBXX,9999,7.598e-5,5.835e-5,3.921e-5,7.725e-6,7.220e-6,5.785e-6
Y,194046,978.3,304.0,299.9,61.2,13.1,5.8,0,0000
T,2014,08,20,15,51,28
B,271713,34833,277,3447,164288,8137,253,3447,978.0,303.9
G,3219811,235726,194,3447,1896219,45896,186,3447,978.0,303.9
R,1334003,114414,8927,3447,789944,45392,8686,3447,978.0,303.9
D,NBXX,9999,7.406e-5,5.604e-5,3.807e-5,8.064e-6,6.872e-6,5.998e-6
Y,194053,978.0,303.9,299.8,59.6,13.1,5.8,0,0000
T,2014,08,20,15,56,28
B,270516,34494,287,3447,164093,8046,248,3448,977.8,303.9
G,3220542,234274,223,3447,1890692,45478,190,3448,977.8,303.9
R,1331217,113559,8795,3447,787759,45224,9050,3448,977.8,303.9
D,NBXX,9999,7.351e-5,5.557e-5,3.752e-5,7.879e-6,6.725e-6,5.762e-6
Y,194097,977.8,303.9,299.8,60.3,13.1,5.7,0,0000
T,2014,08,20,16,01,28
B,271666,33710,247,3447,164487,7716,270,3447,977.9,303.9
G,3217776,232644,194,3447,1891639,45239,137,3447,977.9,303.9
R,1331288,113337,8997,3447,787761,45154,8777,3447,977.9,303.9
D,NBXX,9999,7.079e-5,5.516e-5,3.743e-5,6.865e-6,6.697e-6,5.775e-6
Y,193930,977.9,303.9,299.7,61.9,13.1,5.8,0,0000
T,2014,08,20,16,06,28
B,271337,36672,287,3448,164635,8276,206,3447,978.2,303.9
G,3221379,252861,184,3448,1894945,48167,171,3447,978.2,303.9
R,1334778,121271,8896,3448,789606,46759,8816,3447,978.2,303.9
D,NBXX,9999,7.985e-5,6.124e-5,4.205e-5,8.648e-6,7.561e-6,6.740e-6
Y,194092,978.2,303.9,299.8,60.7,13.1,5.8,0,0000
T,2014,08,20,16,11,28
B,271973,38441,286,3447,164560,8566,295,3447,978.4,303.9
G,3215920,262445,216,3447,1896375,50105,159,3447,978.4,303.9
R,1333144,121731,9045,3447,788700,47134,9079,3447,978.4,303.9
D,NBXX,9999,8.460e-5,6.431e-5,4.212e-5,9.150e-6,8.169e-6,6.692e-6
Y,193818,978.4,303.9,299.8,60.7,13.1,5.8,0,0000
T,2014,08,20,16,16,28
B,271532,38147,262,3447,164174,8383,273,3448,978.6,303.9
G,3220227,258484,205,3447,1895578,49196,182,3448,978.6,303.9
R,1336043,121203,9007,3447,789769,47394,8931,3448,978.6,303.9
D,NBXX,9999,8.405e-5,6.298e-5,4.180e-5,8.792e-6,7.862e-6,6.934e-6
Y,194078,978.6,303.9,299.8,61.1,13.1,5.8,0,0000
T,2014,08,20,16,21,28
B,271746,35626,270,3447,163974,8032,221,3447,978.9,303.9
G,3219408,245636,164,3447,1894423,47125,180,3447,978.9,303.9
R,1333923,117646,9014,3447,789284,46219,9171,3447,978.9,303.9
D,NBXX,9999,7.656e-5,5.908e-5,3.961e-5,7.882e-6,7.250e-6,6.096e-6
Y,194029,978.9,303.9,299.8,62.9,13.1,5.8,0,0000
T,2014,08,20,16,26,28
B,271748,33907,245,3448,164392,7891,243,3447,979.1,303.9
G,3221394,235462,274,3448,1892639,45936,242,3447,979.1,303.9
R,1334113,114543,8779,3448,787862,45367,9134,3447,979.1,303.9
D,NBXX,9999,7.139e-5,5.585e-5,3.794e-5,7.462e-6,6.820e-6,5.780e-6
Y,194092,979.1,303.9,299.8,62.9,13.1,5.7,0,0000
T,2014,08,20,16,31,28
B,271591,32999,302,3447,164575,7770,258,3447,979.1,303.9
G,3215642,227107,201,3447,1890760,44097,204,3447,979.1,303.9
R,1333628,111629,9008,3447,785828,44911,9117,3447,979.1,303.9
D,NBXX,9999,6.848e-5,5.346e-5,3.608e-5,6.856e-6,6.316e-6,5.362e-6
Y,193801,979.1,303.9,299.7,63.0,13.1,5.8,0,0000
T,2014,08,20,16,36,28
B,271390,30601,250,3447,165002,7625,236,3448,979.0,303.8
G,3210336,213657,186,3447,1889993,43142,158,3448,979.0,303.8
R,1330579,107790,9053,3447,787876,44276,8903,3448,979.0,303.8
D,NBXX,9999,6.161e-5,4.946e-5,3.403e-5,6.687e-6,6.062e-6,5.126e-6
Y,193480,979.0,303.8,299.6,60.4,13.1,5.8,0,0000
T,2014,08,20,16,41,28
B,270831,31528,265,3447,164545,7616,234,3447,979.0,303.7
G,3213121,215377,178,3447,1891380,43219,203,3447,979.0,303.7
R,1332543,106786,8761,3447,786844,44070,8872,3447,979.0,303.7
D,NBXX,9999,6.454e-5,4.991e-5,3.357e-5,6.665e-6,6.065e-6,5.212e-6
Y,193648,979.0,303.7,299.5,59.0,13.1,5.7,0,0000
T,2014,08,20,16,46,28
B,270411,31249,255,3448,163543,7614,238,3447,978.9,303.7
G,3213633,216861,192,3448,1890218,43418,161,3447,978.9,303.7
R,1331464,108642,8806,3448,787878,44331,8958,3447,978.9,303.7
D,NBXX,9999,6.386e-5,5.037e-5,3.463e-5,6.719e-6,6.138e-6,5.295e-6
Y,193623,978.9,303.7,299.5,58.1,13.1,5.8,0,0000
T,2014,08,20,16,51,28
B,271009,30701,265,3447,163700,7713,268,3447,978.9,303.6
G,3210300,216833,181,3447,1887959,42807,169,3447,978.9,303.6
R,1329595,107657,9030,3447,786191,43734,9033,3447,978.9,303.6
D,NBXX,9999,6.188e-5,5.043e-5,3.391e-5,6.824e-6,5.961e-6,4.745e-6
Y,193478,978.9,303.6,299.4,57.7,13.1,5.8,0,0000
T,2014,08,20,16,56,28
B,270838,30565,260,3447,163337,7422,214,3447,979.0,303.5
G,3211088,213643,200,3447,1889519,42617,189,3447,979.0,303.5
R,1331273,107479,8770,3447,786668,43442,8997,3447,979.0,303.5
D,NBXX,9999,6.173e-5,4.942e-5,3.394e-5,6.168e-6,5.886e-6,4.758e-6
Y,193525,979.0,303.5,299.3,55.6,13.1,5.7,0,0000
T,2014,08,20,17,01,28
B,270237,30820,217,3447,164399,7520,267,3448,978.9,303.4
G,3213741,216428,200,3447,1889421,42578,149,3448,978.9,303.4
R,1331604,107533,8715,3447,786408,43481,8787,3448,978.9,303.4
D,NBXX,9999,6.263e-5,5.021e-5,3.415e-5,6.454e-6,5.860e-6,4.956e-6
Y,193686,978.9,303.4,299.2,55.6,13.1,5.8,0,0000
T,2014,08,20,17,06,28
B,271260,31144,239,3447,164102,7408,229,3447,978.9,303.3
G,3211767,218990,376,3447,1889134,43305,321,3447,978.9,303.3
R,1329621,107693,8585,3447,789705,43769,8773,3447,978.9,303.3
D,NBXX,9999,6.332e-5,5.091e-5,3.442e-5,6.101e-6,5.971e-6,5.254e-6
Y,193567,978.9,303.3,299.1,55.7,13.1,5.7,0,0000
T,2014,08,20,17,11,28
B,270304,31092,276,3448,164213,7583,251,3447,979.0,303.2
G,3214423,219029,419,3448,1891571,43266,398,3447,979.0,303.2
R,1332404,108768,8702,3448,786808,43138,8486,3447,979.0,303.2
D,NBXX,9999,6.328e-5,5.083e-5,3.506e-5,6.502e-6,5.909e-6,4.972e-6
Y,193671,979.0,303.2,299.0,56.4,13.1,5.7,0,0000
T,2014,08,20,17,16,28
B,270976,31872,271,3447,162812,7649,251,3447,979.0,303.1
G,3213372,222149,420,3447,1888723,43820,367,3447,979.0,303.1
R,1333191,108753,8609,3447,783030,43393,8603,3447,979.0,303.1
D,NBXX,9999,6.539e-5,5.182e-5,3.501e-5,6.645e-6,6.091e-6,5.093e-6
Y,193664,979.0,303.1,298.9,56.4,13.1,5.7,0,0000
T,2014,08,20,17,21,28
B,271324,31880,250,3447,164093,7493,260,3448,979.0,303.0
G,3212893,226524,652,3447,1895373,44430,575,3448,979.0,303.0
R,1331623,109920,8428,3447,785568,43325,8420,3448,979.0,303.0
D,NBXX,9999,6.533e-5,5.302e-5,3.601e-5,6.185e-6,6.119e-6,5.315e-6
Y,193635,979.0,303.0,298.8,57.2,13.1,5.7,0,0000
T,2014,08,20,17,26,28
B,270411,32542,223,3447,162500,7505,225,3447,978.8,302.9
G,3207810,227104,438,3447,1888489,44338,403,3447,978.8,302.9
R,1327022,109763,8482,3447,785790,43086,8382,3447,978.8,302.9
D,NBXX,9999,6.785e-5,5.344e-5,3.607e-5,6.514e-6,6.254e-6,5.203e-6
Y,193327,978.8,302.9,298.6,57.8,13.1,5.7,0,0000
T,2014,08,20,17,31,28
B,270523,32896,232,3448,163663,7623,185,3447,978.9,302.8
G,3211721,232032,454,3448,1888133,44597,407,3447,978.9,302.8
R,1326640,111711,8269,3448,784533,43103,8321,3447,978.9,302.8
D,NBXX,9999,6.896e-5,5.487e-5,3.743e-5,6.961e-6,6.314e-6,5.413e-6
Y,193507,978.9,302.8,298.6,59.3,13.1,5.7,0,0000
T,2014,08,20,17,36,28
B,272238,33384,225,3447,163765,7746,209,3447,978.9,302.8
G,3212948,233633,172,3447,1894858,44688,209,3447,978.9,302.8
R,1327369,112415,8140,3447,785260,42893,8038,3447,978.9,302.8
D,NBXX,9999,6.975e-5,5.550e-5,3.811e-5,7.128e-6,6.504e-6,5.560e-6
Y,193638,978.9,302.8,298.5,60.1,13.1,5.7,0,0000
T,2014,08,20,17,41,28
B,270833,32856,245,3447,163365,7855,212,3448,978.8,302.7
G,3213839,234371,361,3447,1893045,45528,408,3448,978.8,302.7
R,1326062,111277,7931,3447,784372,42802,8142,3448,978.8,302.7
D,NBXX,9999,6.859e-5,5.554e-5,3.756e-5,7.481e-6,6.602e-6,5.587e-6
Y,193692,978.8,302.7,298.4,60.3,13.1,5.7,0,0000
T,2014,08,20,17,46,28
B,271042,33212,223,3447,163700,7805,216,3447,978.9,302.6
G,3210088,234601,399,3447,1893336,45721,399,3447,978.9,302.6
R,1327189,111232,8044,3447,784961,42855,7991,3447,978.9,302.6
D,NBXX,9999,6.965e-5,5.569e-5,3.751e-5,7.383e-6,6.672e-6,5.638e-6
Y,193465,978.9,302.6,298.3,60.6,13.1,5.7,0,0000
T,2014,08,20,17,51,28
B,270723,33169,285,3448,163907,7967,227,3447,978.8,302.6
G,3209245,235197,336,3448,1891679,45453,355,3447,978.8,302.6
R,1325805,111062,7894,3448,784481,42423,7773,3447,978.8,302.6
D,NBXX,9999,6.939e-5,5.593e-5,3.771e-5,7.649e-6,6.635e-6,5.656e-6
Y,193358,978.8,302.6,298.3,61.4,13.1,5.7,0,0000
T,2014,08,20,17,56,28
B,269341,32087,189,3447,163375,7802,201,3447,978.8,302.5
G,3214324,226348,335,3447,1891402,44126,239,3447,978.8,302.5
R,1323863,108601,7940,3447,782113,42152,7926,3447,978.8,302.5
D,NBXX,9999,6.703e-5,5.314e-5,3.618e-5,7.684e-6,6.243e-6,5.371e-6
Y,193721,978.8,302.5,298.2,61.7,13.1,5.7,0,0000
T,2014,08,20,18,01,28
B,269462,32069,221,3447,162941,7516,195,3448,978.7,302.5
G,3214158,224918,328,3447,1891399,44142,277,3448,978.7,302.5
R,1326805,107678,7656,3447,782538,41938,7615,3448,978.7,302.5
D,NBXX,9999,6.685e-5,5.269e-5,3.592e-5,6.713e-6,6.234e-6,5.619e-6
Y,193711,978.7,302.5,298.2,61.9,13.1,5.7,0,0000
T,2014,08,20,18,06,28
B,270523,31648,209,3447,164248,7520,229,3447,978.7,302.4
G,3214758,221056,258,3447,1895359,43505,285,3447,978.7,302.4
R,1327410,105341,7519,3447,783680,41003,7556,3447,978.7,302.4
D,NBXX,9999,6.510e-5,5.151e-5,3.463e-5,6.557e-6,6.062e-6,5.195e-6
Y,193747,978.7,302.4,298.2,61.7,13.1,5.7,0,0000
T,2014,08,20,18,11,28
B,271448,32174,221,3448,163201,7672,200,3447,978.6,302.4
G,3218577,224476,268,3448,1891923,44389,271,3447,978.6,302.4
R,1326967,108054,7646,3448,781984,41128,7713,3447,978.6,302.4
D,NBXX,9999,6.642e-5,5.248e-5,3.608e-5,7.007e-6,6.323e-6,5.083e-6
Y,193922,978.6,302.4,298.1,63.0,13.1,5.7,0,0000
T,2014,08,20,18,16,28
B,270676,32198,186,3447,164020,7678,225,3447,978.6,302.3
G,3220845,226308,217,3447,1892575,44327,270,3447,978.6,302.3
R,1325531,107485,7553,3447,783031,41215,7517,3447,978.6,302.3
D,NBXX,9999,6.680e-5,5.301e-5,3.599e-5,7.115e-6,6.309e-6,5.345e-6
Y,194116,978.6,302.3,298.0,63.7,13.1,5.7,0,0000
T,2014,08,20,18,21,28
B,271091,32058,223,3447,163936,7701,176,3448,978.6,302.2
G,3222881,225910,225,3447,1896906,43924,222,3448,978.6,302.2
R,1325859,107549,7278,3447,783606,40927,7562,3448,978.6,302.2
D,NBXX,9999,6.627e-5,5.286e-5,3.618e-5,7.186e-6,6.187e-6,5.323e-6
Y,194239,978.6,302.2,298.0,64.0,13.1,5.7,0,0000
T,2014,08,20,18,26,28
B,270759,31835,259,3447,163770,7457,234,3447,978.5,302.2
G,3218987,223307,278,3447,1895246,44141,270,3447,978.5,302.2
R,1325524,106215,7290,3447,783346,40767,7350,3447,978.5,302.2
D,NBXX,9999,6.540e-5,5.211e-5,3.553e-5,6.158e-6,6.238e-6,5.376e-6
Y,194003,978.5,302.2,297.9,64.3,13.1,5.7,0,0000
T,2014,08,20,18,31,28
B,270601,32063,174,3448,163905,7610,223,3447,978.4,302.1
G,3224774,226642,330,3448,1897831,44733,272,3447,978.4,302.1
R,1326232,106791,7215,3448,783432,40377,7398,3447,978.4,302.1
D,NBXX,9999,6.644e-5,5.299e-5,3.586e-5,6.957e-6,6.380e-6,5.159e-6
Y,194297,978.4,302.1,297.8,64.8,13.1,5.7,0,0000
T,2014,08,20,18,36,28
B,269989,32025,232,3447,163723,7538,199,3447,978.5,302.0
G,3214345,224578,351,3447,1893413,44114,323,3447,978.5,302.0
R,1323337,106493,7502,3447,781860,40104,7273,3447,978.5,302.0
D,NBXX,9999,6.642e-5,5.256e-5,3.569e-5,6.664e-6,6.204e-6,4.908e-6
Y,193723,978.5,302.0,297.8,64.5,13.1,5.7,0,0000
T,2014,08,20,18,41,28
B,270274,31988,208,3447,164053,7662,185,3448,978.6,302.0
G,3219661,224010,440,3447,1895902,44316,384,3448,978.6,302.0
R,1324883,105737,7188,3447,781776,39752,7092,3448,978.6,302.0
D,NBXX,9999,6.634e-5,5.222e-5,3.552e-5,7.141e-6,6.186e-6,5.020e-6
Y,194044,978.6,302.0,297.7,64.8,13.1,5.7,0,0000
T,2014,08,20,18,51,28
B,270198,33332,220,3448,163689,7606,192,3447,978.6,301.8
G,3219323,232779,374,3448,1896939,45259,309,3447,978.6,301.8
R,1323848,107739,6976,3448,783309,40428,6949,3447,978.6,301.8
D,NBXX,9999,7.032e-5,5.494e-5,3.700e-5,6.911e-6,6.522e-6,5.694e-6
Y,193967,978.6,301.8,297.5,65.0,13.1,5.7,0,0000
T,2014,08,20,18,56,28
B,271053,33124,178,3447,163161,7677,182,3447,978.6,301.8
G,3220584,233701,256,3447,1896177,45228,296,3447,978.6,301.8
R,1320097,108272,6769,3447,781446,40314,6832,3447,978.6,301.8
D,NBXX,9999,6.956e-5,5.524e-5,3.770e-5,7.231e-6,6.550e-6,5.887e-6
Y,194100,978.6,301.8,297.5,64.8,13.1,5.7,0,0000
T,2014,08,20,19,01,28
B,270195,32655,202,3447,163438,7624,209,3447,978.8,301.7
G,3220197,229502,177,3447,1898127,44500,114,3447,978.8,301.7
R,1321582,106288,6734,3447,780686,40023,6801,3447,978.8,301.7
D,NBXX,9999,6.829e-5,5.405e-5,3.649e-5,6.963e-6,6.421e-6,5.742e-6
Y,194077,978.8,301.7,297.4,64.6,13.1,5.7,0,0000
T,2014,08,20,19,06,28
B,270447,33239,198,3447,163953,7620,200,3448,979.0,301.7
G,3221818,232189,168,3447,1900969,45097,155,3448,979.0,301.7
R,1322538,107572,6858,3447,783760,39650,6583,3448,979.0,301.7
D,NBXX,9999,7.000e-5,5.483e-5,3.729e-5,6.970e-6,6.582e-6,5.567e-6
Y,194175,979.0,301.7,297.4,65.3,13.1,5.7,0,0000
T,2014,08,20,19,11,28
B,271392,33228,149,3447,162700,7644,192,3447,979.1,301.6
G,3226165,231953,238,3447,1892504,45108,189,3447,979.1,301.6
R,1323079,107125,6572,3447,780483,39459,6612,3447,979.1,301.6
D,NBXX,9999,6.982e-5,5.462e-5,3.717e-5,7.171e-6,6.534e-6,5.631e-6
Y,194438,979.1,301.6,297.3,66.7,13.1,5.7,0,0000
T,2014,08,20,19,16,28
B,270443,33215,165,3448,162786,7432,188,3447,979.1,301.6
G,3228853,233653,167,3448,1895985,44727,150,3447,979.1,301.6
R,1325927,107675,6590,3448,781817,39419,6627,3447,979.1,301.6
D,NBXX,9999,7.008e-5,5.512e-5,3.736e-5,6.574e-6,6.449e-6,5.559e-6
Y,194544,979.1,301.6,297.3,67.4,13.1,5.7,0,0000
T,2014,08,20,19,21,28
B,270998,33315,200,3447,164593,7815,174,3447,979.2,301.5
G,3222168,235916,167,3447,1900334,45146,134,3447,979.2,301.5
R,1323576,108156,6557,3447,782297,39533,6449,3447,979.2,301.5
D,NBXX,9999,7.008e-5,5.597e-5,3.789e-5,7.588e-6,6.607e-6,5.794e-6
Y,194196,979.2,301.5,297.2,68.0,13.1,5.7,0,0000
T,2014,08,20,19,26,28
B,270895,34840,189,3447,163278,7955,170,3448,979.3,301.5
G,3226030,242992,148,3447,1897966,46685,144,3448,979.3,301.5
R,1320962,110640,6510,3447,783746,39165,6275,3448,979.3,301.5
D,NBXX,9999,7.475e-5,5.805e-5,3.964e-5,8.062e-6,7.061e-6,5.750e-6
Y,194429,979.3,301.5,297.2,68.9,13.1,5.7,0,0000
T,2014,08,20,19,31,28
B,270444,34600,178,3447,163569,7750,191,3447,979.4,301.5
G,3226887,243738,155,3447,1899930,46593,126,3447,979.4,301.5
R,1320125,111143,6345,3447,780241,39559,6310,3447,979.4,301.5
D,NBXX,9999,7.414e-5,5.826e-5,4.007e-5,7.441e-6,7.037e-6,6.092e-6
Y,194481,979.4,301.5,297.2,69.0,13.1,5.7,0,0000
T,2014,08,20,19,36,28
B,270164,33282,172,3448,163111,7549,187,3447,979.4,301.5
G,3226312,234750,142,3448,1898466,44642,155,3447,979.4,301.5
R,1322392,107245,6374,3448,780570,38707,6443,3447,979.4,301.5
D,NBXX,9999,7.031e-5,5.552e-5,3.752e-5,6.900e-6,6.441e-6,5.449e-6
Y,194390,979.4,301.5,297.1,68.0,13.1,5.7,0,0000
T,2014,08,20,19,41,28
B,270641,32980,170,3447,163794,7598,224,3447,979.4,301.4
G,3224225,230996,136,3447,1896960,44756,148,3447,979.4,301.4
R,1321592,105442,6229,3447,781804,38682,6354,3447,979.4,301.4
D,NBXX,9999,6.911e-5,5.442e-5,3.664e-5,6.881e-6,6.485e-6,5.600e-6
Y,194320,979.4,301.4,297.1,67.6,13.1,5.7,0,0000
T,2014,08,20,19,46,28
B,271265,34290,207,3447,164055,7792,188,3448,979.4,301.4
G,3232442,238816,122,3447,1905317,45571,120,3448,979.4,301.4
R,1324604,108358,6318,3447,782404,38379,6202,3448,979.4,301.4
D,NBXX,9999,7.281e-5,5.664e-5,3.830e-5,7.403e-6,6.710e-6,5.424e-6
Y,194817,979.4,301.4,297.1,67.9,13.1,5.7,0,0000
T,2014,08,20,19,51,28
B,270593,34279,156,3447,163615,7928,174,3447,979.4,301.3
G,3236688,243277,152,3447,1908188,45654,137,3447,979.4,301.3
R,1325144,110265,6221,3447,783662,39139,6107,3447,979.4,301.3
D,NBXX,9999,7.325e-5,5.789e-5,3.955e-5,8.100e-6,6.705e-6,6.011e-6
Y,195074,979.4,301.3,297.0,69.2,13.1,5.7,0,0000
T,2014,08,20,19,56,28
B,271637,33872,158,3448,163696,7621,173,3447,979.3,301.3
G,3243516,240341,132,3448,1903969,45386,129,3447,979.3,301.3
R,1327755,109243,6250,3448,781806,38523,6267,3447,979.3,301.3
D,NBXX,9999,7.166e-5,5.685e-5,3.870e-5,7.110e-6,6.608e-6,5.489e-6
Y,195430,979.3,301.3,297.0,70.0,13.1,5.7,0,0000
T,2014,08,20,20,01,28
B,270968,34364,161,3447,163825,7865,211,3447,979.3,301.3
G,3239353,241437,160,3447,1908084,45892,153,3447,979.3,301.3
R,1321901,109314,6172,3447,781255,38722,6105,3447,979.3,301.3
D,NBXX,9999,7.325e-5,5.726e-5,3.916e-5,7.747e-6,6.757e-6,5.833e-6
Y,195236,979.3,301.3,297.0,69.3,13.1,5.7,0,0000
T,2014,08,20,20,06,28
B,270894,34522,184,3447,162795,7790,155,3448,979.3,301.2
G,3232418,242120,202,3447,1900675,46349,172,3448,979.3,301.2
R,1319444,109085,6182,3447,779311,38707,6060,3448,979.3,301.2
D,NBXX,9999,7.387e-5,5.758e-5,3.915e-5,7.636e-6,6.888e-6,5.871e-6
Y,194816,979.3,301.2,297.0,69.7,13.1,5.7,0,0000
T,2014,08,20,20,11,28
B,270390,34546,187,3447,163983,7906,170,3447,979.2,301.2
G,3236944,242610,212,3447,1907645,46511,170,3447,979.2,301.2
R,1322613,108009,5984,3447,781460,38582,6107,3447,979.2,301.2
D,NBXX,9999,7.407e-5,5.762e-5,3.847e-5,7.971e-6,6.919e-6,5.871e-6
Y,195090,979.2,301.2,296.9,69.7,13.1,5.7,0,0000
T,2014,08,20,20,16,28
B,271304,33676,141,3448,163602,7805,195,3447,979.1,301.2
G,3238175,236415,115,3448,1902872,46056,123,3447,979.1,301.2
R,1322348,105807,6056,3448,779435,38123,6105,3447,979.1,301.2
D,NBXX,9999,7.118e-5,5.576e-5,3.711e-5,7.671e-6,6.830e-6,5.555e-6
Y,195107,979.1,301.2,296.9,69.3,13.1,5.7,0,0000
T,2014,08,20,20,21,28
B,270545,33318,171,3447,163414,7599,155,3447,979.1,301.2
G,3237668,232822,141,3447,1908716,45273,130,3447,979.1,301.2
R,1323916,104713,5903,3447,781880,37892,5913,3447,979.1,301.2
D,NBXX,9999,7.042e-5,5.466e-5,3.663e-5,7.142e-6,6.577e-6,5.634e-6
Y,195134,979.1,301.2,296.8,68.7,13.1,5.7,0,0000
T,2014,08,20,20,26,28
B,269955,33181,193,3447,163179,7596,183,3448,979.1,301.1
G,3239621,234097,182,3447,1905470,45221,132,3448,979.1,301.1
R,1323526,105359,5853,3447,781801,37927,5975,3448,979.1,301.1
D,NBXX,9999,7.003e-5,5.499e-5,3.702e-5,6.986e-6,6.534e-6,5.646e-6
Y,195252,979.1,301.1,296.8,69.5,13.0,5.7,0,0000
T,2014,08,20,20,31,28
B,270055,33416,149,3447,164935,7599,192,3447,979.0,301.1
G,3238561,233641,112,3447,1907774,45168,122,3447,979.0,301.1
R,1322753,105552,5880,3447,780465,37680,6008,3447,979.0,301.1
D,NBXX,9999,7.082e-5,5.490e-5,3.713e-5,7.115e-6,6.555e-6,5.470e-6
Y,195188,979.0,301.1,296.8,69.7,13.1,5.7,0,0000
T,2014,08,20,20,36,28
B,271046,34321,162,3448,163429,7908,137,3447,979.1,301.1
G,3237040,238116,159,3448,1912204,45683,145,3447,979.1,301.1
R,1323952,107601,6003,3448,781045,38150,6068,3447,979.1,301.1
D,NBXX,9999,7.331e-5,5.628e-5,3.818e-5,8.117e-6,6.697e-6,5.617e-6
Y,195039,979.1,301.1,296.7,70.5,13.1,5.7,0,0000
T,2014,08,20,20,41,28
B,272272,32681,157,3447,163396,7593,188,3447,979.0,301.0
G,3238118,230103,150,3447,1903758,44971,132,3447,979.0,301.0
R,1319919,104293,5882,3447,778442,37601,5762,3447,979.0,301.0
D,NBXX,9999,6.779e-5,5.382e-5,3.666e-5,6.907e-6,6.479e-6,5.623e-6
Y,195161,979.0,301.0,296.7,70.0,13.1,5.7,0,0000
T,2014,08,20,20,46,28
B,270687,32001,169,3447,164303,7496,184,3448,979.1,301.0
G,3238162,226271,179,3447,1909981,44208,209,3448,979.1,301.0
R,1320766,102704,5768,3447,782258,37252,5862,3448,979.1,301.0
D,NBXX,9999,6.629e-5,5.261e-5,3.568e-5,6.707e-6,6.205e-6,5.409e-6
Y,195163,979.1,301.0,296.7,69.7,13.1,5.7,0,0000
T,2014,08,20,20,51,28
B,271451,32131,191,3447,162938,7402,186,3447,979.1,301.0
G,3237925,224010,143,3447,1904201,44331,117,3447,979.1,301.0
R,1323387,101521,5838,3447,779073,37143,5724,3447,979.1,301.0
D,NBXX,9999,6.633e-5,5.197e-5,3.491e-5,6.288e-6,6.293e-6,5.368e-6
Y,195149,979.1,301.0,296.7,69.5,13.1,5.7,0,0000
T,2014,08,20,20,56,28
B,269988,31979,158,3448,164515,7415,132,3447,979.2,301.0
G,3240118,222808,138,3448,1908686,44174,127,3447,979.2,301.0
R,1321287,100546,5663,3448,781702,36903,5792,3447,979.2,301.0
D,NBXX,9999,6.668e-5,5.156e-5,3.448e-5,6.750e-6,6.238e-6,5.326e-6
Y,195225,979.2,301.0,296.7,69.2,13.1,5.7,0,0000
T,2014,08,20,21,01,28
B,270414,31536,152,3447,164254,7468,172,3447,979.3,301.0
G,3234636,221540,152,3447,1904839,44247,120,3447,979.3,301.0
R,1319233,100758,5785,3447,781454,36555,5806,3447,979.3,301.0
D,NBXX,9999,6.508e-5,5.128e-5,3.460e-5,6.751e-6,6.277e-6,5.039e-6
Y,194950,979.3,301.0,296.6,69.3,13.0,5.7,0,0000
T,2014,08,20,21,06,28
B,271117,30933,167,3447,163971,7651,164,3448,979.5,300.9
G,3237124,218801,125,3447,1904030,43604,131,3448,979.5,300.9
R,1320883,99573,5809,3447,780754,36960,5627,3448,979.5,300.9
D,NBXX,9999,6.298e-5,5.040e-5,3.390e-5,7.201e-6,6.072e-6,5.354e-6
Y,195101,979.5,300.9,296.6,69.2,13.1,5.7,0,0000
T,2014,08,20,21,11,28
B,270258,31131,155,3447,163136,7439,145,3447,979.6,300.9
G,3236657,218479,132,3447,1902544,43678,146,3447,979.6,300.9
R,1319967,100275,5756,3447,776962,36655,5797,3447,979.6,300.9
D,NBXX,9999,6.397e-5,5.031e-5,3.428e-5,6.746e-6,6.093e-6,5.105e-6
Y,195072,979.6,300.9,296.6,69.5,13.1,5.7,0,0000
T,2014,08,20,21,41,28
B,271184,31484,142,3448,164480,7383,181,3447,980.3,300.8
G,3242663,216081,116,3448,1908902,43633,84,3447,980.3,300.8
R,1322662,96929,5503,3448,779308,35920,5460,3447,980.3,300.8
D,NBXX,9999,6.461e-5,4.948e-5,3.254e-5,6.418e-6,6.086e-6,5.038e-6
Y,195379,980.3,300.8,296.5,69.0,13.1,5.7,0,0000
T,2014,08,20,21,46,28
B,270072,30923,130,3447,164465,7312,198,3447,980.2,300.8
G,3242304,214029,134,3447,1907958,43497,127,3447,980.2,300.8
R,1319379,97054,5621,3447,778718,35791,5577,3447,980.2,300.8
D,NBXX,9999,6.329e-5,4.884e-5,3.258e-5,6.267e-6,6.021e-6,4.826e-6
Y,195414,980.2,300.8,296.5,69.0,13.0,5.7,0,0000
T,2014,08,20,21,51,28
B,270577,30553,172,3447,163636,7333,187,3448,980.1,300.8
G,3242429,210406,140,3447,1907407,43340,108,3448,980.1,300.8
R,1319398,95979,5546,3447,779321,35542,5514,3448,980.1,300.8
D,NBXX,9999,6.189e-5,4.774e-5,3.206e-5,6.177e-6,5.973e-6,4.781e-6
Y,195422,980.1,300.8,296.5,68.5,13.1,5.7,0,0000
T,2014,08,20,21,56,28
B,270454,30369,196,3447,164011,7225,171,3447,980.1,300.8
G,3236438,212027,110,3447,1908606,43186,109,3447,980.1,300.8
R,1317464,97116,5564,3447,779726,36245,5852,3447,980.1,300.8
D,NBXX,9999,6.135e-5,4.836e-5,3.257e-5,5.839e-6,5.965e-6,4.980e-6
Y,195059,980.1,300.8,296.5,69.5,13.1,5.7,0,0000
T,2014,08,20,22,01,28
B,269817,30244,162,3448,163436,7319,158,3447,980.1,300.8
G,3242010,209454,138,3448,1912072,42831,163,3447,980.1,300.8
R,1319467,95838,5450,3448,780553,35891,5433,3447,980.1,300.8
D,NBXX,9999,6.135e-5,4.744e-5,3.209e-5,6.342e-6,5.809e-6,5.123e-6
Y,195339,980.1,300.8,296.5,69.2,13.1,5.7,0,0000
T,2014,08,20,22,06,28
B,270111,28907,172,3447,163456,7107,146,3447,980.1,300.8
G,3237779,196907,126,3447,1907115,41777,121,3447,980.1,300.8
R,1315897,90837,5453,3447,779352,35054,5564,3447,980.1,300.8
D,NBXX,9999,5.723e-5,4.372e-5,2.913e-5,5.681e-6,5.520e-6,4.558e-6
Y,195140,980.1,300.8,296.4,67.7,13.1,5.7,0,0000
T,2014,08,20,22,11,28
B,271256,27917,196,3447,163710,7072,156,3448,980.1,300.8
G,3240416,195242,144,3447,1909219,41776,118,3448,980.1,300.8
R,1314522,90481,5471,3447,779184,35036,5523,3448,980.1,300.8
D,NBXX,9999,5.378e-5,4.315e-5,2.898e-5,5.366e-6,5.500e-6,4.573e-6
Y,195300,980.1,300.8,296.4,67.2,13.1,5.7,0,0000
T,2014,08,20,22,16,28
B,271116,28240,167,3447,164047,7180,182,3447,980.2,300.7
G,3242047,194025,100,3447,1905157,41011,132,3447,980.2,300.7
R,1316959,90411,5542,3447,777820,34990,5408,3447,980.2,300.7
D,NBXX,9999,5.480e-5,4.276e-5,2.885e-5,5.717e-6,5.275e-6,4.542e-6
Y,195399,980.2,300.7,296.4,67.7,13.1,5.7,0,0000
T,2014,08,20,22,21,28
B,270579,27803,161,3448,164472,7274,140,3447,980.2,300.7
G,3239467,187779,98,3448,1906697,40731,94,3447,980.2,300.7
R,1320026,87888,5424,3448,780439,34914,5382,3447,980.2,300.7
D,NBXX,9999,5.382e-5,4.092e-5,2.732e-5,6.213e-6,5.217e-6,4.571e-6
Y,195186,980.2,300.7,296.4,66.9,13.0,5.7,0,0000
T,2014,08,20,22,26,28
B,271216,26185,157,3447,162886,6951,163,3447,980.3,300.7
G,3238205,178313,150,3447,1909090,39764,121,3447,980.3,300.7
R,1319104,84719,5532,3447,777766,34311,5509,3447,980.3,300.7
D,NBXX,9999,4.870e-5,3.803e-5,2.529e-5,5.123e-6,4.896e-6,4.049e-6
Y,195166,980.3,300.7,296.4,66.3,13.1,5.7,0,0000
T,2014,08,20,22,31,28
B,270367,26329,189,3447,163361,6880,162,3448,980.3,300.7
G,3240839,176553,199,3447,1909688,39888,203,3448,980.3,300.7
R,1318615,84659,5607,3447,779321,33812,5390,3448,980.3,300.7
D,NBXX,9999,4.927e-5,3.740e-5,2.530e-5,4.857e-6,4.874e-6,3.780e-6
Y,195325,980.3,300.7,296.4,65.9,13.0,5.7,0,0000
T,2014,08,20,22,36,28
B,269852,25286,186,3447,164076,6924,165,3447,980.4,300.7
G,3243092,171953,143,3447,1908978,39121,147,3447,980.4,300.7
R,1319904,84080,5347,3447,779209,33978,5555,3447,980.4,300.7
D,NBXX,9999,4.628e-5,3.601e-5,2.498e-5,5.033e-6,4.675e-6,3.938e-6
Y,195462,980.4,300.7,296.4,65.5,13.1,5.7,0,0000
T,2014,08,20,22,41,28
B,270686,25658,121,3448,163785,6983,136,3447,980.4,300.7
G,3240145,176344,128,3448,1908229,40169,135,3447,980.4,300.7
R,1318707,87416,5437,3448,779571,34254,5352,3447,980.4,300.7
D,NBXX,9999,4.748e-5,3.740e-5,2.710e-5,5.483e-6,5.018e-6,4.199e-6
Y,195227,980.4,300.7,296.3,65.3,13.1,5.7,0,0000
T,2014,08,20,22,46,28
B,270554,24312,184,3447,162121,6636,115,3447,980.4,300.6
G,3235293,166625,161,3447,1904439,38992,150,3447,980.4,300.6
R,1317318,82711,5401,3447,777704,33881,5420,3447,980.4,300.6
D,NBXX,9999,4.333e-5,3.450e-5,2.429e-5,4.296e-6,4.657e-6,3.961e-6
Y,194990,980.4,300.6,296.3,64.8,13.1,5.7,0,0000
T,2014,08,20,22,51,28
B,269253,24055,158,3447,163335,7013,146,3448,980.3,300.6
G,3238667,161847,176,3447,1907777,38909,165,3448,980.3,300.6
R,1319110,81547,5493,3447,776328,33904,5361,3448,980.3,300.6
D,NBXX,9999,4.288e-5,3.298e-5,2.351e-5,5.504e-6,4.605e-6,3.930e-6
Y,195194,980.3,300.6,296.3,64.6,13.1,5.7,0,0000
T,2014,08,20,22,56,28
B,269764,23372,194,3447,163144,6505,122,3447,980.3,300.6
G,3239683,151650,183,3447,1906292,37278,193,3447,980.3,300.6
R,1316099,76411,5360,3447,778776,32768,5425,3447,980.3,300.6
D,NBXX,9999,4.064e-5,2.984e-5,2.056e-5,3.897e-6,4.096e-6,3.328e-6
Y,195256,980.3,300.6,296.3,64.0,13.1,5.7,0,0000
T,2014,08,20,23,01,28
B,270168,22688,143,3448,162893,6553,129,3447,980.2,300.6
G,3242511,149906,195,3448,1910403,36623,163,3447,980.2,300.6
R,1317656,74609,5370,3448,778788,32464,5416,3447,980.2,300.6
D,NBXX,9999,3.863e-5,2.928e-5,1.943e-5,4.173e-6,3.896e-6,3.135e-6
Y,195370,980.2,300.6,296.2,63.5,13.1,5.7,0,0000
T,2014,08,20,23,06,28
B,269575,22994,159,3447,163387,6538,141,3447,980.2,300.5
G,3240408,152135,174,3447,1905691,37354,188,3447,980.2,300.5
R,1317372,76619,5315,3447,777598,32856,5332,3447,980.2,300.5
D,NBXX,9999,3.958e-5,2.999e-5,2.075e-5,4.052e-6,4.121e-6,3.466e-6
Y,195299,980.2,300.5,296.2,63.7,13.0,5.7,0,0000
T,2014,08,20,23,11,28
B,269885,22276,177,3447,163554,6542,134,3448,980.3,300.5
G,3237473,146977,176,3447,1908278,36617,127,3448,980.3,300.5
R,1320102,74310,5413,3447,779343,32283,5290,3448,980.3,300.5
D,NBXX,9999,3.730e-5,2.848e-5,1.924e-5,3.999e-6,3.924e-6,3.053e-6
Y,195122,980.3,300.5,296.2,64.2,13.1,5.7,0,0000
T,2014,08,20,23,16,28
B,271989,22081,162,3447,163583,6446,161,3447,980.4,300.5
G,3240693,145313,158,3447,1907534,36092,146,3447,980.4,300.5
R,1318492,73652,5288,3447,777652,32384,5309,3447,980.4,300.5
D,NBXX,9999,3.616e-5,2.793e-5,1.896e-5,3.531e-6,3.756e-6,3.206e-6
Y,195317,980.4,300.5,296.2,64.2,13.1,5.7,0,0000
T,2014,08,20,23,21,28
B,269834,21969,159,3448,164367,6506,151,3447,980.3,300.5
G,3242200,143572,160,3448,1908290,36049,150,3447,980.3,300.5
R,1317752,73458,5214,3448,778794,32051,5162,3447,980.3,300.5
D,NBXX,9999,3.639e-5,2.737e-5,1.902e-5,3.908e-6,3.739e-6,3.172e-6
Y,195351,980.3,300.5,296.1,64.5,13.1,5.7,0,0000
T,2014,08,20,23,26,28
B,269496,21535,154,3447,164414,6495,153,3447,980.3,300.5
G,3239896,142754,116,3447,1908917,35844,139,3447,980.3,300.5
R,1314284,72609,5507,3447,778153,32130,5163,3447,980.3,300.5
D,NBXX,9999,3.517e-5,2.717e-5,1.840e-5,3.903e-6,3.701e-6,3.041e-6
Y,195268,980.3,300.5,296.1,64.3,13.1,5.7,0,0000
T,2014,08,20,23,31,28
B,269817,21861,147,3447,163815,6470,139,3447,980.3,300.5
G,3247160,142294,125,3447,1912912,35793,103,3447,980.3,300.5
R,1317849,72892,5296,3447,779583,32320,5276,3447,980.3,300.5
D,NBXX,9999,3.615e-5,2.695e-5,1.854e-5,3.879e-6,3.671e-6,3.191e-6
Y,195708,980.3,300.5,296.1,64.3,13.1,5.7,0,0000
T,2014,08,20,23,36,28
B,269525,21693,146,3447,164201,6422,142,3448,980.3,300.4
G,3244593,143394,138,3447,1912695,36059,120,3448,980.3,300.4
R,1319532,72291,5330,3447,779270,32259,5225,3448,980.3,300.4
D,NBXX,9999,3.570e-5,2.728e-5,1.815e-5,3.742e-6,3.733e-6,3.147e-6
Y,195553,980.3,300.4,296.1,64.3,13.1,5.7,0,0000
T,2014,08,20,23,41,28
B,269978,21798,184,3447,163046,6535,140,3447,980.3,300.4
G,3240833,142380,180,3447,1909155,36309,155,3447,980.3,300.4
R,1314883,71602,5104,3447,779750,31870,5071,3447,980.3,300.4
D,NBXX,9999,3.579e-5,2.699e-5,1.812e-5,3.931e-6,3.798e-6,3.225e-6
Y,195325,980.3,300.4,296.1,64.2,13.0,5.7,0,0000
T,2014,08,20,23,46,28
B,269540,21780,164,3448,162510,6390,141,3447,980.4,300.4
G,3245671,143211,121,3448,1911316,35933,121,3447,980.4,300.4
R,1317511,72124,5291,3448,776716,32225,5201,3447,980.4,300.4
D,NBXX,9999,3.590e-5,2.721e-5,1.814e-5,3.595e-6,3.703e-6,3.198e-6
Y,195561,980.4,300.4,296.1,64.5,13.1,5.7,0,0000
T,2014,08,20,23,51,28
B,270983,21893,147,3447,163542,6532,141,3447,980.5,300.4
G,3239808,145239,161,3447,1909654,36209,138,3447,980.5,300.4
R,1317495,73146,5215,3447,779829,31881,5160,3447,980.5,300.4
D,NBXX,9999,3.596e-5,2.789e-5,1.884e-5,3.979e-6,3.784e-6,3.068e-6
Y,195263,980.5,300.4,296.0,65.3,13.1,5.7,0,0000
T,2014,08,20,23,56,28
B,269464,22231,140,3447,163038,6531,147,3448,980.5,300.4
G,3248116,145657,177,3447,1914824,36120,144,3448,980.5,300.4
R,1315917,72419,5167,3447,780825,31857,5112,3448,980.5,300.4
D,NBXX,9999,3.735e-5,2.790e-5,1.852e-5,4.078e-6,3.718e-6,3.131e-6
Y,195766,980.5,300.4,296.0,65.8,13.1,5.7,0,0000
