T,2014,08,22,00,02,23
B,270729,31579,112,3447,163600,7291,121,3448,980.5,299.9
G,3265882,213149,171,3447,1919710,44701,152,3448,980.5,299.9
R,1318038,94147,4811,3447,778459,35034,4737,3448,980.5,299.9
D,NBXX,9999,6.530e-5,4.805e-5,3.203e-5,6.450e-6,6.250e-6,5.531e-6
Y,196841,980.5,299.9,295.6,77.8,13.0,5.7,0,0000
T,2014,08,22,00,07,23
B,270539,31307,118,3425,163450,7166,109,3425,980.4,299.9
G,3252248,210995,167,3425,1908273,44508,155,3425,980.4,299.9
R,1311291,92044,4651,3425,773771,34597,4652,3425,980.4,299.9
D,NBXX,9999,6.457e-5,4.767e-5,3.118e-5,6.115e-6,6.252e-6,5.518e-6
Y,197280,980.4,299.9,295.6,77.8,13.1,5.7,0,0008
T,2014,08,22,00,12,23
B,271094,31086,122,3448,163315,7330,134,3447,980.4,299.9
G,3270136,210287,165,3448,1921216,44306,134,3447,980.4,299.9
R,1319033,92927,4761,3448,779093,34497,4850,3447,980.4,299.9
D,NBXX,9999,6.362e-5,4.711e-5,3.121e-5,6.471e-6,6.130e-6,5.164e-6
Y,197041,980.4,299.9,295.5,77.9,13.1,5.7,0,0000
T,2014,08,22,00,17,23
B,265589,30448,106,3386,160364,7030,135,3386,980.4,299.9
G,3208392,205775,84,3386,1887677,43047,96,3386,980.4,299.9
R,1293348,90649,4709,3386,762075,33473,4630,3386,980.4,299.9
D,NBXX,9999,6.363e-5,4.699e-5,3.098e-5,6.036e-6,6.036e-6,5.004e-6
Y,196859,980.4,299.9,295.5,77.9,13.0,5.7,0,0008
T,2014,08,22,00,22,23
B,269054,30700,103,3416,162238,7378,117,3417,980.4,299.9
G,3231000,210757,117,3416,1908556,43490,101,3417,980.4,299.9
R,1305092,92091,4703,3416,771923,34063,4630,3417,980.4,299.9
D,NBXX,9999,6.327e-5,4.805e-5,3.142e-5,6.890e-6,6.062e-6,5.236e-6
Y,196504,980.4,299.9,295.5,77.9,13.1,5.7,0,0008
T,2014,08,22,00,27,23
B,271301,31558,120,3447,162625,7464,134,3447,980.4,299.8
G,3270921,213754,220,3447,1918334,44773,216,3447,980.4,299.8
R,1319210,94380,4777,3447,774943,34235,4825,3447,980.4,299.8
D,NBXX,9999,6.494e-5,4.810e-5,3.208e-5,6.844e-6,6.215e-6,5.006e-6
Y,197146,980.4,299.8,295.5,77.9,13.0,5.7,0,0000
T,2014,08,22,00,32,23
B,258452,30650,107,3275,155470,6990,90,3276,980.4,299.8
G,3108180,208303,256,3275,1829246,43778,248,3276,980.4,299.8
R,1254564,91230,4395,3275,739919,33085,4444,3276,980.4,299.8
D,NBXX,9999,6.695e-5,4.971e-5,3.323e-5,6.622e-6,6.570e-6,5.548e-6
Y,197176,980.4,299.8,295.5,78.1,13.1,5.7,0,0008
T,2014,08,22,00,37,23
B,268058,32775,110,3417,160765,7459,108,3417,980.4,299.8
G,3238645,220908,102,3417,1902235,45114,133,3417,980.4,299.8
R,1307113,96381,4675,3417,768253,34660,4650,3417,980.4,299.8
D,NBXX,9999,6.990e-5,5.099e-5,3.395e-5,7.215e-6,6.524e-6,5.587e-6
Y,196913,980.4,299.8,295.5,78.4,13.0,5.7,0,0008
T,2014,08,22,00,42,23
B,270105,32211,123,3447,163831,7456,107,3448,980.4,299.8
G,3264601,221173,191,3447,1926671,45719,176,3448,980.4,299.8
R,1317769,95979,4738,3447,778561,34694,4687,3448,980.4,299.8
D,NBXX,9999,6.741e-5,5.049e-5,3.322e-5,6.992e-6,6.548e-6,5.416e-6
Y,196763,980.4,299.8,295.5,78.4,13.0,5.7,0,0000
T,2014,08,22,00,47,23
B,271347,32735,112,3447,163459,7475,111,3447,980.4,299.8
G,3267861,222242,169,3447,1917279,45646,165,3447,980.4,299.8
R,1316963,97226,4673,3447,774570,35145,4704,3447,980.4,299.8
D,NBXX,9999,6.856e-5,5.076e-5,3.404e-5,6.981e-6,6.528e-6,5.734e-6
Y,196960,980.4,299.8,295.5,78.6,13.0,5.7,0,0000
T,2014,08,22,00,52,23
B,271449,32694,112,3448,163632,7623,101,3447,980.3,299.8
G,3270291,223929,221,3448,1920775,46053,188,3447,980.3,299.8
R,1319841,97857,4802,3448,774527,35133,4614,3447,980.3,299.8
D,NBXX,9999,6.844e-5,5.119e-5,3.427e-5,7.458e-6,6.618e-6,5.673e-6
Y,197050,980.3,299.8,295.5,78.8,13.1,5.7,0,0000
T,2014,08,22,00,57,23
B,270678,33186,147,3447,163761,7473,100,3447,980.3,299.8
G,3272580,228874,122,3447,1920860,46108,111,3447,980.3,299.8
R,1319984,99063,4607,3447,778073,35224,4599,3447,980.3,299.8
D,NBXX,9999,7.008e-5,5.270e-5,3.514e-5,6.945e-6,6.682e-6,5.867e-6
Y,197246,980.3,299.8,295.5,78.8,13.1,5.7,0,0000
T,2014,08,22,01,02,23
B,271023,33091,131,3447,163647,7498,101,3448,980.4,299.9
G,3273968,227810,105,3447,1921852,46095,102,3448,980.4,299.9
R,1320211,98466,4711,3447,777005,34959,4728,3448,980.4,299.9
D,NBXX,9999,6.974e-5,5.235e-5,3.461e-5,7.052e-6,6.678e-6,5.538e-6
Y,197330,980.4,299.9,295.5,78.8,13.0,5.7,0,0000
T,2014,08,22,01,07,23
B,271168,33419,108,3447,163867,7516,120,3447,980.4,299.8
G,3273389,230433,215,3447,1922718,46776,205,3447,980.4,299.8
R,1318506,100478,4737,3447,778358,35598,4767,3447,980.4,299.8
D,NBXX,9999,7.066e-5,5.308e-5,3.584e-5,7.101e-6,6.815e-6,5.901e-6
Y,197295,980.4,299.8,295.6,78.9,13.0,5.7,0,0000
T,2014,08,22,01,12,23
B,271787,33654,96,3448,163566,7365,134,3447,980.3,299.8
G,3277951,230936,143,3448,1924087,46555,147,3447,980.3,299.8
R,1319316,100371,4624,3448,777513,35226,4692,3447,980.3,299.8
D,NBXX,9999,7.113e-5,5.318e-5,3.587e-5,6.598e-6,6.778e-6,5.805e-6
Y,197513,980.3,299.8,295.6,79.1,13.0,5.7,0,0000
T,2014,08,22,01,17,23
B,271216,33181,132,3447,164046,7543,137,3447,980.3,299.9
G,3270930,227993,128,3447,1925548,46190,124,3447,980.3,299.9
R,1316249,98913,4620,3447,778001,34938,4577,3447,980.3,299.9
D,NBXX,9999,6.982e-5,5.246e-5,3.520e-5,7.049e-6,6.708e-6,5.743e-6
Y,197146,980.3,299.9,295.6,78.9,13.0,5.7,0,0000
T,2014,08,22,01,22,23
B,271830,33470,130,3447,163554,7562,107,3448,980.3,299.9
G,3273978,231548,195,3447,1920864,46898,166,3448,980.3,299.9
R,1320658,100727,4573,3447,775546,34937,4568,3448,980.3,299.9
D,NBXX,9999,7.057e-5,5.343e-5,3.615e-5,7.162e-6,6.866e-6,5.728e-6
Y,197331,980.3,299.9,295.6,78.9,13.1,5.7,0,0000
T,2014,08,22,01,27,23
B,271462,33505,102,3447,163609,7528,122,3447,980.3,299.9
G,3269385,231795,143,3447,1918859,46331,95,3447,980.3,299.9
R,1319494,101048,4663,3447,775212,35416,4656,3447,980.3,299.9
D,NBXX,9999,7.085e-5,5.364e-5,3.627e-5,7.141e-6,6.762e-6,5.909e-6
Y,197053,980.3,299.9,295.6,79.1,13.1,5.7,0,0000
T,2014,08,22,01,32,23
B,272637,33639,146,3448,163678,7441,113,3447,980.3,299.9
G,3271965,235630,178,3448,1919010,47019,126,3447,980.3,299.9
R,1319414,102284,4588,3448,776425,35446,4508,3447,980.3,299.9
D,NBXX,9999,7.071e-5,5.472e-5,3.717e-5,6.672e-6,6.939e-6,6.089e-6
Y,197151,980.3,299.9,295.6,79.1,13.1,5.7,0,0000
T,2014,08,22,01,37,23
B,269285,33183,130,3425,162022,7610,100,3425,980.3,299.8
G,3251671,226926,169,3425,1904927,46597,175,3425,980.3,299.8
R,1312070,99479,4665,3425,771625,34806,4566,3425,980.3,299.8
D,NBXX,9999,7.064e-5,5.251e-5,3.569e-5,7.530e-6,6.881e-6,5.686e-6
Y,197245,980.3,299.8,295.6,78.4,13.1,5.7,0,0008
T,2014,08,22,01,42,23
B,271614,33634,128,3447,164521,7651,115,3448,980.3,299.8
G,3271221,232247,131,3447,1925869,46750,105,3448,980.3,299.8
R,1318708,101999,4547,3447,775554,35494,4504,3448,980.3,299.8
D,NBXX,9999,7.109e-5,5.374e-5,3.706e-5,7.411e-6,6.877e-6,6.147e-6
Y,197164,980.3,299.8,295.6,78.4,13.0,5.7,0,0000
T,2014,08,22,01,47,23
B,270968,33448,131,3447,162891,7641,125,3447,980.2,299.8
G,3272512,230088,110,3447,1919782,46914,106,3447,980.2,299.8
R,1319677,100546,4562,3447,776823,34955,4513,3447,980.2,299.8
D,NBXX,9999,7.073e-5,5.307e-5,3.613e-5,7.395e-6,6.932e-6,5.801e-6
Y,197242,980.2,299.8,295.6,78.1,13.1,5.7,0,0000
T,2014,08,22,02,02,23
B,270662,33115,114,3447,163842,7563,115,3448,980.1,299.9
G,3270076,228291,125,3447,1920544,46756,94,3448,980.1,299.9
R,1317494,99585,4518,3447,776392,34637,4541,3448,980.1,299.9
D,NBXX,9999,6.996e-5,5.258e-5,3.568e-5,7.287e-6,6.890e-6,5.653e-6
Y,197094,980.1,299.9,295.7,77.8,13.0,5.7,0,0000
T,2014,08,22,02,07,23
B,271020,33160,98,3447,163230,7578,102,3447,980.1,299.9
G,3270107,228083,115,3447,1921135,46871,122,3447,980.1,299.9
R,1318213,100328,4536,3447,775861,35209,4538,3447,980.1,299.9
D,NBXX,9999,7.006e-5,5.251e-5,3.609e-5,7.410e-6,6.922e-6,5.984e-6
Y,197096,980.1,299.9,295.7,77.6,13.0,5.7,0,0000
T,2014,08,22,02,12,23
B,271177,33381,126,3447,163226,7698,112,3447,980.1,299.9
G,3274451,229157,166,3447,1921048,47178,121,3447,980.1,299.9
R,1315943,99800,4606,3447,778159,35434,4491,3447,980.1,299.9
D,NBXX,9999,7.054e-5,5.272e-5,3.585e-5,7.625e-6,6.978e-6,6.129e-6
Y,197359,980.1,299.9,295.7,77.5,13.1,5.7,0,0000
T,2014,08,22,02,17,23
B,269218,32814,118,3418,162285,7527,101,3418,980.1,299.9
G,3244815,227055,107,3418,1906394,46590,85,3418,980.1,299.9
R,1306802,99364,4557,3418,771182,34755,4573,3418,980.1,299.9
D,NBXX,9999,6.961e-5,5.275e-5,3.594e-5,7.337e-6,6.962e-6,5.799e-6
Y,197232,980.1,299.9,295.7,77.5,13.0,5.7,0,0008
T,2014,08,22,02,22,23
B,271042,33077,149,3447,163106,7540,126,3447,980.0,299.9
G,3265731,229144,160,3447,1921129,47289,165,3447,980.0,299.9
R,1312921,100871,4646,3447,777912,35156,4549,3447,980.0,299.9
D,NBXX,9999,6.955e-5,5.289e-5,3.655e-5,7.033e-6,7.036e-6,5.927e-6
Y,196832,980.0,299.9,295.7,77.6,13.1,5.7,0,0000
T,2014,08,22,02,27,23
B,270460,33645,135,3447,163339,7657,95,3448,980.0,299.9
G,3276261,232422,119,3447,1919251,47252,106,3448,980.0,299.9
R,1318010,101500,4511,3447,775976,35281,4501,3448,980.0,299.9
D,NBXX,9999,7.162e-5,5.369e-5,3.684e-5,7.582e-6,7.010e-6,6.067e-6
Y,197469,980.0,299.9,295.7,77.6,13.0,5.7,0,0000
T,2014,08,22,02,32,23
B,268426,33873,128,3414,161979,7645,102,3414,980.0,299.9
G,3240453,236286,115,3414,1906277,47616,92,3414,980.0,299.9
R,1306882,103282,4407,3414,771937,35192,4370,3414,980.0,299.9
D,NBXX,9999,7.308e-5,5.565e-5,3.855e-5,7.721e-6,7.288e-6,6.311e-6
Y,197197,980.0,299.9,295.7,77.8,13.0,5.7,0,0008
T,2014,08,22,02,37,23
B,272455,34610,135,3448,164367,7728,103,3447,979.9,299.9
G,3274638,240123,174,3448,1928850,48675,130,3447,979.9,299.9
R,1317407,104896,4615,3448,779751,36008,4691,3447,979.9,299.9
D,NBXX,9999,7.374e-5,5.602e-5,3.871e-5,7.617e-6,7.427e-6,6.317e-6
Y,197313,979.9,299.9,295.7,78.1,13.0,5.7,0,0000
T,2014,08,22,02,42,23
B,272024,34651,79,3447,162765,7770,141,3447,979.9,299.9
G,3270715,240941,100,3447,1916670,47935,77,3447,979.9,299.9
R,1317195,103934,4476,3447,775103,35489,4547,3447,979.9,299.9
D,NBXX,9999,7.409e-5,5.640e-5,3.833e-5,7.834e-6,7.261e-6,6.199e-6
Y,197133,979.9,299.9,295.7,77.9,13.0,5.7,0,0000
T,2014,08,22,02,47,23
B,268007,34480,126,3425,162787,7602,132,3426,979.9,299.9
G,3255093,239476,250,3425,1911872,48391,226,3426,979.9,299.9
R,1308998,103294,4428,3425,775241,35599,4544,3426,979.9,299.9
D,NBXX,9999,7.498e-5,5.620e-5,3.833e-5,7.520e-6,7.359e-6,6.390e-6
Y,197453,979.9,299.9,295.7,77.8,13.0,5.7,0,0008
T,2014,08,22,02,52,23
B,270634,34881,124,3447,163840,7660,134,3447,979.9,299.9
G,3268823,241920,161,3447,1921347,47880,139,3447,979.9,299.9
R,1317824,103858,4492,3447,776771,35447,4553,3447,979.9,299.9
D,NBXX,9999,7.518e-5,5.669e-5,3.824e-5,7.486e-6,7.210e-6,6.151e-6
Y,197019,979.9,299.9,295.7,77.9,13.0,5.7,0,0000
T,2014,08,22,02,57,23
B,269750,33902,134,3426,163523,7636,90,3425,979.9,299.9
G,3251663,236484,230,3426,1911332,48130,231,3425,979.9,299.9
R,1309491,101882,4399,3426,773570,35753,4466,3425,979.9,299.9
D,NBXX,9999,7.268e-5,5.537e-5,3.753e-5,7.612e-6,7.309e-6,6.564e-6
Y,197186,979.9,299.9,295.7,77.8,13.1,5.7,0,0008
T,2014,08,22,03,07,23
B,270898,33664,100,3447,163593,7580,97,3448,979.8,299.9
G,3271835,234746,115,3447,1924363,47383,110,3448,979.8,299.9
R,1319244,101937,4642,3447,777930,35299,4544,3448,979.8,299.9
D,NBXX,9999,7.163e-5,5.449e-5,3.693e-5,7.430e-6,7.069e-6,5.943e-6
Y,197201,979.8,299.9,295.6,77.6,13.1,5.7,0,0000
T,2014,08,22,03,12,23
B,269394,34898,117,3425,163049,7703,90,3425,979.8,299.9
G,3254579,248641,119,3425,1908633,49074,92,3425,979.8,299.9
R,1310197,108871,4413,3425,771795,36206,4549,3425,979.8,299.9
D,NBXX,9999,7.589e-5,5.908e-5,4.166e-5,7.896e-6,7.666e-6,6.756e-6
Y,197422,979.8,299.9,295.7,77.9,13.1,5.7,0,0008
T,2014,08,22,03,17,23
B,271304,35572,106,3448,163652,8119,139,3447,979.9,299.9
G,3272884,250320,112,3448,1928174,49593,138,3447,979.9,299.9
R,1321363,110333,4574,3448,778221,36441,4525,3447,979.9,299.9
D,NBXX,9999,7.704e-5,5.915e-5,4.194e-5,8.861e-6,7.731e-6,6.675e-6
Y,197207,979.9,299.9,295.7,78.3,13.0,5.7,0,0000
T,2014,08,22,03,22,23
B,271767,34831,112,3447,164192,7940,123,3447,979.8,299.9
G,3272096,243657,129,3447,1922281,48334,148,3447,979.8,299.9
R,1318791,106826,4551,3447,775858,36273,4612,3447,979.8,299.9
D,NBXX,9999,7.468e-5,5.715e-5,3.991e-5,8.312e-6,7.341e-6,6.554e-6
Y,197217,979.8,299.9,295.7,78.4,13.0,5.7,0,0000
T,2014,08,22,03,27,23
B,271708,33548,133,3447,164662,7686,131,3448,979.8,299.9
G,3273860,236127,132,3447,1931721,48377,149,3448,979.8,299.9
R,1317876,102684,4548,3447,783027,35606,4608,3448,979.8,299.9
D,NBXX,9999,7.076e-5,5.484e-5,3.746e-5,7.449e-6,7.340e-6,6.164e-6
Y,197323,979.8,299.9,295.7,78.1,13.0,5.7,0,0000
T,2014,08,22,03,32,23
B,269851,33644,114,3425,161990,7682,118,3425,979.7,299.9
G,3253902,235210,114,3425,1916046,47542,121,3425,979.7,299.9
R,1311513,102950,4517,3425,771636,35208,4373,3425,979.7,299.9
D,NBXX,9999,7.184e-5,5.501e-5,3.807e-5,7.707e-6,7.196e-6,6.188e-6
Y,197380,979.7,299.9,295.6,77.9,13.0,5.7,0,0008
T,2014,08,22,03,37,23
B,271955,34328,126,3448,164548,7879,103,3447,979.7,299.8
G,3273687,238482,162,3448,1925862,48634,116,3447,979.7,299.8
R,1317829,103639,4567,3448,779685,35906,4467,3447,979.7,299.8
D,NBXX,9999,7.309e-5,5.555e-5,3.812e-5,8.127e-6,7.428e-6,6.440e-6
Y,197256,979.7,299.8,295.6,77.8,13.0,5.7,0,0000
T,2014,08,22,03,42,23
B,268443,34127,105,3403,161919,7850,90,3403,979.7,299.8
G,3238237,238226,130,3403,1903156,48369,137,3403,979.7,299.8
R,1303711,103119,4418,3403,766599,35270,4407,3403,979.7,299.8
D,NBXX,9999,7.393e-5,5.627e-5,3.856e-5,8.450e-6,7.506e-6,6.361e-6
Y,197701,979.7,299.8,295.6,77.8,13.0,5.7,0,0008
T,2014,08,22,03,47,23
B,271550,33826,139,3447,163227,7609,110,3448,979.7,299.8
G,3274156,237060,140,3447,1928230,48070,157,3448,979.7,299.8
R,1319118,102716,4607,3447,776632,35729,4557,3448,979.7,299.8
D,NBXX,9999,7.167e-5,5.511e-5,3.742e-5,7.269e-6,7.241e-6,6.218e-6
Y,197341,979.7,299.8,295.6,77.9,13.1,5.7,0,0000
T,2014,08,22,03,52,23
B,268952,33699,130,3425,162413,7777,100,3425,979.7,299.8
G,3252845,233154,150,3425,1912189,47530,141,3425,979.7,299.8
R,1308823,102481,4429,3425,772346,35267,4495,3425,979.7,299.8
D,NBXX,9999,7.232e-5,5.439e-5,3.788e-5,8.063e-6,7.177e-6,6.231e-6
Y,197316,979.7,299.8,295.6,77.8,13.1,5.7,0,0008
T,2014,08,22,04,07,23
B,270634,33321,90,3447,164018,7742,114,3448,979.6,299.8
G,3273804,230376,116,3447,1924657,47106,91,3448,979.6,299.8
R,1317867,100501,4433,3447,779242,35322,4487,3448,979.6,299.8
D,NBXX,9999,7.065e-5,5.313e-5,3.631e-5,7.900e-6,6.983e-6,6.158e-6
Y,197320,979.6,299.8,295.6,77.8,13.0,5.7,0,0000
T,2014,08,22,04,12,23
B,270754,32932,125,3447,164000,7633,140,3447,979.6,299.8
G,3272038,228464,120,3447,1928785,46953,115,3447,979.6,299.8
R,1318063,100264,4646,3447,778725,35194,4463,3447,979.6,299.8
D,NBXX,9999,6.922e-5,5.258e-5,3.603e-5,7.357e-6,6.939e-6,5.952e-6
Y,197213,979.6,299.8,295.6,77.8,13.0,5.7,0,0000
T,2014,08,22,04,17,23
B,270943,33107,110,3448,163004,7563,88,3447,979.6,299.8
G,3271748,228344,173,3448,1922637,47273,195,3447,979.6,299.8
R,1318343,100168,4466,3448,774765,35029,4540,3447,979.6,299.8
D,NBXX,9999,6.991e-5,5.251e-5,3.603e-5,7.371e-6,6.994e-6,5.927e-6
Y,197138,979.6,299.8,295.6,77.8,13.0,5.7,0,0000
T,2014,08,22,04,22,23
B,265229,32506,102,3371,160209,7558,133,3372,979.6,299.8
G,3205309,224537,142,3371,1879972,46195,101,3372,979.6,299.8
R,1287341,98150,4425,3371,760139,34591,4352,3372,979.6,299.8
D,NBXX,9999,7.006e-5,5.280e-5,3.625e-5,7.685e-6,6.992e-6,6.166e-6
Y,197548,979.6,299.8,295.6,77.8,13.0,5.7,0,0008
T,2014,08,22,04,27,23
B,269144,33356,110,3425,162310,7544,110,3425,979.7,299.8
G,3247671,229144,138,3425,1910057,47348,118,3425,979.7,299.8
R,1306489,99971,4383,3425,771904,34665,4458,3425,979.7,299.8
D,NBXX,9999,7.125e-5,5.330e-5,3.652e-5,7.377e-6,7.157e-6,5.951e-6
Y,197001,979.7,299.8,295.6,77.8,13.1,5.7,0,0008
T,2014,08,22,04,32,23
B,265452,33464,94,3359,159081,7628,93,3361,979.6,299.8
G,3192325,231366,100,3359,1874839,46842,93,3361,979.6,299.8
R,1285061,100788,4486,3359,758596,34546,4344,3361,979.6,299.8
D,NBXX,9999,7.309e-5,5.521e-5,3.794e-5,8.045e-6,7.263e-6,6.121e-6
Y,197450,979.6,299.8,295.6,77.9,13.1,5.7,0,0008
T,2014,08,22,04,37,23
B,271793,34198,122,3447,162907,7680,120,3447,979.5,299.8
G,3277292,233232,122,3447,1919510,47464,83,3447,979.5,299.8
R,1319096,100909,4427,3447,775392,35012,4429,3447,979.5,299.8
D,NBXX,9999,7.275e-5,5.392e-5,3.655e-5,7.507e-6,7.081e-6,6.007e-6
Y,197531,979.5,299.8,295.6,77.9,13.1,5.7,0,0000
T,2014,08,22,04,42,23
B,268595,33247,146,3404,161344,7648,113,3403,979.6,299.8
G,3237398,230401,120,3404,1903329,47056,70,3403,979.6,299.8
R,1303197,99805,4356,3404,769774,34383,4434,3403,979.6,299.8
D,NBXX,9999,7.099e-5,5.393e-5,3.659e-5,7.607e-6,7.141e-6,5.858e-6
Y,197592,979.6,299.8,295.5,77.8,13.1,5.7,0,0008
T,2014,08,22,04,47,23
B,271850,33844,140,3447,163260,7768,99,3447,979.6,299.8
G,3269551,233022,92,3447,1918808,47200,56,3447,979.6,299.8
R,1317343,101067,4380,3447,772954,35335,4463,3447,979.6,299.8
D,NBXX,9999,7.165e-5,5.404e-5,3.673e-5,7.762e-6,7.055e-6,6.230e-6
Y,197063,979.6,299.8,295.5,77.9,13.0,5.7,0,0000
T,2014,08,22,04,52,23
B,271182,33628,107,3447,164673,7786,115,3448,979.6,299.8
G,3276013,232205,98,3447,1923740,46986,77,3448,979.6,299.8
R,1318969,100818,4423,3447,777824,34882,4354,3448,979.6,299.8
D,NBXX,9999,7.130e-5,5.365e-5,3.655e-5,7.924e-6,6.949e-6,5.981e-6
Y,197454,979.6,299.8,295.5,77.9,13.0,5.7,0,0000
T,2014,08,22,04,57,23
B,270790,33753,125,3447,163784,7588,99,3447,979.5,299.8
G,3275357,233023,140,3447,1925560,47408,125,3447,979.5,299.8
R,1317818,100381,4511,3447,775793,35014,4445,3447,979.5,299.8
D,NBXX,9999,7.185e-5,5.388e-5,3.622e-5,7.375e-6,7.051e-6,5.953e-6
Y,197414,979.5,299.8,295.5,77.9,13.0,5.7,0,0000
T,2014,08,22,05,02,23
B,271316,33409,132,3448,165024,7806,98,3447,979.5,299.8
G,3274345,231849,167,3448,1923319,47522,175,3447,979.5,299.8
R,1317558,100761,4572,3448,775107,35179,4371,3447,979.5,299.8
D,NBXX,9999,7.060e-5,5.352e-5,3.646e-5,7.972e-6,7.067e-6,6.070e-6
Y,197295,979.5,299.8,295.5,77.9,13.0,5.7,0,0000
T,2014,08,22,05,07,23
B,271139,33506,88,3447,163750,7828,113,3447,979.4,299.8
G,3272300,233719,203,3447,1928853,47557,190,3447,979.4,299.8
R,1315508,101037,4443,3447,778568,35419,4371,3447,979.4,299.8
D,NBXX,9999,7.105e-5,5.411e-5,3.680e-5,8.147e-6,7.065e-6,6.322e-6
Y,197229,979.4,299.8,295.5,78.1,13.0,5.7,0,0000
T,2014,08,22,05,12,23
B,271925,33619,119,3447,163814,7606,120,3448,979.4,299.7
G,3271919,232821,201,3447,1919518,47593,213,3448,979.4,299.7
R,1317670,100488,4495,3447,776379,35101,4493,3448,979.4,299.7
D,NBXX,9999,7.097e-5,5.381e-5,3.627e-5,7.279e-6,7.052e-6,5.980e-6
Y,197206,979.4,299.7,295.5,77.9,13.1,5.7,0,0000
T,2014,08,22,05,17,23
B,271362,34152,143,3447,163491,7739,113,3447,979.4,299.7
G,3268397,233751,182,3447,1916532,47947,151,3447,979.4,299.7
R,1317950,101536,4426,3447,772944,34836,4373,3447,979.4,299.7
D,NBXX,9999,7.272e-5,5.420e-5,3.701e-5,7.671e-6,7.207e-6,5.954e-6
Y,196993,979.4,299.7,295.5,77.9,13.1,5.7,0,0000
T,2014,08,22,05,22,23
B,267485,33263,103,3390,160872,7850,100,3389,979.4,299.7
G,3223707,230940,172,3390,1889431,46896,135,3389,979.4,299.7
R,1294310,99300,4361,3390,762363,34448,4291,3389,979.4,299.7
D,NBXX,9999,7.167e-5,5.432e-5,3.675e-5,8.526e-6,7.098e-6,6.097e-6
Y,197569,979.4,299.7,295.5,77.9,13.1,5.7,0,0008
T,2014,08,22,05,27,23
B,267177,33483,102,3399,161229,7670,113,3400,979.3,299.7
G,3226601,232585,150,3399,1887631,47394,110,3400,979.3,299.7
R,1299174,100234,4360,3399,762186,34711,4283,3400,979.3,299.7
D,NBXX,9999,7.242e-5,5.478e-5,3.712e-5,7.948e-6,7.246e-6,6.197e-6
Y,197221,979.3,299.7,295.5,77.9,13.0,5.7,0,0008
T,2014,08,22,05,32,23
B,272072,34277,91,3447,163491,7579,135,3448,979.3,299.7
G,3273299,236144,117,3447,1922422,48238,106,3448,979.3,299.7
R,1317046,101831,4373,3447,776874,35070,4390,3448,979.3,299.7
D,NBXX,9999,7.293e-5,5.485e-5,3.725e-5,7.231e-6,7.308e-6,6.125e-6
Y,197289,979.3,299.7,295.5,77.9,13.0,5.7,0,0000
T,2014,08,22,05,37,23
B,271410,33943,107,3447,163728,7900,116,3447,979.3,299.7
G,3276803,236149,125,3447,1919964,48056,136,3447,979.3,299.7
R,1317417,101528,4348,3447,774975,35671,4465,3447,979.3,299.7
D,NBXX,9999,7.219e-5,5.476e-5,3.702e-5,8.264e-6,7.228e-6,6.453e-6
Y,197501,979.3,299.7,295.5,77.9,13.0,5.7,0,0000
T,2014,08,22,05,42,23
B,269592,34181,143,3426,163145,7670,98,3425,979.3,299.7
G,3255954,236189,95,3426,1916591,47318,89,3425,979.3,299.7
R,1309871,101187,4451,3426,773107,35276,4291,3425,979.3,299.7
D,NBXX,9999,7.353e-5,5.526e-5,3.718e-5,7.668e-6,7.128e-6,6.357e-6
Y,197448,979.3,299.7,295.5,77.9,13.0,5.7,0,0008
T,2014,08,22,05,47,23
B,272198,33976,137,3447,163447,7715,87,3447,979.2,299.7
G,3269330,235501,133,3447,1915716,48430,76,3447,979.2,299.7
R,1317226,101499,4494,3447,775494,35201,4288,3447,979.2,299.7
D,NBXX,9999,7.199e-5,5.475e-5,3.703e-5,7.641e-6,7.392e-6,6.194e-6
Y,197049,979.2,299.7,295.4,77.9,13.0,5.7,0,0000
T,2014,08,22,05,52,23
B,272075,34225,119,3447,163496,7920,90,3448,979.1,299.7
G,3275470,236196,95,3447,1925204,48240,106,3448,979.1,299.7
R,1316687,102084,4315,3447,774884,35342,4457,3448,979.1,299.7
D,NBXX,9999,7.283e-5,5.483e-5,3.741e-5,8.310e-6,7.306e-6,6.287e-6
Y,197421,979.1,299.7,295.4,78.1,13.0,5.7,0,0000
T,2014,08,22,05,57,23
B,266459,33256,133,3380,160651,7675,90,3381,979.1,299.7
G,3217548,231461,114,3380,1890820,47100,83,3381,979.1,299.7
R,1293314,99682,4189,3380,761605,34974,4197,3381,979.1,299.7
D,NBXX,9999,7.197e-5,5.465e-5,3.721e-5,7.996e-6,7.218e-6,6.609e-6
Y,197775,979.1,299.7,295.4,78.1,13.1,5.7,0,0008
T,2014,08,22,06,02,23
B,269410,34060,114,3416,161726,7624,101,3416,979.2,299.7
G,3243656,233672,123,3416,1901590,47632,128,3416,979.2,299.7
R,1303745,101100,4315,3416,766508,35177,4239,3416,979.2,299.7
D,NBXX,9999,7.332e-5,5.474e-5,3.752e-5,7.628e-6,7.250e-6,6.496e-6
Y,197277,979.2,299.7,295.4,77.9,13.1,5.7,0,0008
T,2014,08,22,06,07,23
B,271544,34309,96,3447,163713,7801,119,3447,979.2,299.7
G,3276404,238352,124,3447,1925799,48362,128,3447,979.2,299.7
R,1317709,103171,4359,3447,775148,35397,4328,3447,979.2,299.7
D,NBXX,9999,7.326e-5,5.544e-5,3.808e-5,7.984e-6,7.325e-6,6.372e-6
Y,197477,979.2,299.7,295.4,78.1,13.0,5.7,0,0000
T,2014,08,22,06,12,23
B,272280,34619,120,3447,164664,7816,112,3448,979.1,299.7
G,3277973,237788,107,3447,1927194,48539,81,3448,979.1,299.7
R,1317890,101843,4350,3447,776960,35193,4301,3448,979.1,299.7
D,NBXX,9999,7.386e-5,5.525e-5,3.730e-5,7.902e-6,7.390e-6,6.268e-6
Y,197572,979.1,299.7,295.4,78.1,13.1,5.7,0,0000
T,2014,08,22,06,17,23
B,270925,44318,82,3425,161972,10086,114,3426,979.2,299.7
G,3254192,301157,187,3425,1899361,63591,163,3426,979.2,299.7
R,1307415,119632,4267,3425,769852,39920,4339,3426,979.2,299.7
D,NBXX,9999,1.036e-4,7.495e-5,4.856e-5,1.495e-5,1.200e-5,9.284e-6
Y,197398,979.2,299.7,295.4,77.9,13.0,5.7,0,0008
T,2014,08,22,06,22,23
B,256743,34018,117,3259,154637,7735,96,3258,979.2,299.7
G,3101856,234585,154,3259,1818804,47598,98,3258,979.2,299.7
R,1244778,99009,4119,3259,734293,34075,4035,3258,979.2,299.7
D,NBXX,9999,7.823e-5,5.827e-5,3.911e-5,9.094e-6,7.902e-6,6.822e-6
Y,197743,979.2,299.7,295.4,77.9,13.0,5.7,0,0008
T,2014,08,22,06,27,23
B,267085,33657,126,3377,160654,7691,104,3379,979.3,299.7
G,3211586,231432,116,3377,1887358,47382,113,3379,979.3,299.7
R,1294272,99744,4068,3377,759293,34696,4262,3379,979.3,299.7
D,NBXX,9999,7.293e-5,5.477e-5,3.725e-5,7.960e-6,7.316e-6,6.462e-6
Y,197583,979.3,299.7,295.4,77.9,13.0,5.7,0,0008
T,2014,08,22,06,32,23
B,269696,34577,135,3414,162014,7882,80,3415,979.3,299.7
G,3244971,238469,90,3414,1899143,47886,84,3415,979.3,299.7
R,1303805,101769,4257,3414,766674,34865,4241,3415,979.3,299.7
D,NBXX,9999,7.477e-5,5.619e-5,3.796e-5,8.376e-6,7.344e-6,6.339e-6
Y,197473,979.3,299.7,295.4,77.9,13.1,5.7,0,0008
T,2014,08,22,06,37,23
B,271879,35060,93,3447,164351,7625,94,3447,979.3,299.7
G,3275836,241263,125,3447,1923906,48700,91,3447,979.3,299.7
R,1315614,103363,4393,3447,776108,35278,4355,3447,979.3,299.7
D,NBXX,9999,7.548e-5,5.634e-5,3.825e-5,7.526e-6,7.442e-6,6.282e-6
Y,197443,979.3,299.7,295.4,78.1,13.0,5.7,0,0000
T,2014,08,22,06,42,23
B,271506,34525,110,3447,163101,7905,116,3447,979.4,299.6
G,3275340,239943,134,3447,1919504,48750,126,3447,979.4,299.6
R,1315751,101982,4238,3447,773572,35050,4396,3447,979.4,299.6
D,NBXX,9999,7.389e-5,5.594e-5,3.749e-5,8.261e-6,7.444e-6,6.223e-6
Y,197413,979.4,299.6,295.4,78.1,13.1,5.7,0,0000
T,2014,08,22,06,47,23
B,271976,34758,122,3448,163270,7832,82,3447,979.4,299.6
G,3275825,239732,78,3448,1922430,48404,95,3447,979.4,299.6
R,1319651,103687,4217,3448,776481,35350,4317,3447,979.4,299.6
D,NBXX,9999,7.448e-5,5.589e-5,3.841e-5,8.085e-6,7.373e-6,6.434e-6
Y,197385,979.4,299.6,295.4,77.9,13.1,5.7,0,0000
T,2014,08,22,06,52,23
B,258370,33039,128,3289,154797,7377,88,3290,979.5,299.6
G,3111194,230687,128,3289,1813711,46256,84,3290,979.5,299.6
R,1250426,98717,4226,3289,732053,33826,4023,3290,979.5,299.6
D,NBXX,9999,7.447e-5,5.683e-5,3.860e-5,7.792e-6,7.437e-6,6.513e-6
Y,196524,979.5,299.6,295.4,78.3,13.0,5.7,0,0008
T,2014,08,22,06,57,23
B,246000,31749,100,3147,148578,7077,99,3150,979.5,299.6
G,2957374,225582,119,3147,1740950,44958,106,3150,979.5,299.6
R,1189586,98493,3967,3147,702390,32204,3907,3150,979.5,299.6
D,NBXX,9999,7.546e-5,5.893e-5,4.163e-5,7.978e-6,7.748e-6,6.496e-6
Y,195232,979.5,299.6,295.4,78.3,13.0,5.7,0,0008
T,2014,08,22,07,02,23
B,271019,34387,114,3447,163000,7717,105,3447,979.6,299.6
G,3260479,238193,121,3447,1916223,48412,120,3447,979.6,299.6
R,1309122,102412,4351,3447,774639,35035,4368,3447,979.6,299.6
D,NBXX,9999,7.365e-5,5.574e-5,3.797e-5,7.748e-6,7.415e-6,6.231e-6
Y,196514,979.6,299.6,295.4,78.1,13.0,5.7,0,0000
T,2014,08,22,07,07,23
B,270287,34382,95,3448,164533,7790,126,3447,979.6,299.6
G,3259007,239877,99,3448,1918403,48228,101,3447,979.6,299.6
R,1307865,103777,4293,3448,775771,35568,4282,3447,979.6,299.6
D,NBXX,9999,7.391e-5,5.630e-5,3.895e-5,8.028e-6,7.385e-6,6.675e-6
Y,196368,979.6,299.6,295.4,78.1,13.1,5.7,0,0000
T,2014,08,22,07,12,23
B,270175,34940,128,3447,163736,7648,103,3447,979.6,299.6
G,3254978,242394,104,3447,1918844,49046,76,3447,979.6,299.6
R,1310954,104724,4435,3447,774094,35255,4420,3447,979.6,299.6
D,NBXX,9999,7.560e-5,5.716e-5,3.919e-5,7.568e-6,7.654e-6,6.247e-6
Y,196181,979.6,299.6,295.4,78.1,13.0,5.7,0,0000
T,2014,08,22,07,17,23
B,271793,34548,103,3447,163798,7723,110,3448,979.7,299.6
G,3257275,242910,92,3447,1919113,48557,85,3448,979.7,299.6
R,1309514,103335,4238,3447,774261,35492,4344,3448,979.7,299.6
D,NBXX,9999,7.386e-5,5.727e-5,3.861e-5,7.716e-6,7.492e-6,6.594e-6
Y,196320,979.7,299.6,295.3,78.1,13.0,5.7,0,0000
T,2014,08,22,07,22,23
B,271850,34773,117,3447,163559,7730,115,3447,979.7,299.6
G,3253667,241309,118,3447,1911617,48488,146,3447,979.7,299.6
R,1308743,103990,4151,3447,770572,35314,4384,3447,979.7,299.6
D,NBXX,9999,7.445e-5,5.683e-5,3.907e-5,7.673e-6,7.461e-6,6.533e-6
Y,196102,979.7,299.6,295.3,78.1,13.0,5.7,0,0000
T,2014,08,22,07,27,23
B,269034,35058,92,3426,164124,7761,82,3426,979.7,299.6
G,3243094,243353,123,3426,1909638,48891,99,3426,979.7,299.6
R,1304237,104532,4158,3426,771509,34928,4326,3426,979.7,299.6
D,NBXX,9999,7.659e-5,5.771e-5,3.963e-5,8.204e-6,7.646e-6,6.388e-6
Y,196665,979.7,299.6,295.3,78.1,13.0,5.7,0,0008
T,2014,08,22,07,32,23
B,270017,35723,77,3447,163043,7938,93,3447,979.7,299.6
G,3252112,246744,129,3447,1917220,49231,145,3447,979.7,299.6
R,1311734,104795,4290,3447,774069,35167,4174,3447,979.7,299.6
D,NBXX,9999,7.823e-5,5.851e-5,3.947e-5,8.668e-6,7.690e-6,6.459e-6
Y,196008,979.7,299.6,295.3,78.3,13.1,5.7,0,0000
T,2014,08,22,07,37,23
B,271268,36068,125,3447,162793,7750,111,3448,979.7,299.6
G,3254536,249847,111,3447,1908970,49725,128,3448,979.7,299.6
R,1309806,106801,4293,3447,772451,35210,4228,3448,979.7,299.6
D,NBXX,9999,7.855e-5,5.941e-5,4.073e-5,7.760e-6,7.837e-6,6.462e-6
Y,196154,979.7,299.6,295.3,78.3,13.1,5.7,0,0000
T,2014,08,22,07,42,23
B,269667,39319,105,3447,163423,8323,121,3447,979.6,299.6
G,3255511,272077,111,3447,1912405,53933,126,3447,979.6,299.6
R,1306717,113888,4345,3447,772705,37207,4228,3447,979.6,299.6
D,NBXX,9999,8.903e-5,6.613e-5,4.513e-5,9.665e-6,9.113e-6,7.678e-6
Y,196213,979.6,299.6,295.3,78.6,13.1,5.7,0,0000
T,2014,08,22,07,47,23
B,270076,47452,147,3448,164601,9935,125,3447,979.6,299.6
G,3259950,337037,129,3448,1922941,65689,123,3447,979.6,299.6
R,1310606,138171,4354,3448,775719,41835,4293,3447,979.6,299.6
D,NBXX,9999,1.132e-4,8.569e-5,5.957e-5,1.433e-5,1.265e-5,1.038e-5
Y,196425,979.6,299.6,295.3,78.3,13.0,5.7,0,0000
T,2014,08,22,07,52,23
B,268782,35221,119,3424,161580,7992,76,3425,979.8,299.6
G,3236061,245212,110,3424,1899490,48819,128,3425,979.8,299.6
R,1302082,105570,4290,3424,766481,35572,4183,3425,979.8,299.6
D,NBXX,9999,7.712e-5,5.843e-5,4.037e-5,8.844e-6,7.646e-6,6.807e-6
Y,196352,979.8,299.6,295.3,78.6,13.1,5.7,0,0008
T,2014,08,22,07,57,23
B,270785,35206,122,3447,162730,7847,109,3448,979.8,299.6
G,3256294,242937,94,3447,1911440,49206,79,3448,979.8,299.6
R,1307508,105245,4066,3447,771485,35703,4314,3448,979.8,299.6
D,NBXX,9999,7.616e-5,5.730e-5,3.999e-5,8.109e-6,7.695e-6,6.887e-6
Y,196261,979.8,299.6,295.3,78.4,13.0,5.7,0,0000
T,2014,08,22,08,02,23
B,268918,35133,84,3425,162965,7826,99,3425,979.9,299.5
G,3235699,244964,118,3425,1910520,48935,82,3425,979.9,299.5
R,1304038,105236,4235,3425,770475,35226,4395,3425,979.9,299.5
D,NBXX,9999,7.681e-5,5.838e-5,3.996e-5,8.365e-6,7.701e-6,6.468e-6
Y,196272,979.9,299.5,295.3,78.6,13.0,5.7,0,0008
T,2014,08,22,08,07,23
B,270481,35203,133,3448,162916,7873,92,3447,979.9,299.5
G,3261639,245892,99,3448,1913413,49210,65,3447,979.9,299.5
R,1311387,106466,4469,3448,772566,35574,4265,3447,979.9,299.5
D,NBXX,9999,7.627e-5,5.808e-5,4.031e-5,8.234e-6,7.683e-6,6.525e-6
Y,196527,979.9,299.5,295.3,78.9,13.1,5.7,0,0000
T,2014,08,22,08,12,23
B,270599,34613,109,3447,163588,7954,125,3447,979.9,299.5
G,3256457,243339,108,3447,1916033,48905,78,3447,979.9,299.5
R,1310130,105496,4283,3447,772079,35537,4266,3447,979.9,299.5
D,NBXX,9999,7.442e-5,5.741e-5,3.991e-5,8.429e-6,7.602e-6,6.642e-6
Y,196270,979.9,299.5,295.3,79.1,13.0,5.7,0,0000
T,2014,08,22,08,17,23
B,270965,35071,88,3447,162954,7872,138,3448,979.9,299.5
G,3252576,244825,106,3447,1905419,49147,91,3448,979.9,299.5
R,1308862,105545,4241,3447,770605,35762,4333,3448,979.9,299.5
D,NBXX,9999,7.568e-5,5.795e-5,3.998e-5,8.173e-6,7.685e-6,6.770e-6
Y,196036,979.9,299.5,295.3,79.1,13.1,5.7,0,0000
T,2014,08,22,08,22,23
B,270189,34247,108,3425,161571,7756,127,3425,979.9,299.5
G,3237867,239537,116,3425,1901537,48213,76,3425,979.9,299.5
R,1302981,104019,4285,3425,764647,34609,4279,3425,979.9,299.5
D,NBXX,9999,7.347e-5,5.667e-5,3.932e-5,7.864e-6,7.474e-6,6.152e-6
Y,196404,979.9,299.5,295.3,79.1,13.0,5.7,0,0008
T,2014,08,22,08,27,23
B,271200,34599,106,3448,164261,7861,78,3447,980.0,299.5
G,3261562,242727,113,3448,1916470,48661,118,3447,980.0,299.5
R,1311370,105299,4294,3448,772933,35531,4339,3447,980.0,299.5
D,NBXX,9999,7.431e-5,5.710e-5,3.968e-5,8.279e-6,7.494e-6,6.570e-6
Y,196522,980.0,299.5,295.3,79.2,13.1,5.7,0,0000
T,2014,08,22,08,32,23
B,269470,34695,115,3447,162770,7863,115,3447,980.0,299.5
G,3255302,243252,67,3447,1913231,48092,125,3447,980.0,299.5
R,1310827,106150,4282,3447,771947,35130,4281,3447,980.0,299.5
D,NBXX,9999,7.511e-5,5.741e-5,4.026e-5,8.265e-6,7.359e-6,6.378e-6
Y,196201,980.0,299.5,295.3,79.6,13.0,5.7,0,0000
T,2014,08,22,08,37,23
B,250226,31690,107,3191,150387,7150,116,3195,980.1,299.6
G,3017836,222829,118,3191,1771270,44633,104,3195,980.1,299.6
R,1212531,97048,3939,3191,715564,32687,3847,3195,980.1,299.6
D,NBXX,9999,7.339e-5,5.652e-5,3.962e-5,7.722e-6,7.340e-6,6.582e-6
Y,196481,980.1,299.6,295.3,79.7,13.0,5.7,0,0008
T,2014,08,22,08,42,23
B,271258,34864,110,3447,163707,7827,109,3447,980.1,299.6
G,3258276,242944,166,3447,1924685,48502,154,3447,980.1,299.6
R,1310208,105483,4289,3447,775289,35088,4191,3447,980.1,299.6
D,NBXX,9999,7.500e-5,5.721e-5,3.995e-5,8.058e-6,7.425e-6,6.418e-6
Y,196380,980.1,299.6,295.3,79.9,13.0,5.7,0,0000
T,2014,08,22,08,47,23
B,260005,33464,111,3311,156619,7470,77,3312,980.2,299.6
G,3135334,233285,148,3311,1841362,46421,128,3312,980.2,299.6
R,1259559,101128,4149,3311,743852,33659,4056,3312,980.2,299.6
D,NBXX,9999,7.522e-5,5.706e-5,3.971e-5,8.029e-6,7.353e-6,6.315e-6
Y,196734,980.2,299.6,295.3,79.7,13.0,5.7,0,0008
T,2014,08,22,08,52,23
B,267486,33906,83,3403,162280,7757,118,3403,980.2,299.6
G,3228514,240268,138,3403,1896189,47811,108,3403,980.2,299.6
R,1297948,104670,4148,3403,764876,34588,4201,3403,980.2,299.6
D,NBXX,9999,7.361e-5,5.709e-5,4.006e-5,8.229e-6,7.374e-6,6.336e-6
Y,197105,980.2,299.6,295.3,79.7,13.0,5.7,0,0008
T,2014,08,22,08,57,23
B,270491,34411,97,3447,164004,7792,141,3447,980.3,299.6
G,3258683,242162,119,3447,1916052,48496,89,3447,980.3,299.6
R,1309549,105633,4243,3447,772530,35350,4062,3447,980.3,299.6
D,NBXX,9999,7.386e-5,5.700e-5,4.016e-5,7.951e-6,7.461e-6,6.694e-6
Y,196405,980.3,299.6,295.3,79.7,13.1,5.7,0,0000
T,2014,08,22,09,02,23
B,268909,34050,112,3424,162892,7819,121,3425,980.2,299.6
G,3240807,238599,97,3424,1907806,47948,100,3425,980.2,299.6
R,1301744,104507,4330,3424,771827,35122,4310,3425,980.2,299.6
D,NBXX,9999,7.339e-5,5.632e-5,3.959e-5,8.176e-6,7.374e-6,6.406e-6
Y,196641,980.2,299.6,295.4,79.9,13.1,5.7,0,0008
T,2014,08,22,09,07,23
B,270108,33688,92,3447,162820,7773,109,3447,980.3,299.6
G,3258329,236413,84,3447,1914536,48364,107,3447,980.3,299.6
R,1310819,103735,4261,3447,773795,35171,4252,3447,980.3,299.6
D,NBXX,9999,7.196e-5,5.527e-5,3.881e-5,8.055e-6,7.428e-6,6.425e-6
Y,196384,980.3,299.6,295.4,79.6,13.1,5.7,0,0000
T,2014,08,22,09,12,23
B,271218,33855,120,3448,164161,7694,132,3447,980.3,299.6
G,3261443,237757,110,3448,1913575,48173,61,3447,980.3,299.6
R,1307126,104758,4281,3448,772374,34962,4228,3447,980.3,299.6
D,NBXX,9999,7.187e-5,5.562e-5,3.959e-5,7.554e-6,7.368e-6,6.349e-6
Y,196515,980.3,299.6,295.4,79.4,13.1,5.7,0,0000
T,2014,08,22,09,17,23
B,266927,33192,112,3405,161544,7663,124,3405,980.3,299.6
G,3215029,233893,101,3405,1890811,47508,110,3405,980.3,299.6
R,1292973,102991,4124,3405,763261,34769,4297,3405,980.3,299.6
D,NBXX,9999,7.152e-5,5.545e-5,3.920e-5,7.867e-6,7.355e-6,6.455e-6
Y,196163,980.3,299.6,295.4,79.7,13.0,5.7,0,0008
T,2014,08,22,09,22,23
B,271123,33518,108,3447,163189,7706,107,3448,980.3,299.6
G,3254941,234004,110,3447,1915422,47681,104,3448,980.3,299.6
R,1308105,103237,4364,3447,773499,35069,4318,3448,980.3,299.6
D,NBXX,9999,7.102e-5,5.461e-5,3.851e-5,7.713e-6,7.224e-6,6.270e-6
Y,196179,980.3,299.6,295.4,79.6,13.0,5.7,0,0000
T,2014,08,22,09,27,23
B,270209,32633,118,3447,163103,7739,127,3447,980.3,299.6
G,3254653,228443,106,3447,1911733,47041,92,3447,980.3,299.6
R,1308368,102388,4302,3447,772123,34624,4259,3447,980.3,299.6
D,NBXX,9999,6.859e-5,5.293e-5,3.807e-5,7.790e-6,7.041e-6,6.088e-6
Y,196161,980.3,299.6,295.4,79.2,13.0,5.7,0,0000
T,2014,08,22,09,32,23
B,267898,32078,104,3424,161975,7429,119,3424,980.4,299.6
G,3233596,227101,101,3424,1898672,46855,100,3424,980.4,299.6
R,1298963,100643,4311,3424,768352,34693,4033,3424,980.4,299.6
D,NBXX,9999,6.782e-5,5.297e-5,3.756e-5,7.120e-6,7.076e-6,6.392e-6
Y,196201,980.4,299.6,295.4,79.2,13.0,5.7,0,0008
T,2014,08,22,09,37,23
B,267024,31763,110,3403,160467,7412,98,3403,980.4,299.6
G,3218166,221565,107,3403,1894294,45787,90,3403,980.4,299.6
R,1293078,99229,4346,3403,762958,34072,4340,3403,980.4,299.6
D,NBXX,9999,6.723e-5,5.161e-5,3.671e-5,7.192e-6,6.818e-6,5.838e-6
Y,196471,980.4,299.6,295.4,78.9,13.0,5.7,0,0008
T,2014,08,22,09,42,23
B,268979,31556,90,3424,162594,7472,127,3425,980.4,299.7
G,3235943,221795,91,3424,1904119,45739,79,3425,980.4,299.7
R,1301395,99145,4280,3424,769405,34128,4187,3425,980.4,299.7
D,NBXX,9999,6.587e-5,5.131e-5,3.646e-5,7.177e-6,6.732e-6,5.928e-6
Y,196344,980.4,299.7,295.5,78.6,13.0,5.7,0,0008
T,2014,08,22,09,47,23
B,269652,31483,114,3447,163584,7321,107,3447,980.4,299.7
G,3250568,222275,96,3447,1909022,46341,69,3447,980.4,299.7
R,1308408,100665,4222,3447,770915,34406,4296,3447,980.4,299.7
D,NBXX,9999,6.540e-5,5.116e-5,3.705e-5,6.659e-6,6.858e-6,5.986e-6
Y,195914,980.4,299.7,295.5,78.4,13.1,5.7,0,0000
T,2014,08,22,09,52,23
B,264120,32081,112,3355,159966,7413,89,3354,980.4,299.7
G,3181192,223801,128,3355,1872048,45670,129,3354,980.4,299.7
R,1280060,100034,4168,3355,756173,33888,4258,3354,980.4,299.7
D,NBXX,9999,6.929e-5,5.307e-5,3.795e-5,7.467e-6,6.926e-6,6.066e-6
Y,196995,980.4,299.7,295.5,79.1,13.0,5.7,0,0008
T,2014,08,22,09,57,23
B,264349,31786,115,3376,160530,7224,99,3378,980.4,299.7
G,3195257,223733,104,3376,1878259,45946,109,3378,980.4,299.7
R,1284569,100058,4194,3376,759013,33844,4215,3378,980.4,299.7
D,NBXX,9999,6.825e-5,5.276e-5,3.778e-5,6.800e-6,6.953e-6,5.982e-6
Y,196633,980.4,299.7,295.6,79.2,13.1,5.7,0,0008
T,2014,08,22,10,02,23
B,267728,31387,110,3403,161269,7384,104,3404,980.5,299.7
G,3219501,221599,108,3403,1889508,46202,69,3404,980.5,299.7
R,1294289,100034,4378,3403,762264,34668,4277,3404,980.5,299.7
D,NBXX,9999,6.581e-5,5.160e-5,3.717e-5,7.022e-6,6.942e-6,6.206e-6
Y,196553,980.5,299.7,295.6,79.1,13.0,5.7,0,0008
T,2014,08,22,10,07,23
B,270342,31812,125,3447,162574,7624,96,3447,980.5,299.8
G,3254844,227474,87,3447,1901721,46256,107,3447,980.5,299.8
R,1309072,103032,4291,3447,766978,34949,4391,3447,980.5,299.8
D,NBXX,9999,6.615e-5,5.266e-5,3.835e-5,7.517e-6,6.817e-6,6.192e-6
Y,196173,980.5,299.8,295.6,78.8,13.0,5.7,0,0000
T,2014,08,22,10,12,23
B,255292,30717,116,3257,154001,7137,113,3258,980.5,299.8
G,3074821,219392,92,3257,1810064,44225,53,3258,980.5,299.8
R,1238303,99033,3962,3257,729050,33283,4122,3258,980.5,299.8
D,NBXX,9999,6.823e-5,5.412e-5,3.945e-5,7.235e-6,6.996e-6,6.425e-6
Y,196133,980.5,299.8,295.6,79.2,13.0,5.7,0,0008
T,2014,08,22,10,17,23
B,268630,31886,110,3425,162201,7453,101,3425,980.5,299.8
G,3235305,227665,116,3425,1904394,46794,94,3425,980.5,299.8
R,1301117,102454,4310,3425,766533,34564,4094,3425,980.5,299.8
D,NBXX,9999,6.702e-5,5.313e-5,3.853e-5,7.175e-6,7.059e-6,6.246e-6
Y,196248,980.5,299.8,295.6,78.9,13.1,5.7,0,0008
T,2014,08,22,10,22,23
B,269292,31561,122,3425,162899,7564,108,3426,980.5,299.8
G,3241779,225580,109,3425,1901961,46297,114,3426,980.5,299.8
R,1303241,101996,4277,3425,768541,34382,4206,3426,980.5,299.8
D,NBXX,9999,6.573e-5,5.235e-5,3.811e-5,7.384e-6,6.871e-6,6.050e-6
Y,196642,980.5,299.8,295.7,79.1,13.0,5.7,0,0008
T,2014,08,22,10,27,23
B,268293,31787,122,3421,161921,7387,127,3421,980.5,299.8
G,3227260,227617,147,3421,1896339,45861,110,3421,980.5,299.8
R,1297907,103053,4270,3421,765509,34137,4342,3421,980.5,299.8
D,NBXX,9999,6.671e-5,5.327e-5,3.889e-5,6.869e-6,6.793e-6,5.875e-6
Y,195988,980.5,299.8,295.7,78.6,13.0,5.7,0,0008
T,2014,08,22,10,32,23
B,261081,30782,62,3309,156651,7245,78,3310,980.5,299.8
G,3133865,220890,157,3309,1844972,45474,156,3310,980.5,299.8
R,1260063,99897,4244,3309,744437,33540,4174,3310,980.5,299.8
D,NBXX,9999,6.660e-5,5.321e-5,3.876e-5,7.408e-6,7.061e-6,6.079e-6
Y,196761,980.5,299.8,295.7,78.6,13.1,5.7,0,0008
T,2014,08,22,10,37,23
B,266172,31952,114,3406,161536,7641,123,3406,980.5,299.8
G,3217412,227629,153,3406,1885370,46766,160,3406,980.5,299.8
R,1292749,102879,4191,3406,760761,34909,4243,3406,980.5,299.8
D,NBXX,9999,6.801e-5,5.347e-5,3.914e-5,7.860e-6,7.093e-6,6.534e-6
Y,196251,980.5,299.8,295.7,78.4,13.0,5.7,0,0008
T,2014,08,22,10,42,23
B,266327,31707,84,3389,161318,7502,96,3391,980.5,299.8
G,3202745,226104,210,3389,1888009,46009,204,3391,980.5,299.8
R,1286076,102072,4134,3389,764531,34552,4289,3391,980.5,299.8
D,NBXX,9999,6.740e-5,5.328e-5,3.895e-5,7.610e-6,6.881e-6,6.391e-6
Y,196337,980.5,299.8,295.7,78.3,13.0,5.7,0,0008
T,2014,08,22,10,47,23
B,266983,32003,101,3398,160992,7462,110,3399,980.5,299.8
G,3205076,230218,178,3398,1886462,46953,136,3399,980.5,299.8
R,1292262,103864,4268,3398,762259,34776,4251,3399,980.5,299.8
D,NBXX,9999,6.796e-5,5.454e-5,3.970e-5,7.331e-6,7.201e-6,6.392e-6
Y,195958,980.5,299.8,295.7,78.8,13.0,5.7,0,0008
T,2014,08,22,10,52,23
B,270375,32191,101,3448,163636,7675,130,3447,980.5,299.8
G,3258172,231882,177,3448,1911766,46996,160,3447,980.5,299.8
R,1311793,105141,4405,3448,771114,35255,4402,3447,980.5,299.8
D,NBXX,9999,6.725e-5,5.388e-5,3.941e-5,7.639e-6,6.980e-6,6.263e-6
Y,196317,980.5,299.8,295.7,78.6,13.0,5.7,0,0000
T,2014,08,22,10,57,23
B,268299,32434,137,3425,163131,7648,96,3425,980.4,299.8
G,3236426,231070,155,3425,1916066,47000,122,3425,980.4,299.8
R,1306392,104633,4349,3425,771391,34894,4425,3425,980.4,299.8
D,NBXX,9999,6.872e-5,5.412e-5,3.937e-5,7.716e-6,7.094e-6,6.125e-6
Y,196316,980.4,299.8,295.7,78.8,13.0,5.7,0,0008
T,2014,08,22,11,02,23
B,270932,32648,121,3447,163325,7677,99,3447,980.4,299.9
G,3262919,239312,102,3447,1909884,47670,72,3447,980.4,299.9
R,1310366,107009,4288,3447,772045,35339,4222,3447,980.4,299.9
D,NBXX,9999,6.849e-5,5.608e-5,4.081e-5,7.645e-6,7.217e-6,6.533e-6
Y,196661,980.4,299.9,295.8,79.4,13.0,5.7,0,0000
T,2014,08,22,11,07,23
B,271203,33072,139,3447,162784,7562,121,3448,980.4,299.9
G,3253556,238329,113,3447,1908930,47812,96,3448,980.4,299.9
R,1311000,107882,4342,3447,767282,35570,4483,3448,980.4,299.9
D,NBXX,9999,6.953e-5,5.598e-5,4.110e-5,7.132e-6,7.285e-6,6.439e-6
Y,196095,980.4,299.9,295.8,79.4,13.0,5.7,0,0000
T,2014,08,22,11,12,23
B,268385,33234,120,3425,161671,7688,104,3425,980.4,299.9
G,3233601,237520,92,3425,1895365,47740,86,3425,980.4,299.9
R,1299976,106738,4354,3425,764681,35573,4276,3425,980.4,299.9
D,NBXX,9999,7.117e-5,5.619e-5,4.103e-5,7.876e-6,7.367e-6,6.714e-6
Y,196144,980.4,299.9,295.8,79.4,13.0,5.7,0,0008
T,2014,08,22,11,17,23
B,272162,33944,124,3448,164141,7498,103,3447,980.4,299.9
G,3252968,242385,137,3448,1923701,48139,107,3447,980.4,299.9
R,1307911,108653,4345,3448,774522,35905,4473,3447,980.4,299.9
D,NBXX,9999,7.190e-5,5.721e-5,4.171e-5,6.991e-6,7.383e-6,6.694e-6
Y,196002,980.4,299.9,295.9,79.6,13.1,5.7,0,0000
T,2014,08,22,11,22,23
B,270000,33432,127,3447,162757,7742,131,3447,980.3,299.9
G,3256829,241536,139,3447,1915717,48282,128,3447,980.3,299.9
R,1310646,109274,4350,3447,773658,35365,4402,3447,980.3,299.9
D,NBXX,9999,7.106e-5,5.686e-5,4.200e-5,7.785e-6,7.397e-6,6.376e-6
Y,196293,980.3,299.9,295.9,79.4,13.1,5.7,0,0000
T,2014,08,22,11,27,23
B,271243,33381,112,3447,164039,7613,117,3448,980.4,299.9
G,3258034,243168,112,3447,1923151,48270,92,3448,980.4,299.9
R,1311476,110222,4527,3447,775929,35891,4422,3448,980.4,299.9
D,NBXX,9999,7.054e-5,5.735e-5,4.240e-5,7.390e-6,7.405e-6,6.541e-6
Y,196366,980.4,299.9,295.9,79.7,13.1,5.7,0,0000
T,2014,08,22,11,32,23
B,270369,33971,106,3447,163143,7778,88,3447,980.3,300.0
G,3258442,246392,103,3447,1916500,48486,92,3447,980.3,300.0
R,1310550,110889,4382,3447,775042,35747,4479,3447,980.3,300.0
D,NBXX,9999,7.276e-5,5.832e-5,4.291e-5,8.086e-6,7.476e-6,6.532e-6
Y,196391,980.3,300.0,296.0,80.1,13.0,5.7,0,0000
T,2014,08,22,11,37,23
B,270907,33339,137,3448,163433,7518,91,3447,980.3,300.0
G,3260309,240943,122,3448,1921932,48160,102,3447,980.3,300.0
R,1310339,109205,4419,3448,776004,35596,4324,3447,980.3,300.0
D,NBXX,9999,7.054e-5,5.661e-5,4.198e-5,7.148e-6,7.363e-6,6.531e-6
Y,196446,980.3,300.0,296.0,79.6,13.0,5.7,0,0000
T,2014,08,22,11,42,23
B,271305,33517,124,3447,163469,7634,99,3447,980.3,300.0
G,3253674,241706,71,3447,1921687,47842,108,3447,980.3,300.0
R,1310041,110291,4312,3447,775236,35871,4437,3447,980.3,300.0
D,NBXX,9999,7.095e-5,5.701e-5,4.265e-5,7.475e-6,7.308e-6,6.691e-6
Y,196102,980.3,300.0,296.0,78.8,13.0,5.7,0,0000
T,2014,08,22,11,47,23
B,269198,33742,112,3447,163865,7647,95,3448,980.3,300.0
G,3257872,241507,87,3447,1913988,48385,81,3448,980.3,300.0
R,1310582,109886,4490,3447,772419,35712,4574,3448,980.3,300.0
D,NBXX,9999,7.247e-5,5.686e-5,4.216e-5,7.737e-6,7.454e-6,6.363e-6
Y,196356,980.3,300.0,296.0,78.9,13.0,5.7,0,0000
T,2014,08,22,11,52,23
B,270547,33600,122,3447,163989,7657,103,3447,980.3,300.0
G,3254413,240679,88,3447,1917285,48100,90,3447,980.3,300.0
R,1310994,109555,4554,3447,775003,35589,4457,3447,980.3,300.0
D,NBXX,9999,7.147e-5,5.668e-5,4.198e-5,7.599e-6,7.384e-6,6.326e-6
Y,196147,980.3,300.0,296.0,78.6,13.1,5.7,0,0000
T,2014,08,22,11,57,23
B,270202,32658,115,3448,163684,7636,128,3447,980.3,300.0
G,3258772,239648,108,3448,1911718,47479,123,3447,980.3,300.0
R,1310554,110802,4410,3448,772118,35464,4633,3447,980.3,300.0
D,NBXX,9999,6.870e-5,5.625e-5,4.273e-5,7.508e-6,7.161e-6,6.238e-6
Y,196353,980.3,300.0,296.0,78.6,13.0,5.7,0,0000
T,2014,08,22,12,02,23
B,270876,32142,84,3447,162833,7465,104,3447,980.2,300.0
G,3254455,228634,110,3447,1916032,46609,99,3447,980.2,300.0
R,1309363,105019,4415,3447,773524,35144,4529,3447,980.2,300.0
D,NBXX,9999,6.709e-5,5.302e-5,3.935e-5,7.124e-6,6.920e-6,6.123e-6
Y,196149,980.2,300.0,296.0,77.1,13.1,5.7,0,0000
T,2014,08,22,12,07,23
B,270432,32143,105,3447,162546,7468,89,3448,980.2,300.0
G,3255016,233435,112,3447,1919797,47057,96,3448,980.2,300.0
R,1309720,107464,4487,3447,773720,35551,4356,3448,980.2,300.0
D,NBXX,9999,6.724e-5,5.446e-5,4.089e-5,7.141e-6,7.050e-6,6.430e-6
Y,196183,980.2,300.0,296.0,77.3,13.0,5.7,0,0000
T,2014,08,22,12,12,23
B,269463,31740,107,3447,163794,7541,108,3447,980.1,300.1
G,3250899,231453,129,3447,1913629,46902,120,3447,980.1,300.1
R,1308824,106936,4454,3447,774185,35416,4469,3447,980.1,300.1
D,NBXX,9999,6.629e-5,5.394e-5,4.058e-5,7.373e-6,7.010e-6,6.322e-6
Y,195934,980.1,300.1,296.1,76.5,13.1,5.7,0,0000
T,2014,08,22,12,17,23
B,270478,31783,128,3448,163487,7560,105,3447,980.1,300.1
G,3256340,231568,114,3448,1916617,47134,80,3447,980.1,300.1
R,1310540,107590,4396,3448,773785,35871,4466,3447,980.1,300.1
D,NBXX,9999,6.600e-5,5.387e-5,4.094e-5,7.291e-6,7.081e-6,6.625e-6
Y,196206,980.1,300.1,296.1,77.0,13.0,5.7,0,0000
T,2014,08,22,12,22,23
B,269600,31819,89,3447,163905,7607,96,3447,980.1,300.1
G,3253670,229941,149,3447,1916413,46701,132,3447,980.1,300.1
R,1310126,107098,4581,3447,773373,35891,4501,3447,980.1,300.1
D,NBXX,9999,6.658e-5,5.341e-5,4.051e-5,7.666e-6,6.926e-6,6.482e-6
Y,196102,980.1,300.1,296.1,77.3,13.0,5.7,0,0000
T,2014,08,22,12,27,23
B,270954,32240,137,3447,164045,7348,114,3448,980.1,300.1
G,3255112,230428,146,3447,1917471,46652,124,3448,980.1,300.1
R,1312539,106561,4522,3447,775994,35440,4603,3448,980.1,300.1
D,NBXX,9999,6.715e-5,5.353e-5,4.005e-5,6.541e-6,6.905e-6,6.146e-6
Y,196189,980.1,300.1,296.1,77.8,13.0,5.7,0,0000
T,2014,08,22,12,32,23
B,271453,31858,119,3447,164211,7413,119,3447,980.1,300.1
G,3255067,226786,160,3447,1916641,46275,152,3447,980.1,300.1
R,1310564,104692,4592,3447,774423,35225,4540,3447,980.1,300.1
D,NBXX,9999,6.587e-5,5.241e-5,3.900e-5,6.748e-6,6.780e-6,6.039e-6
Y,196186,980.1,300.1,296.1,77.0,13.1,5.7,0,0000
T,2014,08,22,12,37,23
B,270669,31580,110,3448,163476,7521,105,3447,980.0,300.1
G,3252382,228102,144,3448,1919714,46391,174,3447,980.0,300.1
R,1312783,105502,4602,3448,775405,35179,4502,3447,980.0,300.1
D,NBXX,9999,6.539e-5,5.286e-5,3.941e-5,7.221e-6,6.829e-6,6.011e-6
Y,195967,980.0,300.1,296.2,77.0,13.1,5.7,0,0000
T,2014,08,22,12,42,23
B,269278,31724,104,3447,162901,7577,109,3447,980.0,300.1
G,3253346,227947,196,3447,1908424,46835,183,3447,980.0,300.1
R,1309217,104992,4543,3447,772196,35719,4522,3447,980.0,300.1
D,NBXX,9999,6.632e-5,5.277e-5,3.929e-5,7.504e-6,6.934e-6,6.401e-6
Y,196082,980.0,300.1,296.2,76.3,13.0,5.7,0,0000
T,2014,08,22,12,47,23
B,270184,30366,120,3447,163343,7280,110,3448,980.0,300.2
G,3249426,219571,204,3447,1916586,45783,179,3448,980.0,300.2
R,1311238,101463,4470,3447,771730,34948,4445,3448,980.0,300.2
D,NBXX,9999,6.185e-5,5.031e-5,3.717e-5,6.470e-6,6.626e-6,6.011e-6
Y,195845,980.0,300.2,296.1,75.8,13.1,5.7,0,0000
T,2014,08,22,12,52,23
B,270451,30104,98,3447,163470,7408,112,3447,979.9,300.2
G,3253603,217965,249,3447,1915124,45905,204,3447,979.9,300.2
R,1313750,101501,4636,3447,775913,34978,4399,3447,979.9,300.2
D,NBXX,9999,6.104e-5,4.971e-5,3.700e-5,6.910e-6,6.624e-6,5.922e-6
Y,196098,979.9,300.2,296.2,75.8,13.0,5.7,0,0000
T,2014,08,22,12,57,23
B,270292,30764,128,3448,163641,7485,107,3447,979.9,300.2
G,3250950,220415,214,3448,1914165,45883,211,3447,979.9,300.2
R,1311453,102368,4657,3448,776303,34902,4594,3447,979.9,300.2
D,NBXX,9999,6.299e-5,5.052e-5,3.748e-5,7.074e-6,6.643e-6,5.756e-6
Y,195880,979.9,300.2,296.2,75.8,13.0,5.7,0,0000
T,2014,08,22,13,02,23
B,270742,29887,144,3447,163334,7516,118,3447,979.8,300.2
G,3250782,214139,187,3447,1916411,44638,210,3447,979.8,300.2
R,1309565,100257,4671,3447,774330,34992,4619,3447,979.8,300.2
D,NBXX,9999,6.011e-5,4.863e-5,3.625e-5,7.030e-6,6.271e-6,5.799e-6
Y,195927,979.8,300.2,296.2,75.7,13.0,5.7,0,0000
T,2014,08,22,13,07,23
B,271281,28860,131,3447,164267,7133,102,3448,979.8,300.2
G,3250467,204398,267,3447,1910135,43905,206,3448,979.8,300.2
R,1309105,96544,4547,3447,772178,34159,4482,3448,979.8,300.2
D,NBXX,9999,5.695e-5,4.565e-5,3.421e-5,5.933e-6,6.019e-6,5.478e-6
Y,195908,979.8,300.2,296.2,74.2,13.1,5.7,0,0000
T,2014,08,22,13,12,23
B,269435,29668,149,3447,163518,7307,111,3447,979.7,300.2
G,3251701,212802,224,3447,1912661,45280,193,3447,979.7,300.2
R,1310112,100067,4609,3447,773810,34417,4639,3447,979.7,300.2
D,NBXX,9999,5.989e-5,4.820e-5,3.614e-5,6.511e-6,6.455e-6,5.474e-6
Y,195983,979.7,300.2,296.2,74.7,13.0,5.7,0,0000
T,2014,08,22,13,17,23
B,269993,30387,98,3447,162855,7308,120,3447,979.7,300.2
G,3251590,216846,237,3447,1913358,45013,268,3447,979.7,300.2
R,1308099,102282,4586,3447,773245,35112,4579,3447,979.7,300.2
D,NBXX,9999,6.202e-5,4.940e-5,3.763e-5,6.617e-6,6.344e-6,5.976e-6
Y,195976,979.7,300.2,296.2,75.3,13.0,5.7,0,0000
T,2014,08,22,13,22,23
B,269485,29765,98,3448,162849,7277,115,3447,979.6,300.2
G,3247224,213388,232,3448,1910316,44651,228,3447,979.6,300.2
R,1307848,100234,4646,3448,772967,34379,4747,3447,979.6,300.2
D,NBXX,9999,6.033e-5,4.845e-5,3.624e-5,6.587e-6,6.272e-6,5.379e-6
Y,195655,979.6,300.2,296.2,75.2,13.1,5.7,0,0000
T,2014,08,22,13,27,23
B,268852,30006,118,3447,162552,7454,111,3447,979.6,300.2
G,3245532,215923,217,3447,1915262,45839,204,3447,979.6,300.2
R,1309300,101721,4686,3447,772520,34597,4525,3447,979.6,300.2
D,NBXX,9999,6.121e-5,4.927e-5,3.720e-5,7.111e-6,6.650e-6,5.618e-6
Y,195609,979.6,300.2,296.2,75.3,13.1,5.7,0,0000
T,2014,08,22,13,32,23
B,270772,29287,133,3447,163534,7212,125,3448,979.6,300.2
G,3248781,207850,285,3447,1911969,44246,305,3448,979.6,300.2
R,1309817,98312,4664,3447,772693,34109,4695,3448,979.6,300.2
D,NBXX,9999,5.831e-5,4.669e-5,3.502e-5,6.122e-6,6.089e-6,5.208e-6
Y,195806,979.6,300.2,296.2,74.2,13.1,5.7,0,0000
T,2014,08,22,13,37,23
B,270118,28430,119,3447,162517,7134,94,3447,979.6,300.2
G,3247553,200897,268,3447,1906690,43292,274,3447,979.6,300.2
R,1309903,95065,4613,3447,772447,34003,4724,3447,979.6,300.2
D,NBXX,9999,5.609e-5,4.462e-5,3.306e-5,6.100e-6,5.824e-6,5.164e-6
Y,195732,979.6,300.2,296.2,73.2,13.0,5.7,0,0000
T,2014,08,22,13,42,23
B,270573,27030,143,3448,162728,7117,130,3447,979.6,300.2
G,3246396,190819,270,3448,1911619,42082,235,3447,979.6,300.2
R,1308045,92506,4540,3448,773359,33351,4602,3447,979.6,300.2
D,NBXX,9999,5.153e-5,4.159e-5,3.172e-5,5.811e-6,5.478e-6,4.931e-6
Y,195605,979.6,300.2,296.1,73.1,13.1,5.7,0,0000
T,2014,08,22,13,47,23
B,269554,25964,154,3447,162973,6743,120,3447,979.5,300.1
G,3240853,185428,203,3447,1912543,41699,248,3447,979.5,300.1
R,1310650,89470,4631,3447,772791,33066,4540,3447,979.5,300.1
D,NBXX,9999,4.862e-5,4.006e-5,2.977e-5,4.750e-6,5.398e-6,4.706e-6
Y,195326,979.5,300.1,296.1,71.8,13.0,5.7,0,0000
T,2014,08,22,13,52,23
B,269572,26912,115,3447,162572,6857,117,3448,979.5,300.1
G,3243834,190031,218,3447,1909555,42039,191,3448,979.5,300.1
R,1308269,91526,4657,3447,772364,33894,4715,3448,979.5,300.1
D,NBXX,9999,5.162e-5,4.143e-5,3.096e-5,5.234e-6,5.501e-6,5.086e-6
Y,195507,979.5,300.1,296.1,71.3,13.0,5.7,0,0000
T,2014,08,22,13,57,23
B,268908,26107,133,3447,163168,6746,132,3447,979.4,300.1
G,3244534,185675,171,3447,1908348,41471,164,3447,979.4,300.1
R,1308584,90192,4707,3447,774677,33311,4700,3447,979.4,300.1
D,NBXX,9999,4.929e-5,4.012e-5,3.012e-5,4.851e-6,5.356e-6,4.710e-6
Y,195549,979.4,300.1,296.1,71.1,13.0,5.7,0,0000
T,2014,08,22,14,02,23
B,269750,25692,118,3448,163351,6903,116,3447,979.4,300.1
G,3250653,182667,183,3448,1919982,41120,178,3447,979.4,300.1
R,1309871,88400,4582,3448,775822,33260,4673,3447,979.4,300.1
D,NBXX,9999,4.790e-5,3.909e-5,2.909e-5,5.378e-6,5.220e-6,4.777e-6
Y,195862,979.4,300.1,296.1,71.0,13.0,5.7,0,0000
T,2014,08,22,14,07,23
B,267803,25784,101,3423,161181,6791,101,3423,979.3,300.1
G,3226593,182391,217,3423,1890970,41259,220,3423,979.3,300.1
R,1299242,89342,4530,3423,765141,32696,4552,3423,979.3,300.1
D,NBXX,9999,4.885e-5,3.939e-5,3.017e-5,5.290e-6,5.324e-6,4.662e-6
Y,195832,979.3,300.1,296.1,72.1,13.1,5.7,0,0008
T,2014,08,22,14,12,23
B,268519,25923,119,3447,162287,6725,113,3448,979.3,300.1
G,3246253,183446,217,3447,1915838,41554,183,3448,979.3,300.1
R,1308674,88858,4627,3447,773509,32786,4605,3448,979.3,300.1
D,NBXX,9999,4.896e-5,3.938e-5,2.943e-5,4.925e-6,5.348e-6,4.509e-6
Y,195653,979.3,300.1,296.1,71.6,13.0,5.7,0,0000
T,2014,08,22,14,17,23
B,270361,26343,93,3447,163868,7044,118,3447,979.3,300.1
G,3246739,185071,164,3447,1907718,41884,156,3447,979.3,300.1
R,1308453,89799,4731,3447,773423,33361,4633,3447,979.3,300.1
D,NBXX,9999,4.977e-5,3.990e-5,2.991e-5,5.832e-6,5.478e-6,4.772e-6
Y,195682,979.3,300.1,296.1,72.1,13.1,5.7,0,0000
T,2014,08,22,14,22,23
B,263789,25907,106,3360,158257,6691,139,3360,979.3,300.1
G,3174187,185849,193,3360,1866650,41498,204,3360,979.3,300.1
R,1278681,89583,4436,3360,754050,32767,4532,3360,979.3,300.1
D,NBXX,9999,5.026e-5,4.140e-5,3.118e-5,5.131e-6,5.618e-6,5.005e-6
Y,196265,979.3,300.1,296.1,72.8,13.1,5.7,0,0008
T,2014,08,22,14,27,23
B,269839,26314,125,3425,161824,6788,106,3425,979.3,300.1
G,3231355,189146,168,3425,1891850,41702,125,3425,979.3,300.1
R,1302106,91711,4535,3425,764606,33429,4654,3425,979.3,300.1
D,NBXX,9999,4.976e-5,4.142e-5,3.143e-5,5.029e-6,5.492e-6,5.003e-6
Y,196007,979.3,300.1,296.1,72.1,13.1,5.7,0,0008
T,2014,08,22,14,32,23
B,270961,26007,113,3447,162663,6852,126,3448,979.2,300.1
G,3246825,182166,151,3447,1911000,41364,136,3448,979.2,300.1
R,1308602,89528,4639,3447,773572,33062,4620,3448,979.2,300.1
D,NBXX,9999,4.849e-5,3.903e-5,2.982e-5,5.106e-6,5.328e-6,4.658e-6
Y,195688,979.2,300.1,296.2,71.5,13.0,5.7,0,0000
T,2014,08,22,14,53,39
B,269835,28029,108,3447,163086,7014,119,3447,978.9,300.2
G,3247665,196494,130,3447,1904074,42497,120,3447,978.9,300.2
R,1309105,93911,4504,3447,770610,33697,4613,3447,978.9,300.2
D,NBXX,9999,5.495e-5,4.338e-5,3.255e-5,5.725e-6,5.685e-6,5.142e-6
Y,195738,978.9,300.2,296.3,72.3,13.1,5.7,0,0000
T,2014,08,22,14,58,39
B,267320,28199,136,3402,160228,7179,129,3401,978.9,300.2
G,3208187,199495,122,3402,1885399,42609,125,3401,978.9,300.2
R,1293635,93903,4533,3402,762907,33789,4620,3401,978.9,300.2
D,NBXX,9999,5.613e-5,4.504e-5,3.312e-5,6.291e-6,5.883e-6,5.345e-6
Y,195917,978.9,300.2,296.3,72.9,13.0,5.7,0,0008
T,2014,08,22,15,03,39
B,266252,28192,124,3403,161006,6974,98,3404,978.9,300.2
G,3211105,197935,138,3403,1884796,42812,149,3404,978.9,300.2
R,1295580,94457,4553,3403,761126,33615,4618,3404,978.9,300.2
D,NBXX,9999,5.660e-5,4.449e-5,3.337e-5,5.888e-6,5.911e-6,5.194e-6
Y,196038,978.9,300.2,296.3,73.1,13.0,5.7,0,0008
T,2014,08,22,15,08,39
B,269589,28449,136,3447,163037,7080,110,3448,978.8,300.2
G,3241910,201901,116,3447,1912081,43391,97,3448,978.8,300.2
R,1307008,95951,4634,3447,772955,34277,4685,3448,978.8,300.2
D,NBXX,9999,5.623e-5,4.514e-5,3.373e-5,5.870e-6,5.990e-6,5.369e-6
Y,195390,978.8,300.2,296.3,73.4,13.0,5.7,0,0000
T,2014,08,22,15,13,39
B,269818,27859,150,3447,163273,6937,113,3447,978.8,300.3
G,3247119,195595,104,3447,1913052,42553,114,3447,978.8,300.3
R,1308720,93330,4847,3447,775822,34080,4689,3447,978.8,300.3
D,NBXX,9999,5.435e-5,4.313e-5,3.192e-5,5.382e-6,5.716e-6,5.083e-6
Y,195705,978.8,300.3,296.4,73.1,13.0,5.7,0,0000
T,2014,08,22,15,18,39
B,269153,26183,134,3448,163543,6896,84,3447,978.7,300.3
G,3243647,186281,86,3448,1912003,41776,70,3447,978.7,300.3
R,1306555,89295,4515,3448,771381,33127,4752,3447,978.7,300.3
D,NBXX,9999,4.964e-5,4.038e-5,2.974e-5,5.471e-6,5.519e-6,4.723e-6
Y,195438,978.7,300.3,296.4,71.0,13.1,5.7,0,0000
T,2014,08,22,15,23,39
B,269562,27386,131,3447,163107,7052,120,3447,978.7,300.3
G,3244089,189323,90,3447,1901108,42175,109,3447,978.7,300.3
R,1307378,91282,4659,3447,769956,33980,4793,3447,978.7,300.3
D,NBXX,9999,5.304e-5,4.128e-5,3.079e-5,5.790e-6,5.620e-6,5.096e-6
Y,195522,978.7,300.3,296.4,71.3,13.1,5.7,0,0000
T,2014,08,22,15,28,39
B,269460,26796,115,3447,163634,7036,113,3448,978.6,300.3
G,3243859,188053,134,3447,1913959,41748,96,3448,978.6,300.3
R,1307815,91338,4631,3447,775893,33834,4519,3448,978.6,300.3
D,NBXX,9999,5.137e-5,4.089e-5,3.102e-5,5.824e-6,5.476e-6,5.210e-6
Y,195508,978.6,300.3,296.4,71.8,13.1,5.7,0,0000
T,2014,08,22,15,33,39
B,269182,27065,127,3447,163357,6915,108,3447,978.6,300.3
G,3244420,189126,112,3447,1911123,42080,90,3447,978.6,300.3
R,1309495,91158,4745,3447,772188,33892,4726,3447,978.6,300.3
D,NBXX,9999,5.224e-5,4.121e-5,3.062e-5,5.461e-6,5.588e-6,5.007e-6
Y,195542,978.6,300.3,296.4,72.3,13.0,5.7,0,0000
T,2014,08,22,15,38,39
B,269707,26875,145,3448,163566,7057,126,3447,978.5,300.3
G,3241387,191179,100,3448,1909490,42020,107,3447,978.5,300.3
R,1308811,91485,4737,3448,770382,33877,4753,3447,978.5,300.3
D,NBXX,9999,5.139e-5,4.192e-5,3.083e-5,5.731e-6,5.597e-6,4.997e-6
Y,195302,978.5,300.3,296.5,71.6,13.1,5.7,0,0000
T,2014,08,22,15,43,39
B,268684,27761,118,3447,164191,6932,108,3447,978.5,300.4
G,3244255,192415,118,3447,1918859,42177,140,3447,978.5,300.4
R,1309705,92085,4751,3447,775377,33896,4800,3447,978.5,300.4
D,NBXX,9999,5.453e-5,4.223e-5,3.112e-5,5.581e-6,5.612e-6,4.951e-6
Y,195532,978.5,300.4,296.5,71.5,13.0,5.7,0,0000
T,2014,08,22,15,48,39
B,270315,27161,144,3447,164170,7043,106,3448,978.5,300.4
G,3242327,193019,168,3447,1909386,42210,193,3448,978.5,300.4
R,1310904,91627,4858,3447,771532,33989,4720,3448,978.5,300.4
D,NBXX,9999,5.214e-5,4.241e-5,3.078e-5,5.704e-6,5.590e-6,4.971e-6
Y,195415,978.5,300.4,296.6,71.9,13.0,5.7,0,0000
T,2014,08,22,15,53,39
B,269235,25500,120,3447,162584,6813,118,3447,978.5,300.4
G,3243142,177111,260,3447,1903354,41162,222,3447,978.5,300.4
R,1308001,86919,4706,3447,771809,33179,4928,3447,978.5,300.4
D,NBXX,9999,4.748e-5,3.751e-5,2.800e-5,5.138e-6,5.228e-6,4.476e-6
Y,195465,978.5,300.4,296.6,69.5,13.0,5.7,0,0000
T,2014,08,22,15,58,39
B,269356,25715,126,3447,162227,6787,115,3447,978.5,300.4
G,3243916,176529,190,3447,1900365,40939,194,3447,978.5,300.4
R,1309337,85971,4895,3447,770376,33295,4750,3447,978.5,300.4
D,NBXX,9999,4.809e-5,3.735e-5,2.737e-5,5.040e-6,5.192e-6,4.525e-6
Y,195512,978.5,300.4,296.6,69.0,13.0,5.7,0,0000
T,2014,08,22,16,03,39
B,266918,25789,94,3420,162025,6865,130,3419,978.5,300.5
G,3221123,180734,135,3420,1896682,40470,185,3419,978.5,300.5
R,1299851,88282,4842,3420,768816,33293,4854,3419,978.5,300.5
D,NBXX,9999,4.907e-5,3.904e-5,2.907e-5,5.524e-6,5.162e-6,4.590e-6
Y,195671,978.5,300.5,296.6,69.7,13.1,5.7,0,0008
T,2014,08,22,16,08,39
B,269116,25660,124,3447,163777,6889,104,3447,978.5,300.5
G,3247795,177515,120,3447,1912659,40601,112,3447,978.5,300.5
R,1313432,87154,4818,3447,776010,33221,4775,3447,978.5,300.5
D,NBXX,9999,4.803e-5,3.764e-5,2.798e-5,5.412e-6,5.128e-6,4.475e-6
Y,195746,978.5,300.5,296.6,69.2,13.1,5.7,0,0000
T,2014,08,22,16,13,39
B,270030,26172,127,3447,164148,6809,104,3448,978.5,300.5
G,3250048,182934,208,3447,1918854,41058,173,3448,978.5,300.5
R,1315121,88914,4820,3447,776638,33822,4818,3448,978.5,300.5
D,NBXX,9999,4.931e-5,3.920e-5,2.895e-5,5.086e-6,5.202e-6,4.784e-6
Y,195883,978.5,300.5,296.7,70.3,13.1,5.7,0,0000
T,2014,08,22,16,18,39
B,270323,25686,137,3447,163356,6708,125,3447,978.4,300.5
G,3254531,179686,174,3447,1914625,40911,161,3447,978.4,300.5
R,1313650,87405,4772,3447,776161,33376,4708,3447,978.4,300.5
D,NBXX,9999,4.765e-5,3.818e-5,2.820e-5,4.659e-6,5.174e-6,4.645e-6
Y,196154,978.4,300.5,296.7,69.2,13.0,5.7,0,0000
T,2014,08,22,16,23,39
B,271528,25511,142,3448,163132,6720,149,3447,978.4,300.6
G,3252043,176621,279,3448,1912641,40706,313,3447,978.4,300.6
R,1314308,86108,4929,3448,775791,33562,5004,3447,978.4,300.6
D,NBXX,9999,4.672e-5,3.720e-5,2.708e-5,4.528e-6,5.034e-6,4.439e-6
Y,195946,978.4,300.6,296.7,68.7,13.1,5.7,0,0000
T,2014,08,22,16,28,39
B,269765,25431,126,3447,163124,6909,143,3447,978.4,300.6
G,3250588,177559,161,3447,1913222,40983,152,3447,978.4,300.6
R,1311617,87093,4926,3447,775258,33572,4954,3447,978.4,300.6
D,NBXX,9999,4.705e-5,3.761e-5,2.780e-5,5.294e-6,5.218e-6,4.504e-6
Y,195915,978.4,300.6,296.8,69.5,13.0,5.7,0,0000
T,2014,08,22,16,33,39
B,270212,25807,100,3447,163818,6791,89,3448,978.3,300.6
G,3250407,179093,220,3447,1913097,40741,215,3448,978.3,300.6
R,1312720,87729,4973,3447,775852,33617,5094,3448,978.3,300.6
D,NBXX,9999,4.835e-5,3.803e-5,2.802e-5,5.193e-6,5.099e-6,4.384e-6
Y,195904,978.3,300.6,296.8,70.2,13.1,5.7,0,0000
T,2014,08,22,16,38,39
B,269988,24944,102,3447,163663,6837,116,3447,978.3,300.6
G,3249434,170854,176,3447,1913659,40023,115,3447,978.3,300.6
R,1314722,84947,5070,3447,777803,33178,4895,3447,978.3,300.6
D,NBXX,9999,4.572e-5,3.560e-5,2.634e-5,5.253e-6,4.939e-6,4.176e-6
Y,195845,978.3,300.6,296.8,67.7,13.1,5.7,0,0000
T,2014,08,22,16,43,39
B,270096,25420,141,3448,163078,6892,139,3447,978.3,300.6
G,3247463,175143,184,3448,1912211,40351,154,3447,978.3,300.6
R,1314921,85621,4963,3448,776109,33530,4837,3447,978.3,300.6
D,NBXX,9999,4.691e-5,3.692e-5,2.686e-5,5.200e-6,5.033e-6,4.506e-6
Y,195669,978.3,300.6,296.8,68.5,13.1,5.7,0,0000
T,2014,08,22,16,48,39
B,270807,25143,133,3447,164235,6814,142,3447,978.2,300.6
G,3247740,174508,138,3447,1911286,40198,152,3447,978.2,300.6
R,1313049,86329,4975,3447,774500,33266,4906,3447,978.2,300.6
D,NBXX,9999,4.590e-5,3.674e-5,2.729e-5,4.925e-6,4.999e-6,4.304e-6
Y,195743,978.2,300.6,296.8,68.4,13.1,5.7,0,0000
T,2014,08,22,16,53,39
B,269807,25099,113,3447,163262,6840,116,3448,978.3,300.6
G,3251853,172219,174,3447,1917994,40182,153,3448,978.3,300.6
R,1314495,84858,5033,3447,776407,33247,5061,3448,978.3,300.6
D,NBXX,9999,4.620e-5,3.596e-5,2.621e-5,5.231e-6,4.962e-6,4.124e-6
Y,195992,978.3,300.6,296.8,68.4,13.1,5.7,0,0000
T,2014,08,22,16,58,39
B,270315,24817,113,3447,162924,6729,144,3447,978.2,300.7
G,3250522,172054,165,3447,1907183,39739,123,3447,978.2,300.7
R,1313758,85359,5057,3447,774211,33557,4977,3447,978.2,300.7
D,NBXX,9999,4.511e-5,3.595e-5,2.658e-5,4.767e-6,4.850e-6,4.366e-6
Y,195911,978.2,300.7,296.8,67.7,13.1,5.7,0,0000
T,2014,08,22,17,03,39
B,269354,25970,132,3448,163751,6900,141,3447,978.2,300.7
G,3252175,179599,109,3448,1911728,40929,89,3447,978.2,300.7
R,1315198,87934,5091,3448,776723,34040,4985,3447,978.2,300.7
D,NBXX,9999,4.880e-5,3.824e-5,2.805e-5,5.303e-6,5.240e-6,4.618e-6
Y,195954,978.2,300.7,296.9,69.2,13.1,5.7,0,0000
T,2014,08,22,17,08,39
B,269643,26316,114,3447,163929,6885,135,3447,978.2,300.7
G,3244906,182251,158,3447,1913760,40869,151,3447,978.2,300.7
R,1312951,89181,5136,3447,773698,33974,5127,3447,978.2,300.7
D,NBXX,9999,4.985e-5,3.913e-5,2.875e-5,5.315e-6,5.207e-6,4.465e-6
Y,195572,978.2,300.7,296.9,69.8,13.1,5.7,0,0000
T,2014,08,22,17,13,39
B,270350,26727,142,3447,163857,7077,143,3448,978.1,300.7
G,3252388,187987,172,3447,1912382,41281,148,3448,978.1,300.7
R,1311560,91275,5219,3447,773939,34274,4949,3448,978.1,300.7
D,NBXX,9999,5.076e-5,4.074e-5,3.014e-5,5.709e-6,5.296e-6,4.722e-6
Y,196024,978.1,300.7,296.9,71.0,13.0,5.7,0,0000
T,2014,08,22,17,18,39
B,270113,25581,148,3447,163102,6970,132,3447,978.1,300.7
G,3250416,180334,219,3447,1912706,41018,238,3447,978.1,300.7
R,1313682,89043,5115,3447,774856,33847,5216,3447,978.1,300.7
D,NBXX,9999,4.739e-5,3.840e-5,2.860e-5,5.428e-6,5.179e-6,4.333e-6
Y,195905,978.1,300.7,296.9,70.0,13.1,5.7,0,0000
T,2014,08,22,17,23,39
B,269681,25777,136,3448,163570,6893,128,3447,978.0,300.7
G,3248549,178558,182,3448,1909249,40557,179,3447,978.0,300.7
R,1310405,88122,5285,3448,776350,33750,5075,3447,978.0,300.7
D,NBXX,9999,4.816e-5,3.793e-5,2.814e-5,5.289e-6,5.083e-6,4.292e-6
Y,195735,978.0,300.7,296.9,69.7,13.1,5.7,0,0000
T,2014,08,22,17,28,39
B,269812,25351,143,3447,162213,6717,147,3447,978.0,300.8
G,3246839,176638,229,3447,1913178,40400,204,3447,978.0,300.8
R,1313500,87083,5121,3447,774912,33827,5163,3447,978.0,300.8
D,NBXX,9999,4.675e-5,3.735e-5,2.745e-5,4.652e-6,5.013e-6,4.356e-6
Y,195688,978.0,300.8,296.9,68.4,13.1,5.7,0,0000
T,2014,08,22,17,33,39
B,268686,25728,143,3447,163179,6995,125,3448,978.0,300.8
G,3246128,177125,174,3447,1908738,40592,171,3448,978.0,300.8
R,1314610,86864,5275,3447,776259,33825,5080,3448,978.0,300.8
D,NBXX,9999,4.828e-5,3.754e-5,2.723e-5,5.646e-6,5.102e-6,4.289e-6
Y,195645,978.0,300.8,296.9,68.9,13.1,5.7,0,0000
T,2014,08,22,17,38,39
B,268185,25695,135,3424,162677,6671,153,3425,977.9,300.8
G,3232026,178897,316,3424,1906629,40448,278,3425,977.9,300.8
R,1307354,87800,5123,3424,773967,34054,5056,3425,977.9,300.8
D,NBXX,9999,4.826e-5,3.823e-5,2.818e-5,4.630e-6,5.022e-6,4.624e-6
Y,196106,977.9,300.8,296.9,69.8,13.1,5.7,0,0008
T,2014,08,22,17,43,39
B,269478,25920,123,3448,163507,6966,123,3447,977.9,300.8
G,3255126,185954,263,3448,1917892,41393,266,3447,977.9,300.8
R,1315417,92070,5266,3448,778355,34840,5135,3447,977.9,300.8
D,NBXX,9999,4.871e-5,4.000e-5,3.031e-5,5.588e-6,5.253e-6,4.870e-6
Y,196133,977.9,300.8,296.9,71.0,13.1,5.7,0,0000
T,2014,08,22,17,48,39
B,269445,25654,131,3447,162829,6867,141,3447,977.9,300.8
G,3252590,178176,270,3447,1912658,40824,289,3447,977.9,300.8
R,1315127,88195,5254,3447,778160,34410,5330,3447,977.9,300.8
D,NBXX,9999,4.783e-5,3.768e-5,2.786e-5,5.194e-6,5.076e-6,4.481e-6
Y,196036,977.9,300.8,296.9,69.8,13.1,5.7,0,0000
T,2014,08,22,17,53,39
B,269853,25061,116,3447,163759,6823,145,3448,977.9,300.8
G,3253795,175051,233,3447,1913808,40384,158,3448,977.9,300.8
R,1314938,86786,5197,3447,777268,33846,5233,3448,977.9,300.8
D,NBXX,9999,4.596e-5,3.677e-5,2.712e-5,5.064e-6,4.993e-6,4.246e-6
Y,196109,977.9,300.8,296.9,69.7,13.1,5.7,0,0000
T,2014,08,22,17,58,39
B,267876,24310,133,3447,162773,6604,118,3447,977.9,300.8
G,3251810,168084,241,3447,1909443,39589,250,3447,977.9,300.8
R,1314227,84754,5074,3447,775482,33840,5255,3447,977.9,300.8
D,NBXX,9999,4.426e-5,3.465e-5,2.599e-5,4.585e-6,4.728e-6,4.325e-6
Y,195989,977.9,300.8,297.0,68.7,13.1,5.7,0,0000
T,2014,08,22,18,03,39
B,269924,24694,157,3448,163886,6765,130,3447,977.8,300.8
G,3247318,175124,321,3448,1914586,39720,288,3447,977.8,300.8
R,1317119,87073,5241,3448,777639,34558,5097,3447,977.8,300.8
D,NBXX,9999,4.474e-5,3.682e-5,2.728e-5,4.805e-6,4.746e-6,4.727e-6
Y,195660,977.8,300.8,297.0,69.5,13.1,5.7,0,0000
T,2014,08,22,18,08,39
B,270391,24887,139,3447,163528,6684,136,3447,977.8,300.8
G,3252667,172509,273,3447,1912627,40180,299,3447,977.8,300.8
R,1314925,86985,5037,3447,778184,33595,5319,3447,977.8,300.8
D,NBXX,9999,4.524e-5,3.595e-5,2.730e-5,4.564e-6,4.875e-6,4.151e-6
Y,196041,977.8,300.8,297.0,70.5,13.1,5.7,0,0000
T,2014,08,22,18,13,39
B,271008,23655,150,3447,163306,6658,124,3447,977.8,300.8
G,3252379,166703,309,3447,1916669,39414,292,3447,977.8,300.8
R,1315927,84434,5270,3447,776943,33655,5258,3447,977.8,300.8
D,NBXX,9999,4.137e-5,3.418e-5,2.561e-5,4.446e-6,4.634e-6,4.057e-6
Y,196024,977.8,300.8,296.9,69.3,13.1,5.7,0,0000
T,2014,08,22,18,18,39
B,270335,24755,133,3447,163321,6650,152,3448,977.8,300.8
G,3251554,171042,243,3447,1912889,39732,227,3448,977.8,300.8
R,1313266,86381,5377,3447,776595,33849,5291,3448,977.8,300.8
D,NBXX,9999,4.482e-5,3.556e-5,2.677e-5,4.425e-6,4.776e-6,4.098e-6
Y,195974,977.8,300.8,296.9,70.3,13.1,5.7,0,0000
T,2014,08,22,18,23,39
B,269736,23741,139,3447,162737,6609,132,3447,977.8,300.8
G,3252313,166366,373,3447,1914564,39498,356,3447,977.8,300.8
R,1316711,84344,5268,3447,777183,33578,5320,3447,977.8,300.8
D,NBXX,9999,4.197e-5,3.404e-5,2.548e-5,4.398e-6,4.614e-6,3.961e-6
Y,196020,977.8,300.8,296.9,69.3,13.1,5.7,0,0000
T,2014,08,22,18,28,39
B,270954,23969,139,3448,163226,6627,149,3447,977.7,300.8
G,3247952,167655,234,3448,1914024,39422,211,3447,977.7,300.8
R,1314381,84623,5273,3448,776367,33649,5270,3447,977.7,300.8
D,NBXX,9999,4.228e-5,3.459e-5,2.576e-5,4.313e-6,4.711e-6,4.063e-6
Y,195699,977.7,300.8,296.9,69.2,13.1,5.7,0,0000
T,2014,08,22,18,33,39
B,269621,24444,118,3447,163270,6847,135,3447,977.7,300.8
G,3247792,168374,220,3447,1912295,39328,217,3447,977.7,300.8
R,1312422,85349,5194,3447,773839,33925,5280,3447,977.7,300.8
D,NBXX,9999,4.419e-5,3.482e-5,2.631e-5,5.188e-6,4.682e-6,4.293e-6
Y,195746,977.7,300.8,296.9,70.0,13.1,5.7,0,0000
T,2014,08,22,18,38,39
B,269808,24275,137,3447,163446,6724,120,3448,977.7,300.8
G,3250449,168053,430,3447,1914203,39684,364,3448,977.7,300.8
R,1314155,85187,5256,3447,777163,33862,5220,3448,977.7,300.8
D,NBXX,9999,4.361e-5,3.455e-5,2.616e-5,4.783e-6,4.651e-6,4.231e-6
Y,195907,977.7,300.8,296.9,69.8,13.1,5.7,0,0000
T,2014,08,22,18,43,39
B,270393,24032,129,3447,162557,6548,137,3447,977.7,300.8
G,3250922,167872,368,3447,1914887,39325,282,3447,977.7,300.8
R,1314596,85098,5233,3447,776524,33669,5209,3447,977.7,300.8
D,NBXX,9999,4.270e-5,3.454e-5,2.611e-5,4.186e-6,4.595e-6,4.139e-6
Y,195936,977.7,300.8,296.9,70.3,13.1,5.7,0,0000
T,2014,08,22,18,48,39
B,269334,24721,124,3448,162974,6832,119,3447,977.8,300.8
G,3245825,172298,375,3448,1912909,40035,354,3447,977.8,300.8
R,1314599,87299,5217,3448,776838,34040,5181,3447,977.8,300.8
D,NBXX,9999,4.514e-5,3.594e-5,2.747e-5,5.204e-6,4.805e-6,4.398e-6
Y,195570,977.8,300.8,296.9,71.8,13.1,5.7,0,0000
T,2014,08,22,18,53,39
B,270252,24244,147,3447,163434,6684,158,3447,977.8,300.7
G,3248237,168581,425,3447,1914150,40084,361,3447,977.8,300.7
R,1313876,85199,5156,3447,776757,33870,5205,3447,977.8,300.7
D,NBXX,9999,4.324e-5,3.475e-5,2.625e-5,4.469e-6,4.787e-6,4.324e-6
Y,195773,977.8,300.7,296.8,70.5,13.1,5.7,0,0000
T,2014,08,22,18,58,39
B,269369,24313,114,3447,162915,6660,152,3448,977.8,300.7
G,3249257,168845,324,3447,1915372,39758,317,3448,977.8,300.7
R,1316109,85148,5276,3447,777013,33687,5167,3448,977.8,300.7
D,NBXX,9999,4.382e-5,3.487e-5,2.609e-5,4.590e-6,4.732e-6,4.129e-6
Y,195835,977.8,300.7,296.8,70.8,13.1,5.7,0,0000
T,2014,08,22,19,03,39
B,269791,24510,148,3447,164064,6739,132,3447,977.8,300.7
G,3247020,171091,245,3447,1911642,39457,270,3447,977.8,300.7
R,1312450,86490,5273,3447,776267,34033,5232,3447,977.8,300.7
D,NBXX,9999,4.425e-5,3.563e-5,2.698e-5,4.755e-6,4.697e-6,4.336e-6
Y,195699,977.8,300.7,296.8,71.5,13.1,5.7,0,0000
T,2014,08,22,19,08,39
B,270070,24263,163,3448,163360,6739,126,3447,977.8,300.7
G,3248587,169004,195,3448,1914809,39880,212,3447,977.8,300.7
R,1314243,85288,5283,3448,777740,33414,5218,3447,977.8,300.7
D,NBXX,9999,4.340e-5,3.501e-5,2.619e-5,4.709e-6,4.861e-6,3.952e-6
Y,195737,977.8,300.7,296.8,71.5,13.1,5.7,0,0000
T,2014,08,22,19,13,39
B,269317,24613,152,3447,163628,6725,151,3447,977.8,300.7
G,3246627,172894,241,3447,1914768,40370,249,3447,977.8,300.7
R,1313740,86674,5087,3447,778144,33480,5271,3447,977.8,300.7
D,NBXX,9999,4.461e-5,3.619e-5,2.715e-5,4.666e-6,4.985e-6,4.092e-6
Y,195676,977.8,300.7,296.8,72.3,13.1,5.7,0,0000
T,2014,08,22,19,18,39
B,269893,25151,116,3447,163604,7065,127,3448,977.8,300.7
G,3250690,180245,387,3447,1913047,40899,350,3448,977.8,300.7
R,1313948,89462,5137,3447,776881,34463,5280,3448,977.8,300.7
D,NBXX,9999,4.628e-5,3.827e-5,2.878e-5,5.854e-6,5.039e-6,4.637e-6
Y,195921,977.8,300.7,296.8,72.6,13.0,5.7,0,0000
T,2014,08,22,19,23,39
B,270395,24936,153,3447,164236,6830,140,3447,977.8,300.7
G,3250140,174004,339,3447,1913994,40413,281,3447,977.8,300.7
R,1315184,86502,5219,3447,777049,33784,5181,3447,977.8,300.7
D,NBXX,9999,4.532e-5,3.643e-5,2.696e-5,4.940e-6,4.939e-6,4.232e-6
Y,195888,977.8,300.7,296.8,72.1,13.1,5.7,0,0000
T,2014,08,22,19,28,39
B,270084,24170,157,3448,163307,6632,127,3447,977.9,300.7
G,3252859,171258,464,3448,1911378,40036,446,3447,977.9,300.7
R,1313604,85110,5162,3448,775437,33739,5155,3447,977.9,300.7
D,NBXX,9999,4.313e-5,3.545e-5,2.624e-5,4.403e-6,4.715e-6,4.284e-6
Y,195996,977.9,300.7,296.8,72.1,13.1,5.7,0,0000
T,2014,08,22,19,33,39
B,269616,24681,123,3447,163358,6937,114,3447,977.9,300.7
G,3247831,174340,325,3447,1914145,40301,320,3447,977.9,300.7
R,1314770,86658,5160,3447,777943,33690,5104,3447,977.9,300.7
D,NBXX,9999,4.496e-5,3.656e-5,2.717e-5,5.516e-6,4.904e-6,4.275e-6
Y,195748,977.9,300.7,296.7,72.8,13.1,5.7,0,0000
T,2014,08,22,19,38,39
B,268057,24841,123,3447,163176,6637,127,3448,977.9,300.7
G,3247739,170520,274,3447,1914635,40093,259,3448,977.9,300.7
R,1313858,85988,5248,3447,777857,33715,5177,3448,977.9,300.7
D,NBXX,9999,4.583e-5,3.544e-5,2.668e-5,4.670e-6,4.878e-6,4.181e-6
Y,195743,977.9,300.7,296.7,72.8,13.1,5.7,0,0000
T,2014,08,22,19,43,39
B,268932,24820,113,3447,163269,6687,111,3447,977.9,300.7
G,3251874,172974,410,3447,1910988,40607,387,3447,977.9,300.7
R,1312641,86216,5227,3447,777138,33976,5165,3447,977.9,300.7
D,NBXX,9999,4.561e-5,3.603e-5,2.688e-5,4.856e-6,4.929e-6,4.379e-6
Y,195993,977.9,300.7,296.7,73.1,13.1,5.7,0,0000
T,2014,08,22,19,48,39
B,269664,25128,170,3448,163787,6748,132,3447,977.8,300.6
G,3251293,172009,392,3448,1915152,40179,355,3447,977.8,300.6
R,1314857,86431,5252,3448,777506,33666,5049,3447,977.8,300.6
D,NBXX,9999,4.607e-5,3.576e-5,2.700e-5,4.720e-6,4.822e-6,4.238e-6
Y,195901,977.8,300.6,296.7,72.9,13.0,5.7,0,0000
T,2014,08,22,19,53,39
B,271059,24641,117,3447,163600,6622,126,3447,977.9,300.6
G,3248982,172670,299,3447,1915138,39921,284,3447,977.9,300.6
R,1315098,85903,5185,3447,775678,33799,5033,3447,977.9,300.6
D,NBXX,9999,4.443e-5,3.605e-5,2.673e-5,4.442e-6,4.807e-6,4.369e-6
Y,195818,977.9,300.6,296.7,73.2,13.1,5.7,0,0000
T,2014,08,22,19,58,39
B,269824,24165,132,3447,163894,6651,158,3448,977.9,300.6
G,3250410,171495,345,3447,1913026,39929,248,3448,977.9,300.6
R,1314803,85514,5099,3447,777072,33630,5204,3448,977.9,300.6
D,NBXX,9999,4.317e-5,3.567e-5,2.645e-5,4.446e-6,4.797e-6,4.206e-6
Y,195905,977.9,300.6,296.7,73.1,13.1,5.7,0,0000
T,2014,08,22,20,03,39
B,268746,24909,129,3447,163473,6843,133,3447,977.9,300.6
G,3248496,174529,331,3447,1916353,40331,363,3447,977.9,300.6
R,1315442,87494,5107,3447,777662,34030,5155,3447,977.9,300.6
D,NBXX,9999,4.580e-5,3.659e-5,2.765e-5,5.208e-6,4.894e-6,4.474e-6
Y,195789,977.9,300.6,296.7,73.6,13.0,5.7,0,0000
T,2014,08,22,20,08,39
B,270272,25314,109,3448,163546,6640,135,3447,977.8,300.6
G,3251990,177939,236,3448,1915467,40083,241,3447,977.8,300.6
R,1314428,89814,5185,3448,777396,33849,5113,3447,977.8,300.6
D,NBXX,9999,4.666e-5,3.764e-5,2.906e-5,4.554e-6,4.886e-6,4.355e-6
Y,195943,977.8,300.6,296.7,74.5,13.1,5.7,0,0000
T,2014,08,22,20,13,39
B,269289,25409,125,3447,163321,6674,114,3447,977.8,300.6
G,3250091,176166,98,3447,1913276,39855,118,3447,977.8,300.6
R,1310451,87875,4981,3447,776070,33953,5007,3447,977.8,300.6
D,NBXX,9999,4.724e-5,3.723e-5,2.824e-5,4.738e-6,4.912e-6,4.671e-6
Y,195885,977.8,300.6,296.6,74.5,13.1,5.7,0,0000
T,2014,08,22,20,18,39
B,270564,25921,136,3447,163521,6877,129,3448,977.8,300.6
G,3254367,179839,107,3447,1916090,40098,110,3448,977.8,300.6
R,1314735,90270,5258,3447,776674,33900,4930,3448,977.8,300.6
D,NBXX,9999,4.834e-5,3.827e-5,2.940e-5,5.161e-6,4.966e-6,4.450e-6
Y,196144,977.8,300.6,296.6,75.2,13.1,5.7,0,0000
T,2014,08,22,20,23,39
B,271609,25087,129,3447,163178,6586,131,3447,977.8,300.6
G,3252853,176446,179,3447,1915040,39804,174,3447,977.8,300.6
R,1311888,87453,5035,3447,777205,34030,5145,3447,977.8,300.6
D,NBXX,9999,4.556e-5,3.722e-5,2.781e-5,4.236e-6,4.838e-6,4.568e-6
Y,196052,977.8,300.6,296.6,74.9,13.1,5.7,0,0000
T,2014,08,22,20,28,39
B,269247,25176,151,3447,162684,6461,122,3447,977.8,300.6
G,3249705,177740,368,3447,1914149,40701,323,3447,977.8,300.6
R,1314867,88133,5008,3447,773812,33529,5128,3447,977.8,300.6
D,NBXX,9999,4.643e-5,3.755e-5,2.814e-5,3.978e-6,5.003e-6,4.266e-6
Y,195862,977.8,300.6,296.6,75.0,13.1,5.7,0,0000
T,2014,08,22,20,33,39
B,270137,25031,116,3448,162192,6711,145,3447,977.8,300.6
G,3250966,174828,341,3448,1913221,40507,295,3447,977.8,300.6
R,1314984,88064,5069,3448,775072,33668,5101,3447,977.8,300.6
D,NBXX,9999,4.579e-5,3.666e-5,2.807e-5,4.718e-6,4.962e-6,4.330e-6
Y,195881,977.8,300.6,296.6,74.5,13.1,5.7,0,0000
T,2014,08,22,20,38,39
B,269228,25756,110,3447,163391,6687,116,3447,977.7,300.6
G,3248488,179269,374,3447,1919453,41313,331,3447,977.7,300.6
R,1313194,88791,5229,3447,777008,33819,5220,3447,977.7,300.6
D,NBXX,9999,4.835e-5,3.803e-5,2.838e-5,4.827e-6,5.188e-6,4.239e-6
Y,195788,977.7,300.6,296.6,74.7,13.1,5.7,0,0000
T,2014,08,22,20,43,39
B,270389,25291,142,3447,163095,6591,133,3448,977.7,300.6
G,3247290,179427,354,3447,1918215,41328,332,3448,977.7,300.6
R,1315427,88939,5069,3447,776751,33823,5179,3448,977.7,300.6
D,NBXX,9999,4.646e-5,3.810e-5,2.853e-5,4.278e-6,5.200e-6,4.354e-6
Y,195716,977.7,300.6,296.6,74.5,13.1,5.7,0,0000
T,2014,08,22,20,48,39
B,269988,25193,161,3447,163356,6720,119,3447,977.8,300.6
G,3253409,178257,244,3447,1912649,40834,249,3447,977.8,300.6
R,1314642,88752,4983,3447,775614,33527,5003,3447,977.8,300.6
D,NBXX,9999,4.626e-5,3.771e-5,2.863e-5,4.683e-6,5.099e-6,4.372e-6
Y,196086,977.8,300.6,296.6,74.2,13.0,5.7,0,0000
T,2014,08,22,20,53,39
B,268996,25335,141,3448,163306,6828,114,3447,977.8,300.6
G,3249990,180301,410,3448,1918554,40905,373,3447,977.8,300.6
R,1312814,89100,5034,3448,777312,33957,5226,3447,977.8,300.6
D,NBXX,9999,4.705e-5,3.829e-5,2.871e-5,5.175e-6,5.035e-6,4.463e-6
Y,195822,977.8,300.6,296.6,74.4,13.1,5.7,0,0000
T,2014,08,22,20,58,39
B,269257,25464,146,3447,162525,6797,129,3447,977.8,300.6
G,3249666,177479,367,3447,1909956,40757,371,3447,977.8,300.6
R,1311784,88052,4952,3447,773221,33721,5170,3447,977.8,300.6
D,NBXX,9999,4.730e-5,3.745e-5,2.821e-5,4.986e-6,5.003e-6,4.423e-6
Y,195860,977.8,300.6,296.6,74.2,13.0,5.7,0,0000
T,2014,08,22,21,03,39
B,269249,25272,139,3447,163433,6956,144,3448,977.8,300.5
G,3251018,178086,355,3447,1917948,40757,328,3448,977.8,300.5
R,1311454,88987,5062,3447,777332,34162,5024,3448,977.8,300.5
D,NBXX,9999,4.666e-5,3.763e-5,2.881e-5,5.420e-6,5.014e-6,4.713e-6
Y,195941,977.8,300.5,296.5,74.1,13.1,5.7,0,0000
T,2014,08,22,21,08,39
B,270078,25087,117,3447,163554,6837,146,3447,977.9,300.5
G,3245107,177873,316,3447,1915394,40768,320,3447,977.9,300.5
R,1314246,88275,5096,3447,778015,33701,5175,3447,977.9,300.5
D,NBXX,9999,4.594e-5,3.768e-5,2.816e-5,5.075e-6,5.060e-6,4.282e-6
Y,195584,977.9,300.5,296.5,74.2,13.1,5.7,0,0000
T,2014,08,22,21,13,39
B,270152,25085,97,3448,162921,6756,118,3447,977.9,300.5
G,3249310,176408,359,3448,1911051,40425,325,3447,977.9,300.5
R,1313036,88030,5077,3448,775214,33660,5020,3447,977.9,300.5
D,NBXX,9999,4.608e-5,3.715e-5,2.817e-5,4.999e-6,4.926e-6,4.396e-6
Y,195781,977.9,300.5,296.5,74.2,13.1,5.7,0,0000
T,2014,08,22,21,18,39
B,269602,25289,114,3447,163191,6947,122,3447,977.9,300.5
G,3248437,179226,310,3447,1910931,40542,316,3447,977.9,300.5
R,1311610,88899,5063,3447,775952,33917,5132,3447,977.9,300.5
D,NBXX,9999,4.678e-5,3.804e-5,2.868e-5,5.537e-6,4.982e-6,4.492e-6
Y,195785,977.9,300.5,296.5,74.4,13.1,5.7,0,0000
T,2014,08,22,21,23,39
B,270146,25292,141,3447,163202,6876,125,3448,977.9,300.5
G,3250212,180739,268,3447,1913610,40889,294,3448,977.9,300.5
R,1312032,89989,4995,3447,774263,33927,4963,3448,977.9,300.5
D,NBXX,9999,4.653e-5,3.849e-5,2.949e-5,5.171e-6,5.100e-6,4.655e-6
Y,195893,977.9,300.5,296.5,74.4,13.1,5.7,0,0000
T,2014,08,22,21,28,39
B,270985,25592,113,3447,163077,6841,155,3447,977.9,300.5
G,3246022,181910,274,3447,1907445,41302,255,3447,977.9,300.5
R,1312241,90336,4920,3447,774196,34141,5082,3447,977.9,300.5
D,NBXX,9999,4.719e-5,3.893e-5,2.966e-5,5.004e-6,5.256e-6,4.756e-6
Y,195639,977.9,300.5,296.5,74.2,13.1,5.7,0,0000
T,2014,08,22,21,33,39
B,268690,25677,138,3448,163467,6864,130,3447,978.0,300.5
G,3250679,183547,213,3448,1913738,41224,213,3447,978.0,300.5
R,1312771,91161,5060,3448,774094,34003,5155,3447,978.0,300.5
D,NBXX,9999,4.810e-5,3.938e-5,2.999e-5,5.247e-6,5.255e-6,4.523e-6
Y,195864,978.0,300.5,296.5,74.5,13.1,5.7,0,0000
T,2014,08,22,21,38,39
B,269464,25445,151,3447,163891,6948,114,3447,977.9,300.5
G,3247899,182924,304,3447,1918070,41216,314,3447,977.9,300.5
R,1312147,90482,4856,3447,776972,33959,5080,3447,977.9,300.5
D,NBXX,9999,4.719e-5,3.918e-5,2.979e-5,5.448e-6,5.192e-6,4.693e-6
Y,195753,977.9,300.5,296.4,74.4,13.1,5.7,0,0000
T,2014,08,22,21,43,39
B,269726,25443,106,3447,162828,6797,107,3448,978.0,300.5
G,3251571,179985,264,3447,1909191,40383,227,3448,978.0,300.5
R,1311213,88597,5030,3447,775620,33729,4940,3448,978.0,300.5
D,NBXX,9999,4.729e-5,3.827e-5,2.867e-5,5.149e-6,4.966e-6,4.535e-6
Y,195975,978.0,300.5,296.4,73.7,13.0,5.7,0,0000
T,2014,08,22,21,48,39
B,268054,25915,127,3447,162633,6970,132,3447,978.0,300.5
G,3247839,182808,263,3447,1915934,41121,256,3447,978.0,300.5
R,1310285,90327,5096,3447,773411,33930,4983,3447,978.0,300.5
D,NBXX,9999,4.903e-5,3.918e-5,2.967e-5,5.642e-6,5.198e-6,4.595e-6
Y,195749,978.0,300.5,296.4,74.2,13.1,5.7,0,0000
T,2014,08,22,21,53,39
B,269428,25887,144,3448,164278,6970,143,3447,978.1,300.4
G,3248066,179372,261,3448,1913913,41083,199,3447,978.1,300.4
R,1310661,89207,5120,3448,778278,33630,4884,3447,978.1,300.4
D,NBXX,9999,4.846e-5,3.812e-5,2.903e-5,5.447e-6,5.197e-6,4.467e-6
Y,195706,978.1,300.4,296.4,73.4,13.1,5.7,0,0000
T,2014,08,22,21,58,39
B,269266,26019,140,3447,164286,6928,138,3447,978.2,300.4
G,3251576,184407,259,3447,1919341,41761,241,3447,978.2,300.4
R,1312895,90959,4982,3447,776909,34008,4922,3447,978.2,300.4
D,NBXX,9999,4.893e-5,3.958e-5,3.008e-5,5.357e-6,5.372e-6,4.738e-6
Y,195975,978.2,300.4,296.4,73.7,13.1,5.7,0,0000
T,2014,08,22,22,03,39
B,269424,25964,114,3447,163447,6799,146,3448,978.2,300.4
G,3247534,184381,145,3447,1913259,41148,154,3448,978.2,300.4
R,1314745,91633,5020,3447,774806,33958,5124,3448,978.2,300.4
D,NBXX,9999,4.878e-5,3.971e-5,3.025e-5,5.013e-6,5.268e-6,4.515e-6
Y,195731,978.2,300.4,296.4,73.7,13.1,5.7,0,0000
T,2014,08,22,22,08,39
B,270295,26029,117,3447,163236,7026,152,3447,978.2,300.4
G,3248141,183114,112,3447,1914346,41045,117,3447,978.2,300.4
R,1312334,90439,5039,3447,773884,34357,5010,3447,978.2,300.4
D,NBXX,9999,4.870e-5,3.934e-5,2.968e-5,5.608e-6,5.263e-6,4.852e-6
Y,195767,978.2,300.4,296.4,73.4,13.1,5.7,0,0000
T,2014,08,22,22,13,39
B,269485,26420,152,3426,162328,7002,106,3425,978.2,300.4
G,3230874,189780,106,3426,1902753,41393,81,3425,978.2,300.4
R,1306313,92338,4967,3426,770152,34335,4946,3425,978.2,300.4
D,NBXX,9999,5.015e-5,4.169e-5,3.115e-5,5.640e-6,5.454e-6,5.003e-6
Y,195921,978.2,300.4,296.4,73.4,13.1,5.7,0,0008
T,2014,08,22,22,18,39
B,269352,26538,131,3447,163166,7089,123,3447,978.3,300.4
G,3248187,190304,117,3447,1913726,42261,110,3447,978.3,300.4
R,1310939,94027,5013,3447,775623,34644,4886,3447,978.3,300.4
D,NBXX,9999,5.056e-5,4.152e-5,3.201e-5,5.921e-6,5.633e-6,5.146e-6
Y,195770,978.3,300.4,296.4,72.9,13.0,5.7,0,0000
T,2014,08,22,22,23,40
B,270365,26654,159,3447,163242,6921,119,3448,978.2,300.4
G,3255011,193557,107,3447,1915886,42248,106,3448,978.2,300.4
R,1312864,94581,5020,3447,776570,34619,4888,3448,978.2,300.4
D,NBXX,9999,5.053e-5,4.239e-5,3.226e-5,5.249e-6,5.603e-6,5.099e-6
Y,196183,978.2,300.4,296.4,72.9,13.1,5.7,0,0000
T,2014,08,22,22,28,39
B,269515,26895,142,3447,163200,7040,125,3447,978.2,300.4
G,3248430,192388,114,3447,1914797,42124,96,3447,978.2,300.4
R,1313455,94230,4995,3447,774492,34266,4952,3447,978.2,300.4
D,NBXX,9999,5.154e-5,4.216e-5,3.200e-5,5.715e-6,5.596e-6,4.857e-6
Y,195785,978.2,300.4,296.3,73.1,13.0,5.7,0,0000
T,2014,08,22,22,33,39
B,269625,26107,136,3447,163862,6992,109,3447,978.2,300.4
G,3244715,186194,110,3447,1911584,40924,104,3447,978.2,300.4
R,1310203,92129,5015,3447,774549,33810,5031,3447,978.2,300.4
D,NBXX,9999,4.921e-5,4.034e-5,3.079e-5,5.639e-6,5.245e-6,4.546e-6
Y,195560,978.2,300.4,296.3,72.6,13.1,5.7,0,0000
T,2014,08,22,22,38,39
B,270046,26795,158,3448,163825,6910,134,3447,978.2,300.3
G,3249694,190237,107,3448,1914403,41654,119,3447,978.2,300.3
R,1312405,93386,4893,3448,774196,34336,4974,3447,978.2,300.3
D,NBXX,9999,5.100e-5,4.148e-5,3.159e-5,5.202e-6,5.447e-6,4.972e-6
Y,195804,978.2,300.3,296.3,73.2,13.1,5.7,0,0000
T,2014,08,22,22,43,39
B,261625,25437,136,3344,156852,6692,87,3345,978.3,300.3
G,3146287,177634,111,3344,1840628,39609,88,3345,978.3,300.3
R,1270529,88293,4848,3344,745860,33423,4949,3345,978.3,300.3
D,NBXX,9999,4.959e-5,3.943e-5,3.009e-5,5.398e-6,5.221e-6,4.898e-6
Y,195468,978.3,300.3,296.3,72.6,13.0,5.7,0,0008
T,2014,08,22,22,48,39
B,247468,24167,151,3171,149291,6355,118,3177,978.3,300.3
G,2982935,169681,110,3171,1752559,38050,74,3177,978.3,300.3
R,1203288,84174,4508,3171,709161,31138,4470,3177,978.3,300.3
D,NBXX,9999,4.972e-5,3.985e-5,3.069e-5,5.227e-6,5.367e-6,4.761e-6
Y,195430,978.3,300.3,296.3,72.9,13.1,5.7,0,0008
T,2014,08,22,22,53,39
B,269733,26074,99,3447,163110,6832,121,3447,978.2,300.3
G,3253536,184895,105,3447,1914053,41561,102,3447,978.2,300.3
R,1314498,91380,5114,3447,775570,33802,5039,3447,978.2,300.3
D,NBXX,9999,4.916e-5,3.979e-5,3.010e-5,5.236e-6,5.407e-6,4.422e-6
Y,196094,978.2,300.3,296.3,72.9,13.1,5.7,0,0000
T,2014,08,22,22,58,40
B,270225,26088,128,3448,163786,6884,123,3447,978.2,300.3
G,3248764,183797,101,3448,1909096,41436,86,3447,978.2,300.3
R,1311447,90404,5039,3448,772618,34148,4899,3447,978.2,300.3
D,NBXX,9999,4.896e-5,3.955e-5,2.977e-5,5.254e-6,5.398e-6,4.818e-6
Y,195748,978.2,300.3,296.2,72.6,13.1,5.7,0,0000
T,2014,08,22,23,03,39
B,269137,26738,133,3447,163684,6915,119,3447,978.2,300.3
G,3244449,186253,104,3447,1913839,41470,103,3447,978.2,300.3
R,1310149,92449,4885,3447,775632,34172,4858,3447,978.2,300.3
D,NBXX,9999,5.123e-5,4.036e-5,3.119e-5,5.419e-6,5.414e-6,4.978e-6
Y,195544,978.2,300.3,296.2,72.9,13.0,5.7,0,0000
T,2014,08,22,23,08,40
B,269981,26090,126,3447,163062,6993,102,3448,978.3,300.3
G,3248472,186463,110,3447,1903553,41672,104,3448,978.3,300.3
R,1310477,91993,4876,3447,773643,33887,4978,3448,978.3,300.3
D,NBXX,9999,4.911e-5,4.036e-5,3.083e-5,5.669e-6,5.454e-6,4.720e-6
Y,195787,978.3,300.3,296.2,73.2,13.1,5.7,0,0000
T,2014,08,22,23,13,39
B,265213,25406,117,3381,159920,6704,127,3381,978.3,300.3
G,3193504,179577,102,3381,1875229,40495,74,3381,978.3,300.3
R,1286130,89148,4934,3381,760355,33419,4836,3381,978.3,300.3
D,NBXX,9999,4.836e-5,3.921e-5,3.006e-5,5.096e-6,5.324e-6,4.753e-6
Y,196233,978.3,300.3,296.2,72.6,13.1,5.7,0,0008
T,2014,08,22,23,18,40
B,269221,26032,112,3448,161911,6973,84,3447,978.2,300.3
G,3242514,186932,91,3448,1904092,41735,91,3447,978.2,300.3
R,1311436,92030,4793,3448,771945,34088,4909,3447,978.2,300.3
D,NBXX,9999,4.927e-5,4.061e-5,3.092e-5,5.790e-6,5.515e-6,4.948e-6
Y,195370,978.2,300.3,296.2,73.2,13.1,5.7,0,0000
T,2014,08,22,23,23,39
B,269143,25961,131,3447,162804,6874,145,3447,978.2,300.3
G,3245404,185216,91,3447,1904353,41242,105,3447,978.2,300.3
R,1310965,91453,4807,3447,772945,33946,4970,3447,978.2,300.3
D,NBXX,9999,4.880e-5,4.004e-5,3.053e-5,5.210e-6,5.345e-6,4.809e-6
Y,195602,978.2,300.3,296.2,73.1,13.1,5.7,0,0000
T,2014,08,22,23,28,40
B,266481,26046,132,3417,162271,6799,111,3419,978.2,300.3
G,3215784,182538,111,3417,1898046,40736,85,3419,978.2,300.3
R,1294225,90934,4915,3417,770467,33422,4769,3419,978.2,300.3
D,NBXX,9999,4.995e-5,3.973e-5,3.091e-5,5.284e-6,5.297e-6,4.721e-6
Y,195518,978.2,300.3,296.2,72.8,13.1,5.7,0,0008
T,2014,08,22,23,33,39
B,270469,26077,120,3447,162774,6949,146,3447,978.2,300.3
G,3253298,186682,107,3447,1911079,41543,98,3447,978.2,300.3
R,1313555,92853,4884,3447,775273,34057,4958,3447,978.2,300.3
D,NBXX,9999,4.880e-5,4.034e-5,3.124e-5,5.373e-6,5.403e-6,4.804e-6
Y,196079,978.2,300.3,296.2,73.1,13.1,5.7,0,0000
T,2014,08,22,23,38,40
B,269732,25877,128,3448,163255,6842,127,3447,978.3,300.3
G,3253037,183980,103,3448,1917102,41464,130,3447,978.3,300.3
R,1311459,90485,4877,3448,777410,33794,4906,3447,978.3,300.3
D,NBXX,9999,4.845e-5,3.952e-5,2.993e-5,5.149e-6,5.374e-6,4.713e-6
Y,196006,978.3,300.3,296.1,72.8,13.1,5.7,0,0000
T,2014,08,22,23,43,40
B,269914,26505,142,3447,163116,6965,133,3447,978.3,300.2
G,3251357,188222,127,3447,1915707,41819,112,3447,978.3,300.2
R,1312351,94211,4940,3447,776454,34210,4841,3447,978.3,300.2
D,NBXX,9999,5.020e-5,4.083e-5,3.215e-5,5.417e-6,5.482e-6,4.951e-6
Y,195962,978.3,300.2,296.1,73.6,13.1,5.7,0,0000
T,2014,08,22,23,48,40
B,270053,26549,139,3447,163964,6915,117,3448,978.3,300.2
G,3251428,187967,99,3447,1916170,41571,78,3448,978.3,300.2
R,1312605,92682,4933,3447,774037,34355,4805,3448,978.3,300.2
D,NBXX,9999,5.035e-5,4.077e-5,3.124e-5,5.317e-6,5.425e-6,5.061e-6
Y,195966,978.3,300.2,296.1,73.1,13.0,5.7,0,0000
T,2014,08,22,23,53,40
B,269853,25676,112,3447,163407,6929,102,3447,978.3,300.2
G,3252320,181143,98,3447,1917780,41527,75,3447,978.3,300.2
R,1310820,89729,4844,3447,775170,33457,4800,3447,978.3,300.2
D,NBXX,9999,4.792e-5,3.869e-5,2.959e-5,5.527e-6,5.413e-6,4.608e-6
Y,196020,978.3,300.2,296.1,72.3,13.1,5.7,0,0000
T,2014,08,22,23,58,40
B,269949,26021,158,3448,163345,6958,133,3447,978.3,300.2
G,3252499,185697,110,3448,1917428,41466,81,3447,978.3,300.2
R,1313027,91857,4898,3448,774853,33547,4801,3447,978.3,300.2
D,NBXX,9999,4.867e-5,4.006e-5,3.076e-5,5.344e-6,5.391e-6,4.607e-6
Y,195974,978.3,300.2,296.1,73.2,13.0,5.7,0,0000
