T,2017,04,07,14,51,38
B,169504,13739,155,689,97278,4743,146,689,990.2,298.7
G,451057,27221,120,689,255372,6792,111,689,990.2,298.7
R,232126,24844,1533,689,131475,9603,1564,689,990.2,298.7
D,NBXX,2441,1.934e-5,2.025e-5,1.966e-5,2.711e-6,2.640e-6,2.303e-6
Y,135845,990.2,298.7,295.6,23.2,12.7,6.1,0,0000
T,2017,04,07,14,52,38
B,169905,11127,138,690,97172,4327,144,689,990.3,298.6
G,450576,18792,148,690,256243,5713,111,689,990.3,298.6
R,233628,17859,1578,690,132350,8564,1497,689,990.3,298.6
D,NBXX,2381,9.788e-6,8.716e-6,7.730e-6,1.250e-6,1.139e-6,5.508e-7
Y,135502,990.3,298.6,295.5,23.3,12.7,6.1,0,0000
T,2017,04,07,14,53,38
B,165811,10346,102,689,95851,4475,134,690,990.4,298.6
G,447173,17197,111,689,253171,5672,127,690,990.4,298.6
R,230636,15970,1513,689,131758,8970,1528,690,990.4,298.6
D,NBXX,2321,8.048e-6,6.743e-6,4.902e-6,2.313e-6,1.151e-6,1.383e-6
Y,134672,990.4,298.6,295.4,23.3,12.6,6.0,0,0000
T,2017,04,07,14,54,38
B,164781,10689,137,690,94637,4376,141,689,990.3,298.6
G,441693,17977,155,690,249040,5604,115,689,990.3,298.6
R,228042,17322,1523,690,129752,8741,1522,689,990.3,298.6
D,NBXX,2261,9.386e-6,8.070e-6,7.456e-6,1.904e-6,1.119e-6,1.122e-6
Y,132824,990.3,298.6,295.4,23.3,12.6,6.0,0,0000
T,2017,04,07,14,55,38
B,164749,10294,112,689,95071,4097,125,690,990.3,298.5
G,442528,17126,114,689,251823,5621,129,690,990.3,298.5
R,228946,15941,1529,689,129456,8605,1483,690,990.3,298.5
D,NBXX,2201,8.091e-6,6.881e-6,5.067e-6,9.956e-7,1.150e-6,8.848e-7
Y,133269,990.3,298.5,295.3,23.5,12.6,6.0,0,0000
T,2017,04,07,14,56,38
B,166154,9950,128,690,94834,4193,110,689,990.3,298.6
G,442956,15787,127,690,250351,5517,126,689,990.3,298.6
R,228697,15180,1470,690,129038,8591,1499,689,990.3,298.6
D,NBXX,2141,6.489e-6,4.978e-6,3.860e-6,1.270e-6,1.004e-6,9.901e-7
Y,133205,990.3,298.6,295.3,23.5,12.6,6.0,0,0000
T,2017,04,07,14,57,38
B,165198,13818,168,689,94869,4727,149,690,990.4,298.6
G,442997,28516,133,689,251814,6953,141,690,990.4,298.6
R,229205,26432,1531,689,129961,9679,1469,690,990.4,298.6
D,NBXX,2081,2.081e-5,2.266e-5,2.303e-5,2.961e-6,2.944e-6,2.735e-6
Y,133411,990.4,298.6,295.3,23.5,12.6,6.0,0,0000
T,2017,04,07,14,58,38
B,165736,10743,115,690,94548,4351,122,689,990.3,298.5
G,445372,18003,122,690,253185,5720,118,689,990.3,298.5
R,229613,17039,1519,690,129171,8561,1451,689,990.3,298.5
D,NBXX,2021,9.538e-6,7.950e-6,6.956e-6,1.900e-6,1.266e-6,9.013e-7
Y,133933,990.3,298.5,295.2,23.2,12.6,6.0,0,0000
T,2017,04,07,14,59,38
B,164924,10578,110,689,95690,4246,100,690,990.3,298.5
G,444165,17729,106,689,253025,5689,128,690,990.3,298.5
R,229667,16731,1456,689,129966,8671,1452,690,990.3,298.5
D,NBXX,1961,9.230e-6,7.646e-6,6.554e-6,1.654e-6,1.231e-6,1.175e-6
Y,133764,990.3,298.5,295.2,23.7,12.6,6.0,0,0000
T,2017,04,07,15,00,38
B,165336,10073,115,689,95394,4232,109,689,990.4,298.5
G,447946,16030,101,689,252554,5368,136,689,990.4,298.5
R,229446,14875,1567,689,129051,8303,1493,689,990.4,298.5
D,NBXX,1901,7.187e-6,5.097e-6,3.097e-6,1.526e-6,7.324e-7,2.707e-7
Y,134905,990.4,298.5,295.2,24.0,12.6,6.0,0,0000
T,2017,04,07,15,01,38
B,165343,10238,127,690,95254,4114,114,689,990.3,298.5
G,446299,16790,110,690,254064,5495,119,689,990.3,298.5
R,229593,16010,1614,690,130572,8592,1488,689,990.3,298.5
D,NBXX,1841,7.728e-6,6.240e-6,4.939e-6,1.033e-6,9.575e-7,6.933e-7
Y,134213,990.3,298.5,295.1,23.7,12.6,6.0,0,0000
T,2017,04,07,15,02,38
B,165349,11629,122,689,95428,4468,115,690,990.3,298.5
G,447173,21105,115,689,254182,5976,125,690,990.3,298.5
R,229551,19794,1437,689,130196,9134,1415,690,990.3,298.5
D,NBXX,1781,1.293e-5,1.213e-5,1.191e-5,2.327e-6,1.566e-6,2.081e-6
Y,134672,990.3,298.5,295.1,23.2,12.6,6.0,0,0000
T,2017,04,07,15,03,38
B,164711,13572,91,690,95193,4566,114,689,990.3,298.5
G,448148,26671,119,690,253299,6666,129,689,990.3,298.5
R,229980,24370,1439,690,129600,9461,1395,689,990.3,298.5
D,NBXX,1721,2.052e-5,1.971e-5,1.969e-5,2.941e-6,2.511e-6,2.694e-6
Y,134770,990.3,298.5,295.1,23.3,12.6,6.0,0,0000
T,2017,04,07,15,04,38
B,165645,10756,97,689,95600,4262,89,690,990.4,298.5
G,447746,18195,118,689,253243,5815,114,690,990.4,298.5
R,229071,16987,1419,689,129670,8490,1421,690,990.4,298.5
D,NBXX,1661,9.827e-6,8.097e-6,7.186e-6,1.752e-6,1.347e-6,1.024e-6
Y,134845,990.4,298.5,295.1,23.5,12.6,6.0,0,0000
T,2017,04,07,15,05,38
B,166142,10086,101,690,95795,4099,128,689,990.3,298.5
G,447710,15981,143,690,253747,5332,126,689,990.3,298.5
R,230612,14870,1415,690,129773,8051,1409,689,990.3,298.5
D,NBXX,1601,7.035e-6,4.990e-6,3.448e-6,9.602e-7,6.456e-7,2.823e-7
Y,134638,990.3,298.5,295.0,23.0,12.6,6.0,0,0000
T,2017,04,07,15,06,38
B,165706,11555,112,689,94935,4451,112,690,990.3,298.5
G,450311,20726,121,689,254837,6061,148,690,990.3,298.5
R,230491,19017,1355,689,129280,8722,1354,690,990.3,298.5
D,NBXX,1541,1.262e-5,1.136e-5,1.075e-5,2.286e-6,1.581e-6,1.622e-6
Y,135619,990.3,298.5,295.0,23.2,12.6,6.0,0,0000
T,2017,04,07,15,07,38
B,166109,10099,104,690,95608,4233,101,689,990.4,298.5
G,449886,16086,127,690,254928,5521,106,689,990.4,298.5
R,230469,14595,1340,690,130190,8100,1397,689,990.4,298.5
D,NBXX,1481,7.193e-6,5.086e-6,3.163e-6,1.565e-6,9.290e-7,5.428e-7
Y,135294,990.4,298.5,295.0,23.7,12.6,6.0,0,0000
T,2017,04,07,15,08,38
B,166125,10189,131,689,95411,4280,113,690,990.4,298.5
G,449977,15791,120,689,255722,5617,141,690,990.4,298.5
R,229950,14676,1370,689,129841,8293,1278,690,990.4,298.5
D,NBXX,1421,7.359e-6,4.633e-6,3.527e-6,1.526e-6,9.929e-7,1.034e-6
Y,135519,990.4,298.5,295.2,24.3,12.6,6.0,0,0000
T,2017,04,07,15,09,38
B,165985,10775,117,690,95324,4257,134,689,990.3,298.6
G,450436,18125,129,690,254841,5628,120,689,990.3,298.6
R,230299,16475,1285,690,129652,8228,1352,689,990.3,298.6
D,NBXX,1361,9.539e-6,7.826e-6,6.577e-6,1.467e-6,1.041e-6,9.652e-7
Y,135460,990.3,298.6,295.3,24.3,12.6,6.0,0,0000
T,2017,04,07,15,10,38
B,166220,10126,162,689,95515,4286,189,689,990.3,298.7
G,450759,15905,150,689,255471,5346,109,689,990.3,298.7
R,229687,14586,1327,689,129352,8024,1310,689,990.3,298.7
D,NBXX,1301,6.675e-6,4.755e-6,3.414e-6,1.115e-6,6.234e-7,6.236e-7
Y,135755,990.3,298.7,295.3,24.0,12.6,6.0,0,0000
T,2017,04,07,15,11,38
B,165733,10298,151,689,95797,4362,146,690,990.3,298.7
G,450804,17308,116,689,255335,5548,115,690,990.3,298.7
R,229832,15885,1299,689,129955,8247,1270,690,990.3,298.7
D,NBXX,1241,7.654e-6,6.717e-6,5.757e-6,1.651e-6,9.329e-7,1.116e-6
Y,135768,990.3,298.7,295.4,24.2,12.6,6.0,0,0000
T,2017,04,07,15,12,38
B,166687,10131,121,690,96119,4241,117,689,990.4,298.7
G,451939,15722,116,690,254715,5584,112,689,990.4,298.7
R,229706,14752,1309,690,129843,8088,1339,689,990.4,298.7
D,NBXX,1181,7.071e-6,4.498e-6,3.671e-6,1.415e-6,9.902e-7,7.267e-7
Y,135913,990.4,298.7,295.4,23.5,12.6,6.0,0,0000
T,2017,04,07,15,13,38
B,166231,11163,101,689,95386,4433,109,690,990.4,298.7
G,452442,19670,122,689,255803,6001,109,690,990.4,298.7
R,230266,17811,1315,689,130624,8557,1337,690,990.4,298.7
D,NBXX,1121,1.112e-5,9.852e-6,8.835e-6,2.244e-6,1.523e-6,1.463e-6
Y,136263,990.4,298.7,295.4,23.5,12.6,6.0,0,0000
T,2017,04,07,15,14,38
B,166541,9982,110,690,96167,4199,111,689,990.4,298.7
G,453159,15890,125,690,255120,5330,125,689,990.4,298.7
R,229901,14587,1334,690,129656,8109,1305,689,990.4,298.7
D,NBXX,1061,6.623e-6,4.636e-6,3.390e-6,1.345e-6,5.895e-7,7.731e-7
Y,136281,990.4,298.7,295.3,22.8,12.6,6.0,0,0000
T,2017,04,07,15,15,38
B,166887,10480,106,689,96080,4118,120,690,990.3,298.7
G,452124,17293,120,689,257573,5666,138,690,990.3,298.7
R,229534,15536,1333,689,130545,8165,1281,690,990.3,298.7
D,NBXX,1001,8.371e-6,6.586e-6,5.100e-6,9.508e-7,1.029e-6,8.994e-7
Y,136167,990.3,298.7,295.2,22.5,12.6,6.1,0,0000
T,2017,04,07,15,16,38
B,166911,10317,105,690,96024,4153,130,689,990.3,298.7
G,453578,16423,122,690,256540,5667,140,689,990.3,298.7
R,229992,14398,1256,690,129601,8072,1304,689,990.3,298.7
D,NBXX,941,7.723e-6,5.322e-6,3.215e-6,1.082e-6,1.023e-6,8.628e-7
Y,136408,990.3,298.7,295.2,22.7,12.6,6.1,0,0000
T,2017,04,07,15,17,38
B,165677,12911,103,689,96020,4547,106,690,990.2,298.8
G,453922,24780,116,689,255787,6408,116,690,990.2,298.8
R,230290,22471,1343,689,130420,8767,1338,690,990.2,298.8
D,NBXX,881,1.777e-5,1.670e-5,1.671e-5,2.724e-6,2.048e-6,1.762e-6
Y,136710,990.2,298.8,295.2,23.0,12.6,6.0,0,0000
T,2017,04,07,15,18,38
B,167007,13728,135,690,95653,4573,100,689,990.1,298.6
G,452710,27599,126,690,257057,6712,107,689,990.1,298.6
R,229753,24903,1238,690,130662,9034,1269,689,990.1,298.6
D,NBXX,821,2.028e-5,2.063e-5,2.127e-5,2.615e-6,2.508e-6,2.622e-6
Y,136146,990.1,298.6,295.2,22.8,12.6,6.1,0,0000
T,2017,04,07,15,19,38
B,166796,10453,109,689,95868,4233,103,690,990.1,299.0
G,454170,16978,132,689,257820,5620,135,690,990.1,299.0
R,230382,15513,1315,689,130034,8237,1250,690,990.1,299.0
D,NBXX,761,8.378e-6,6.039e-6,5.078e-6,1.457e-6,9.201e-7,1.086e-6
Y,136785,990.1,299.0,295.1,22.8,12.6,6.0,0,0000
T,2017,04,07,15,20,38
B,166026,10504,105,689,96451,4264,112,689,990.2,298.7
G,452365,17702,119,689,255580,5766,117,689,990.2,298.7
R,230093,16012,1245,689,129892,8243,1344,689,990.2,298.7
D,NBXX,701,8.694e-6,7.166e-6,5.905e-6,1.627e-6,1.207e-6,1.076e-6
Y,136240,990.2,298.7,295.2,23.0,12.6,6.1,0,0000
T,2017,04,07,15,21,38
B,166901,12755,114,690,95682,4448,110,689,990.1,298.6
G,454237,24541,131,690,257753,6609,110,689,990.1,298.6
R,230568,22266,1259,690,130798,8656,1313,689,990.1,298.6
D,NBXX,641,1.676e-5,1.634e-5,1.653e-5,2.209e-6,2.326e-6,1.812e-6
Y,136606,990.1,298.6,295.2,22.8,12.6,6.1,0,0000
T,2017,04,07,15,22,38
B,167369,9931,97,689,96221,4312,108,690,990.1,298.6
G,452002,16025,116,689,257493,5575,98,690,990.1,298.6
R,230584,14398,1275,689,130448,8143,1256,690,990.1,298.6
D,NBXX,581,6.298e-6,4.931e-6,3.228e-6,1.700e-6,9.775e-7,9.857e-7
Y,136130,990.1,298.6,295.2,23.2,12.6,6.0,0,0000
T,2017,04,07,15,23,38
B,166445,10046,98,690,96193,4226,104,689,990.1,298.9
G,454360,16222,107,690,256868,5661,113,689,990.1,298.9
R,229498,14447,1284,690,129847,8030,1295,689,990.1,298.9
D,NBXX,521,6.963e-6,5.077e-6,3.303e-6,1.536e-6,1.068e-6,7.720e-7
Y,136643,990.1,298.9,295.3,23.5,12.6,6.1,0,0000
T,2017,04,07,15,24,38
B,166824,13509,98,689,96654,4785,114,690,990.2,298.8
G,454368,28086,116,689,258862,6941,139,690,990.2,298.8
R,230371,24924,1279,689,130174,9072,1327,690,990.2,298.8
D,NBXX,461,1.965e-5,2.112e-5,2.102e-5,3.481e-6,2.726e-6,2.425e-6
Y,136845,990.2,298.8,295.4,23.8,12.6,6.0,0,0000
T,2017,04,07,15,25,38
B,166115,10321,105,690,96245,4261,123,689,990.2,298.8
G,456669,16977,104,690,258863,5592,76,689,990.2,298.8
R,231776,15534,1292,690,130634,8200,1220,689,990.2,298.8
D,NBXX,401,7.946e-6,6.049e-6,5.081e-6,1.583e-6,1.000e-6,1.106e-6
Y,137340,990.2,298.8,295.3,23.3,12.6,6.0,0,0000
T,2017,04,07,15,26,38
B,166962,10414,103,689,95760,4312,92,690,990.2,298.9
G,453847,18216,106,689,257674,5904,151,690,990.2,298.9
R,230807,16365,1373,689,130788,8193,1276,690,990.2,298.9
D,NBXX,341,8.241e-6,7.754e-6,6.323e-6,1.793e-6,1.326e-6,8.296e-7
Y,136687,990.2,298.9,295.3,22.7,12.6,6.1,0,0000
T,2017,04,07,15,27,38
B,166797,13436,120,690,96231,4471,102,689,990.0,298.7
G,453827,26472,111,690,257801,6580,141,689,990.0,298.7
R,231042,23827,1243,690,130283,9022,1250,689,990.0,298.7
D,NBXX,281,1.934e-5,1.898e-5,1.926e-5,2.327e-6,2.277e-6,2.570e-6
Y,136483,990.0,298.7,295.3,22.7,12.6,6.1,0,0000
T,2017,04,07,15,28,38
B,167013,10994,99,689,96180,4349,108,690,990.1,298.7
G,456774,19204,117,689,258547,5927,126,690,990.1,298.7
R,229558,17041,1261,689,130370,8273,1300,690,990.1,298.7
D,NBXX,221,1.032e-5,8.953e-6,7.775e-6,1.874e-6,1.330e-6,1.187e-6
Y,137571,990.1,298.7,295.2,22.5,12.6,6.1,0,0000
T,2017,04,07,15,29,38
B,166432,9942,89,689,95884,4080,125,689,990.1,298.7
G,455536,16386,132,689,257928,5571,111,689,990.1,298.7
R,229932,14810,1281,689,130161,8079,1260,689,990.1,298.7
D,NBXX,161,6.529e-6,5.207e-6,3.964e-6,9.218e-7,8.807e-7,8.983e-7
Y,137197,990.1,298.7,295.2,22.5,12.6,6.0,0,0000
T,2017,04,07,15,30,38
B,166994,10784,111,690,95592,4393,96,689,990.1,298.7
G,455927,19227,95,690,257530,5888,115,689,990.1,298.7
R,229112,16834,1352,690,130270,8442,1294,689,990.1,298.7
D,NBXX,101,9.550e-6,9.083e-6,7.293e-6,2.084e-6,1.366e-6,1.360e-6
Y,137116,990.1,298.7,295.3,22.8,12.6,6.0,0,0000
